Spectral Clustering on Graphs
Adriano Mundo & Edoardo Realini
KTH Royal Institute of Technology - 2020

Running clustering algorithm with parameters:
Number of clusters:  10
Sigma:  1
Number of Top k Eigenvectors:  10

---------------------------------------------------------------------------------------------
Computing data from file:  ../data/example1.dat
Reading graph from file ../data/example1.dat with 241 nodes.

Labels:
array([5, 5, 5, 5, 9, 5, 0, 5, 9, 2, 4, 5, 2, 5, 2, 4, 2, 2, 2, 7, 7, 2,
       7, 4, 7, 4, 2, 5, 2, 5, 4, 4, 4, 4, 9, 5, 2, 5, 9, 2, 5, 5, 5, 9,
       4, 4, 5, 4, 9, 9, 9, 9, 4, 2, 0, 5, 4, 5, 4, 2, 0, 2, 4, 5, 2, 5,
       9, 5, 4, 5, 2, 5, 4, 4, 9, 5, 9, 4, 0, 2, 9, 5, 2, 0, 5, 5, 5, 0,
       5, 9, 5, 4, 9, 5, 7, 2, 5, 7, 5, 4, 0, 2, 5, 4, 4, 4, 0, 5, 0, 5,
       2, 7, 4, 0, 2, 9, 7, 6, 1, 6, 1, 6, 6, 6, 6, 6, 6, 1, 1, 1, 6, 1,
       1, 1, 6, 6, 6, 6, 1, 6, 1, 6, 6, 1, 1, 1, 1, 1, 1, 1, 6, 1, 1, 1,
       1, 1, 1, 6, 6, 6, 6, 6, 1, 1, 1, 5, 7, 8, 5, 5, 8, 8, 5, 5, 5, 5,
       8, 7, 8, 7, 7, 5, 5, 5, 5, 5, 5, 5, 5, 8, 5, 5, 5, 8, 5, 8, 8, 5,
       8, 8, 5, 5, 8, 5, 8, 5, 3, 3, 3, 3, 3, 0, 5, 3, 3, 5, 5, 3, 5, 3,
       5, 0, 3, 5, 3, 3, 3, 3, 3, 3, 3, 3, 3, 3, 3, 3, 3, 3, 3, 3, 0],
      dtype=int32)

Clusters: 
{   0: [7, 55, 61, 79, 84, 88, 101, 107, 109, 114, 212, 222, 241],
    1: [   119,
           121,
           128,
           129,
           130,
           132,
           133,
           134,
           139,
           141,
           144,
           145,
           146,
           147,
           148,
           149,
           150,
           152,
           153,
           154,
           155,
           156,
           157,
           163,
           164,
           165],
    2: [   10,
           13,
           15,
           17,
           18,
           19,
           22,
           27,
           29,
           37,
           40,
           54,
           60,
           62,
           65,
           71,
           80,
           83,
           96,
           102,
           111,
           115],
    3: [   207,
           208,
           209,
           210,
           211,
           214,
           215,
           218,
           220,
           223,
           225,
           226,
           227,
           228,
           229,
           230,
           231,
           232,
           233,
           234,
           235,
           236,
           237,
           238,
           239,
           240],
    4: [   11,
           16,
           24,
           26,
           31,
           32,
           33,
           34,
           45,
           46,
           48,
           53,
           57,
           59,
           63,
           69,
           73,
           74,
           78,
           92,
           100,
           104,
           105,
           106,
           113],
    5: [   1,
           2,
           3,
           4,
           6,
           8,
           12,
           14,
           28,
           30,
           36,
           38,
           41,
           42,
           43,
           47,
           56,
           58,
           64,
           66,
           68,
           70,
           72,
           76,
           82,
           85,
           86,
           87,
           89,
           91,
           94,
           97,
           99,
           103,
           108,
           110,
           166,
           169,
           170,
           173,
           174,
           175,
           176,
           182,
           183,
           184,
           185,
           186,
           187,
           188,
           189,
           191,
           192,
           193,
           195,
           198,
           201,
           202,
           204,
           206,
           213,
           216,
           217,
           219,
           221,
           224],
    6: [   118,
           120,
           122,
           123,
           124,
           125,
           126,
           127,
           131,
           135,
           136,
           137,
           138,
           140,
           142,
           143,
           151,
           158,
           159,
           160,
           161,
           162],
    7: [20, 21, 23, 25, 95, 98, 112, 117, 167, 178, 180, 181],
    8: [168, 171, 172, 177, 179, 190, 194, 196, 197, 199, 200, 203, 205],
    9: [5, 9, 35, 39, 44, 49, 50, 51, 52, 67, 75, 77, 81, 90, 93, 116]}

---------------------------------------------------------------------------------------------
Computing data from file:  ../data/example2.dat
Reading graph from file ../data/example2.dat with 100 nodes.

Labels:
array([1, 9, 2, 8, 0, 7, 0, 8, 0, 0, 4, 7, 0, 4, 2, 5, 4, 6, 1, 3, 1, 7,
       0, 1, 6, 2, 1, 6, 3, 5, 4, 2, 3, 6, 2, 0, 8, 5, 1, 7, 2, 3, 8, 8,
       2, 3, 8, 9, 6, 3, 3, 4, 3, 2, 7, 8, 0, 7, 3, 1, 4, 6, 8, 8, 7, 7,
       7, 2, 5, 1, 5, 6, 1, 9, 8, 4, 1, 8, 8, 2, 7, 3, 3, 5, 5, 8, 4, 7,
       4, 0, 7, 6, 5, 3, 0, 9, 2, 9, 1, 0], dtype=int32)

Clusters: 
{   0: [5, 7, 9, 10, 13, 23, 36, 57, 90, 95, 100],
    1: [1, 19, 21, 24, 27, 39, 60, 70, 73, 77, 99],
    2: [3, 15, 26, 32, 35, 41, 45, 54, 68, 80, 97],
    3: [20, 29, 33, 42, 46, 50, 51, 53, 59, 82, 83, 94],
    4: [11, 14, 17, 31, 52, 61, 76, 87, 89],
    5: [16, 30, 38, 69, 71, 84, 85, 93],
    6: [18, 25, 28, 34, 49, 62, 72, 92],
    7: [6, 12, 22, 40, 55, 58, 65, 66, 67, 81, 88, 91],
    8: [4, 8, 37, 43, 44, 47, 56, 63, 64, 75, 78, 79, 86],
    9: [2, 48, 74, 96, 98]}
