# Migration is number of nodes that have changed color.

Round		Edge-Cut		Swaps		Migrations		Skipped
0		8848		4719		2984
1		8082		9437		3010
2		7562		14156		3035
3		7173		18872		3103
4		6843		23585		3078
5		6643		28297		3093
6		6418		33011		3138
7		6234		37728		3121
8		6028		42444		3126
9		5940		47162		3117
10		5823		51875		3128
11		5717		56592		3141
12		5633		61300		3141
13		5596		66013		3139
14		5436		70726		3122
15		5363		75437		3116
16		5322		80149		3106
17		5208		84861		3120
18		5150		89576		3118
19		5066		94292		3109
20		5033		99005		3133
21		5027		103717		3154
22		4991		108433		3133
23		4901		113146		3147
24		4873		117857		3134
25		4835		122573		3133
26		4787		127287		3154
27		4775		132003		3152
28		4780		136716		3153
29		4769		141428		3151
30		4752		146138		3144
31		4730		150853		3152
32		4651		155569		3143
33		4625		160281		3131
34		4612		164998		3124
35		4583		169713		3144
36		4582		174425		3146
37		4584		179136		3154
38		4547		183843		3161
39		4481		188558		3175
40		4507		193270		3179
41		4477		197985		3167
42		4449		202695		3162
43		4424		207410		3188
44		4387		212125		3205
45		4365		216842		3197
46		4379		221555		3196
47		4332		226269		3209
48		4309		230984		3188
49		4283		235698		3186
50		4258		240411		3174
51		4238		245120		3175
52		4233		249836		3180
53		4248		254551		3178
54		4215		259264		3176
55		4195		263976		3187
56		4196		268685		3175
57		4199		273400		3179
58		4166		278116		3170
59		4150		282831		3198
60		4141		287547		3202
61		4158		292258		3190
62		4130		296964		3200
63		4118		301677		3204
64		4127		306390		3185
65		4111		311102		3190
66		4105		315817		3172
67		4078		320535		3181
68		4073		325252		3178
69		4058		329963		3183
70		4057		334678		3173
71		4052		339389		3181
72		4009		344097		3181
73		4031		348807		3184
74		4009		353525		3180
75		3999		358239		3169
76		4019		362954		3182
77		3996		367666		3177
78		3995		372382		3173
79		3991		377094		3198
80		4001		381807		3170
81		4004		386520		3190
82		4006		391230		3169
83		3973		395941		3172
84		3965		400653		3200
85		3946		405364		3177
86		3935		410076		3193
87		3935		414782		3198
88		3907		419496		3182
89		3911		424204		3179
90		3871		428921		3169
91		3862		433639		3183
92		3887		438356		3173
93		3882		443069		3176
94		3893		447777		3196
95		3875		452492		3184
96		3908		457205		3179
97		3885		461919		3175
98		3874		466633		3170
99		3862		471346		3180
100		3813		476056		3176
101		3811		480767		3184
102		3798		485484		3194
103		3805		490195		3193
104		3796		494905		3191
105		3801		499616		3191
106		3786		504331		3202
107		3799		509042		3206
108		3778		513757		3181
109		3792		518466		3176
110		3800		523173		3194
111		3774		527889		3184
112		3768		532601		3174
113		3780		537314		3202
114		3773		542025		3194
115		3750		546739		3179
116		3743		551454		3179
117		3740		556169		3188
118		3739		560884		3176
119		3719		565597		3211
120		3698		570310		3192
121		3690		575025		3188
122		3700		579732		3197
123		3727		584448		3195
124		3683		589159		3201
125		3660		593871		3200
126		3683		598584		3201
127		3654		603298		3191
128		3655		608012		3179
129		3636		612725		3194
130		3654		617439		3192
131		3626		622156		3201
132		3613		626868		3217
133		3616		631586		3203
134		3588		636303		3208
135		3601		641018		3197
136		3606		645733		3194
137		3581		650445		3193
138		3570		655158		3188
139		3544		659871		3175
140		3535		664588		3194
141		3544		669301		3196
142		3548		674012		3189
143		3566		678726		3195
144		3538		683438		3178
145		3552		688154		3193
146		3523		692869		3197
147		3532		697585		3172
148		3513		702299		3188
149		3509		707013		3182
150		3509		711728		3187
151		3509		716441		3190
152		3519		721159		3181
153		3484		725872		3190
154		3508		730584		3195
155		3517		735298		3203
156		3484		740011		3204
157		3501		744723		3201
158		3489		749440		3214
159		3501		754156		3223
160		3468		758869		3206
161		3468		763586		3195
162		3473		768296		3197
163		3459		773008		3194
164		3477		777719		3199
165		3489		782434		3203
166		3454		787152		3216
167		3442		791865		3196
168		3467		796581		3212
169		3446		801297		3196
170		3438		806003		3206
171		3425		810718		3189
172		3414		815434		3207
173		3420		820149		3203
174		3398		824860		3218
175		3381		829574		3223
176		3389		834285		3222
177		3385		838999		3216
178		3396		843711		3220
179		3349		848425		3214
180		3372		853141		3214
181		3380		857853		3218
182		3367		862566		3223
183		3391		867279		3235
184		3382		871994		3230
185		3390		876706		3240
186		3397		881417		3233
187		3378		886133		3221
188		3400		890851		3224
189		3378		895566		3241
190		3367		900276		3229
191		3352		904988		3234
192		3364		909703		3217
193		3372		914417		3219
194		3369		919130		3215
195		3372		923847		3215
196		3365		928563		3209
197		3372		933280		3213
198		3369		937996		3211
199		3355		942705		3225
200		3341		947421		3232
201		3351		952137		3223
202		3341		956854		3237
203		3348		961565		3234
204		3326		966279		3247
205		3328		970990		3217
206		3339		975704		3212
207		3313		980420		3223
208		3314		985133		3218
209		3339		989846		3212
210		3329		994560		3223
211		3328		999276		3213
212		3320		1003993		3219
213		3326		1008705		3223
214		3307		1013422		3224
215		3313		1018139		3231
216		3320		1022852		3220
217		3308		1027566		3208
218		3292		1032277		3197
219		3284		1036990		3207
220		3288		1041708		3202
221		3294		1046419		3207
222		3283		1051133		3225
223		3294		1055846		3225
224		3292		1060562		3226
225		3305		1065281		3226
226		3299		1069993		3230
227		3301		1074708		3235
228		3283		1079422		3216
229		3317		1084136		3219
230		3284		1088850		3224
231		3317		1093563		3229
232		3289		1098275		3240
233		3296		1102989		3231
234		3314		1107706		3245
235		3305		1112422		3224
236		3316		1117134		3227
237		3320		1121849		3237
238		3307		1126569		3231
239		3274		1131281		3224
240		3279		1135993		3220
241		3270		1140705		3217
242		3282		1145417		3215
243		3288		1150132		3202
244		3307		1154847		3215
245		3302		1159562		3229
246		3321		1164278		3227
247		3309		1168993		3230
248		3309		1173708		3245
249		3295		1178425		3220
250		3282		1183139		3222
251		3276		1187856		3217
252		3275		1192573		3242
253		3267		1197287		3236
254		3274		1202000		3219
255		3272		1206714		3229
256		3259		1211427		3220
257		3246		1216141		3227
258		3230		1220855		3230
259		3236		1225572		3234
260		3229		1230287		3228
261		3216		1235001		3231
262		3237		1239714		3234
263		3243		1244427		3229
264		3240		1249140		3222
265		3234		1253853		3229
266		3242		1258566		3233
267		3223		1263281		3233
268		3233		1267995		3213
269		3236		1272710		3228
270		3225		1277422		3234
271		3237		1282135		3228
272		3243		1286847		3219
273		3247		1291563		3221
274		3249		1296276		3235
275		3220		1300989		3223
276		3210		1305699		3223
277		3213		1310413		3231
278		3208		1315126		3232
279		3207		1319842		3239
280		3214		1324560		3243
281		3219		1329272		3227
282		3207		1333986		3259
283		3215		1338703		3226
284		3221		1343421		3238
285		3207		1348136		3248
286		3201		1352850		3244
287		3207		1357560		3252
288		3193		1362271		3263
289		3203		1366989		3249
290		3196		1371702		3248
291		3189		1376414		3244
292		3211		1381128		3228
293		3201		1385843		3234
294		3198		1390560		3227
295		3194		1395271		3239
296		3165		1399986		3243
297		3159		1404702		3231
298		3180		1409419		3251
299		3177		1414134		3251
300		3159		1418852		3255
301		3184		1423566		3244
302		3175		1428283		3254
303		3155		1432999		3250
304		3183		1437713		3254
305		3169		1442427		3245
306		3177		1447143		3253
307		3186		1451862		3247
308		3156		1456575		3249
309		3170		1461288		3238
310		3187		1466006		3234
311		3136		1470718		3240
312		3153		1475426		3252
313		3163		1480140		3255
314		3166		1484855		3253
315		3153		1489568		3258
316		3152		1494283		3250
317		3156		1498994		3241
318		3156		1503706		3243
319		3131		1508420		3251
320		3134		1513135		3259
321		3171		1517848		3250
322		3170		1522562		3251
323		3131		1527277		3258
324		3126		1531993		3258
325		3129		1536707		3251
326		3128		1541422		3254
327		3145		1546137		3271
328		3133		1550852		3260
329		3140		1555568		3252
330		3150		1560283		3251
331		3134		1564998		3260
332		3144		1569713		3259
333		3166		1574424		3264
334		3177		1579136		3271
335		3157		1583852		3263
336		3142		1588562		3265
337		3144		1593276		3273
338		3144		1597990		3280
339		3151		1602706		3277
340		3161		1607420		3270
341		3171		1612134		3280
342		3171		1616846		3274
343		3172		1621560		3275
344		3157		1626277		3277
345		3144		1630991		3288
346		3159		1635709		3270
347		3143		1640427		3280
348		3142		1645144		3277
349		3137		1649858		3270
350		3136		1654570		3266
351		3121		1659288		3276
352		3132		1664005		3283
353		3139		1668718		3281
354		3137		1673435		3270
355		3158		1678149		3273
356		3136		1682865		3265
357		3134		1687580		3282
358		3136		1692293		3290
359		3132		1697008		3277
360		3105		1701723		3273
361		3113		1706440		3281
362		3129		1711151		3284
363		3111		1715863		3264
364		3103		1720582		3269
365		3119		1725293		3267
366		3115		1730009		3282
367		3135		1734724		3278
368		3102		1739438		3278
369		3093		1744154		3272
370		3104		1748864		3279
371		3118		1753579		3282
372		3098		1758295		3265
373		3133		1763011		3267
374		3111		1767727		3265
375		3103		1772442		3286
376		3106		1777158		3278
377		3098		1781875		3268
378		3094		1786588		3257
379		3107		1791300		3280
380		3131		1796011		3276
381		3092		1800725		3272
382		3088		1805441		3265
383		3083		1810155		3276
384		3078		1814870		3266
385		3078		1819583		3265
386		3074		1824297		3271
387		3083		1829013		3250
388		3081		1833727		3247
389		3078		1838441		3263
390		3087		1843149		3272
391		3092		1847861		3265
392		3105		1852574		3249
393		3087		1857288		3256
394		3079		1862001		3252
395		3080		1866715		3260
396		3084		1871433		3270
397		3102		1876148		3261
398		3103		1880865		3276
399		3118		1885580		3261
400		3126		1890290		3261
401		3097		1895006		3245
402		3089		1899720		3263
403		3069		1904439		3267
404		3115		1909151		3278
405		3117		1913868		3269
406		3116		1918584		3271
407		3085		1923300		3255
408		3087		1928017		3247
409		3078		1932732		3257
410		3108		1937443		3257
411		3102		1942151		3251
412		3107		1946865		3277
413		3130		1951579		3265
414		3115		1956294		3255
415		3107		1961009		3270
416		3096		1965727		3271
417		3090		1970443		3273
418		3088		1975158		3268
419		3096		1979866		3266
420		3094		1984579		3264
421		3069		1989296		3268
422		3087		1994014		3256
423		3064		1998726		3270
424		3057		2003442		3264
425		3074		2008154		3257
426		3044		2012868		3261
427		3057		2017581		3257
428		3083		2022300		3259
429		3080		2027019		3248
430		3056		2031737		3263
431		3074		2036453		3265
432		3054		2041165		3257
433		3062		2045877		3264
434		3067		2050590		3253
435		3069		2055305		3248
436		3076		2060021		3264
437		3052		2064738		3252
438		3051		2069455		3270
439		3038		2074171		3257
440		3062		2078888		3253
441		3043		2083602		3253
442		3041		2088319		3254
443		3026		2093035		3251
444		3043		2097748		3251
445		3061		2102467		3264
446		3051		2107177		3270
447		3061		2111892		3260
448		3043		2116602		3258
449		3049		2121319		3274
450		3032		2126035		3268
451		3041		2130752		3273
452		3060		2135469		3251
453		3059		2140182		3261
454		3061		2144897		3250
455		3065		2149611		3264
456		3059		2154325		3266
457		3046		2159035		3266
458		3051		2163748		3258
459		3036		2168463		3262
460		3044		2173175		3266
461		3053		2177893		3269
462		3035		2182609		3257
463		3044		2187313		3250
464		3027		2192029		3258
465		3020		2196746		3257
466		3011		2201457		3243
467		3037		2206170		3245
468		3036		2210885		3269
469		3037		2215597		3254
470		3034		2220312		3269
471		3044		2225021		3263
472		3040		2229737		3259
473		3011		2234451		3267
474		3030		2239165		3257
475		3021		2243881		3257
476		3024		2248596		3254
477		3030		2253309		3258
478		3023		2258023		3269
479		3008		2262738		3259
480		3022		2267458		3263
481		3005		2272175		3260
482		3032		2276888		3255
483		3001		2281603		3268
484		3012		2286317		3268
485		2995		2291031		3273
486		3006		2295747		3252
487		2992		2300463		3262
488		3012		2305174		3255
489		3013		2309891		3271
490		3002		2314606		3286
491		3012		2319322		3272
492		3018		2324035		3266
493		3028		2328748		3274
494		3021		2333464		3275
495		3035		2338178		3268
496		3017		2342891		3270
497		3011		2347606		3271
498		2990		2352318		3263
499		2974		2357033		3256
500		2982		2361750		3289
501		2969		2366464		3272
502		2967		2371179		3276
503		2996		2375894		3280
504		2990		2380605		3280
505		2966		2385320		3299
506		2975		2390035		3288
507		2985		2394752		3292
508		2977		2399466		3276
509		2971		2404183		3289
510		2968		2408901		3282
511		2952		2413618		3302
512		2956		2418333		3306
513		2948		2423050		3298
514		2940		2427761		3319
515		2948		2432477		3305
516		2939		2437189		3287
517		2957		2441905		3294
518		2963		2446619		3299
519		2952		2451337		3293
520		2968		2456050		3286
521		2983		2460764		3283
522		2970		2465478		3272
523		2962		2470195		3270
524		2964		2474911		3291
525		2934		2479627		3285
526		2947		2484343		3288
527		2948		2489061		3298
528		2939		2493771		3296
529		2945		2498482		3300
530		2946		2503193		3296
531		2957		2507905		3290
532		2949		2512615		3282
533		2951		2517324		3290
534		2927		2522041		3291
535		2897		2526752		3285
536		2917		2531468		3303
537		2919		2536184		3292
538		2923		2540902		3278
539		2923		2545619		3291
540		2926		2550330		3298
541		2924		2555047		3281
542		2917		2559760		3301
543		2905		2564474		3297
544		2929		2569191		3300
545		2912		2573907		3310
546		2918		2578622		3300
547		2914		2583335		3302
548		2898		2588051		3279
549		2903		2592768		3292
550		2925		2597482		3292
551		2932		2602199		3304
552		2911		2606914		3301
553		2909		2611628		3296
554		2902		2616343		3295
555		2905		2621057		3290
556		2886		2625771		3287
557		2885		2630483		3285
558		2879		2635200		3283
559		2883		2639915		3277
560		2875		2644633		3284
561		2887		2649350		3295
562		2899		2654068		3281
563		2889		2658781		3278
564		2873		2663492		3295
565		2857		2668203		3289
566		2889		2672912		3281
567		2878		2677622		3276
568		2879		2682337		3281
569		2882		2687050		3280
570		2874		2691764		3274
571		2881		2696482		3282
572		2877		2701198		3293
573		2880		2705911		3279
574		2860		2710627		3273
575		2869		2715341		3267
576		2878		2720059		3277
577		2873		2724774		3282
578		2874		2729487		3279
579		2863		2734201		3283
580		2876		2738915		3280
581		2872		2743631		3284
582		2865		2748343		3284
583		2889		2753062		3284
584		2862		2757779		3276
585		2876		2762497		3293
586		2872		2767209		3284
587		2834		2771924		3281
588		2861		2776639		3283
589		2856		2781356		3288
590		2854		2786073		3282
591		2840		2790791		3287
592		2839		2795507		3272
593		2848		2800220		3284
594		2817		2804933		3283
595		2822		2809646		3291
596		2828		2814363		3289
597		2846		2819078		3276
598		2828		2823794		3278
599		2830		2828513		3294
600		2841		2833225		3281
601		2838		2837940		3276
602		2837		2842652		3284
603		2820		2847366		3284
604		2838		2852082		3295
605		2852		2856800		3290
606		2820		2861514		3299
607		2852		2866229		3280
608		2822		2870939		3299
609		2819		2875652		3293
610		2819		2880368		3291
611		2821		2885084		3289
612		2816		2889799		3282
613		2844		2894514		3296
614		2829		2899231		3299
615		2820		2903941		3302
616		2824		2908655		3291
617		2835		2913371		3281
618		2840		2918087		3292
619		2812		2922800		3278
620		2800		2927513		3286
621		2798		2932230		3285
622		2796		2936945		3288
623		2811		2941659		3280
624		2804		2946372		3268
625		2809		2951083		3271
626		2812		2955801		3280
627		2808		2960517		3279
628		2793		2965228		3280
629		2782		2969944		3275
630		2783		2974654		3272
631		2800		2979371		3276
632		2805		2984084		3276
633		2786		2988800		3273
634		2777		2993517		3284
635		2773		2998222		3278
636		2798		3002937		3280
637		2806		3007652		3300
638		2800		3012368		3285
639		2815		3017084		3291
640		2775		3021797		3279
641		2777		3026514		3290
642		2781		3031230		3297
643		2795		3035947		3275
644		2805		3040664		3279
645		2796		3045381		3276
646		2788		3050094		3273
647		2772		3054806		3270
648		2788		3059521		3268
649		2773		3064236		3272
650		2762		3068954		3265
651		2773		3073667		3275
652		2768		3078382		3271
653		2786		3083096		3278
654		2784		3087812		3281
655		2775		3092528		3278
656		2787		3097246		3256
657		2777		3101962		3258
658		2790		3106677		3252
659		2777		3111394		3267
660		2782		3116111		3261
661		2770		3120825		3268
662		2776		3125543		3262
663		2765		3130259		3279
664		2770		3134972		3279
665		2774		3139685		3271
666		2772		3144401		3278
667		2763		3149114		3278
668		2760		3153831		3285
669		2746		3158547		3275
670		2738		3163263		3270
671		2762		3167979		3272
672		2765		3172696		3274
673		2753		3177413		3269
674		2748		3182127		3270
675		2735		3186844		3286
676		2747		3191560		3276
677		2759		3196276		3258
678		2729		3200993		3261
679		2751		3205711		3267
680		2734		3210425		3271
681		2746		3215141		3267
682		2747		3219855		3255
683		2751		3224571		3265
684		2740		3229289		3261
685		2730		3234008		3250
686		2728		3238724		3255
687		2733		3243441		3275
688		2703		3248155		3261
689		2721		3252870		3261
690		2726		3257585		3273
691		2709		3262303		3264
692		2715		3267019		3258
693		2698		3271728		3275
694		2712		3276443		3266
695		2722		3281157		3264
696		2719		3285866		3264
697		2708		3290584		3263
698		2701		3295294		3262
699		2701		3300009		3274
700		2707		3304722		3273
701		2707		3309437		3277
702		2710		3314154		3273
703		2693		3318872		3282
704		2699		3323587		3264
705		2697		3328306		3269
706		2694		3333025		3279
707		2692		3337732		3271
708		2703		3342448		3276
709		2712		3347164		3279
710		2715		3351880		3275
711		2721		3356598		3283
712		2712		3361315		3276
713		2706		3366032		3273
714		2715		3370746		3272
715		2717		3375461		3266
716		2727		3380177		3273
717		2723		3384893		3280
718		2741		3389608		3275
719		2731		3394322		3272
720		2718		3399039		3281
721		2697		3403756		3277
722		2714		3408466		3260
723		2702		3413177		3275
724		2701		3417889		3269
725		2676		3422601		3273
726		2670		3427314		3258
727		2657		3432029		3278
728		2655		3436745		3275
729		2659		3441460		3263
730		2678		3446175		3291
731		2665		3450887		3272
732		2669		3455601		3279
733		2678		3460316		3275
734		2667		3465032		3269
735		2656		3469744		3270
736		2657		3474458		3261
737		2664		3479173		3253
738		2659		3483887		3253
739		2647		3488602		3260
740		2663		3493317		3268
741		2654		3498035		3267
742		2653		3502752		3270
743		2672		3507469		3270
744		2650		3512184		3275
745		2643		3516896		3270
746		2652		3521613		3285
747		2648		3526330		3284
748		2663		3531046		3278
749		2655		3535761		3276
750		2651		3540473		3282
751		2636		3545191		3266
752		2644		3549905		3282
753		2638		3554619		3280
754		2640		3559338		3270
755		2643		3564050		3261
756		2640		3568761		3266
757		2631		3573478		3280
758		2648		3578192		3262
759		2657		3582907		3270
760		2654		3587623		3260
761		2654		3592339		3271
762		2660		3597056		3272
763		2656		3601771		3263
764		2671		3606486		3258
765		2672		3611201		3266
766		2681		3615917		3267
767		2670		3620632		3273
768		2688		3625348		3269
769		2671		3630065		3262
770		2662		3634783		3272
771		2653		3639500		3265
772		2662		3644213		3276
773		2668		3648926		3278
774		2654		3653640		3266
775		2654		3658356		3270
776		2664		3663071		3274
777		2654		3667787		3263
778		2665		3672498		3261
779		2653		3677213		3263
780		2641		3681926		3256
781		2645		3686640		3262
782		2656		3691354		3265
783		2661		3696067		3257
784		2666		3700785		3261
785		2664		3705498		3271
786		2657		3710213		3265
787		2672		3714930		3284
788		2669		3719646		3270
789		2661		3724360		3275
790		2672		3729073		3288
791		2657		3733789		3285
792		2649		3738507		3271
793		2642		3743226		3268
794		2635		3747943		3264
795		2633		3752654		3260
796		2647		3757368		3271
797		2638		3762085		3273
798		2638		3766801		3272
799		2633		3771516		3278
800		2642		3776230		3279
801		2643		3780946		3270
802		2656		3785662		3270
803		2631		3790379		3268
804		2642		3795098		3280
805		2651		3799813		3283
806		2654		3804530		3279
807		2665		3809245		3281
808		2661		3813963		3263
809		2663		3818678		3267
810		2651		3823393		3268
811		2664		3828106		3268
812		2649		3832820		3266
813		2647		3837537		3269
814		2636		3842255		3271
815		2622		3846969		3254
816		2627		3851682		3252
817		2631		3856397		3259
818		2636		3861111		3271
819		2635		3865822		3266
820		2649		3870533		3260
821		2634		3875244		3269
822		2633		3879961		3266
823		2620		3884676		3256
824		2624		3889393		3261
825		2628		3894107		3272
826		2621		3898821		3261
827		2615		3903534		3278
828		2614		3908245		3272
829		2600		3912961		3265
830		2606		3917677		3264
831		2602		3922390		3268
832		2619		3927106		3278
833		2627		3931822		3274
834		2607		3936536		3282
835		2600		3941251		3278
836		2601		3945970		3283
837		2608		3950688		3292
838		2611		3955405		3278
839		2608		3960119		3290
840		2599		3964834		3282
841		2594		3969549		3282
842		2593		3974264		3275
843		2583		3978977		3256
844		2599		3983695		3267
845		2593		3988412		3275
846		2611		3993129		3256
847		2602		3997843		3261
848		2601		4002560		3267
849		2609		4007277		3267
850		2604		4011993		3268
851		2607		4016710		3264
852		2610		4021422		3269
853		2611		4026136		3265
854		2596		4030850		3277
855		2612		4035561		3284
856		2620		4040277		3269
857		2608		4044990		3270
858		2614		4049707		3286
859		2603		4054421		3273
860		2594		4059133		3273
861		2601		4063850		3269
862		2611		4068564		3270
863		2599		4073280		3278
864		2613		4077995		3266
865		2619		4082708		3266
866		2612		4087426		3275
867		2610		4092142		3271
868		2620		4096859		3254
869		2621		4101574		3265
870		2618		4106291		3268
871		2608		4111004		3260
872		2586		4115721		3257
873		2595		4120437		3264
874		2579		4125154		3261
875		2589		4129873		3265
876		2584		4134590		3280
877		2581		4139301		3280
878		2587		4144015		3281
879		2572		4148731		3291
880		2576		4153449		3287
881		2580		4158167		3282
882		2576		4162885		3279
883		2574		4167599		3287
884		2577		4172316		3284
885		2573		4177029		3281
886		2585		4181746		3278
887		2577		4186463		3283
888		2585		4191180		3268
889		2574		4195896		3279
890		2594		4200609		3284
891		2608		4205323		3279
892		2606		4210039		3270
893		2604		4214756		3272
894		2596		4219471		3271
895		2603		4224183		3270
896		2609		4228899		3267
897		2593		4233614		3266
898		2601		4238329		3271
899		2598		4243046		3271
900		2603		4247763		3265
901		2613		4252481		3278
902		2608		4257196		3275
903		2598		4261914		3278
904		2600		4266630		3283
905		2598		4271347		3274
906		2589		4276066		3269
907		2581		4280783		3265
908		2606		4285496		3265
909		2589		4290214		3271
910		2582		4294932		3284
911		2597		4299645		3287
912		2608		4304361		3283
913		2600		4309076		3272
914		2605		4313793		3277
915		2593		4318511		3290
916		2600		4323226		3287
917		2611		4327942		3271
918		2594		4332659		3278
919		2597		4337376		3286
920		2590		4342094		3267
921		2584		4346811		3284
922		2587		4351527		3291
923		2596		4356243		3281
924		2580		4360959		3280
925		2563		4365679		3280
926		2565		4370393		3283
927		2569		4375109		3293
928		2575		4379825		3282
929		2583		4384537		3296
930		2587		4389250		3294
931		2581		4393968		3284
932		2591		4398684		3284
933		2601		4403399		3297
934		2588		4408115		3288
935		2583		4412825		3293
936		2593		4417544		3276
937		2564		4422255		3290
938		2580		4426970		3294
939		2582		4431686		3293
940		2577		4436403		3286
941		2579		4441117		3285
942		2563		4445832		3283
943		2588		4450547		3281
944		2588		4455264		3285
945		2577		4459978		3291
946		2578		4464690		3288
947		2585		4469405		3280
948		2563		4474120		3285
949		2571		4478834		3281
950		2581		4483549		3279
951		2580		4488267		3272
952		2571		4492983		3285
953		2574		4497700		3295
954		2569		4502414		3289
955		2584		4507134		3288
956		2572		4511845		3287
957		2588		4516559		3291
958		2576		4521272		3294
959		2571		4525986		3284
960		2556		4530699		3287
961		2570		4535417		3288
962		2569		4540132		3274
963		2572		4544847		3292
964		2565		4549563		3300
965		2548		4554277		3293
966		2553		4558989		3294
967		2556		4563706		3287
968		2541		4568421		3274
969		2542		4573135		3274
970		2548		4577853		3283
971		2530		4582566		3278
972		2544		4587284		3281
973		2556		4592002		3285
974		2544		4596717		3286
975		2560		4601429		3276
976		2542		4606145		3282
977		2557		4610857		3278
978		2552		4615573		3284
979		2555		4620286		3277
980		2554		4624993		3273
981		2571		4629706		3292
982		2541		4634421		3272
983		2530		4639139		3275
984		2549		4643853		3270
985		2551		4648571		3284
986		2555		4653286		3281
987		2548		4657999		3281
988		2528		4662715		3268
989		2524		4667430		3265
990		2524		4672148		3277
991		2538		4676860		3277
992		2544		4681572		3281
993		2535		4686287		3280
994		2535		4691003		3284
995		2550		4695718		3274
996		2548		4700433		3272
997		2566		4705148		3281
998		2562		4709861		3278
999		2551		4714577		3285
1000		2545		4719296		3281
1001		2556		4724012		3276
1002		2559		4728728		3281
1003		2575		4733442		3280
1004		2561		4738157		3284
1005		2587		4742872		3278
1006		2591		4747590		3287
1007		2584		4752304		3273
1008		2584		4757018		3287
1009		2568		4761732		3278
1010		2568		4766448		3280
1011		2546		4771166		3276
1012		2541		4775883		3277
1013		2539		4780595		3272
1014		2550		4785308		3276
1015		2543		4790020		3274
1016		2543		4794735		3271
1017		2549		4799447		3280
1018		2554		4804161		3273
1019		2566		4808878		3266
1020		2551		4813594		3279
1021		2546		4818307		3280
1022		2547		4823024		3280
1023		2535		4827740		3270
1024		2533		4832458		3263
1025		2549		4837176		3263
1026		2549		4841891		3263
1027		2546		4846609		3262
1028		2546		4851326		3270
1029		2559		4856040		3261
1030		2551		4860757		3261
1031		2551		4865472		3269
1032		2549		4870191		3267
1033		2539		4874906		3267
1034		2546		4879624		3267
1035		2545		4884342		3272
1036		2536		4889055		3277
1037		2533		4893773		3285
1038		2517		4898489		3271
1039		2519		4903204		3263
1040		2501		4907921		3262
1041		2512		4912637		3264
1042		2516		4917353		3269
1043		2521		4922069		3267
1044		2515		4926785		3267
1045		2511		4931501		3268
1046		2519		4936220		3265
1047		2513		4940936		3262
1048		2516		4945653		3264
1049		2530		4950370		3260
1050		2508		4955087		3268
1051		2513		4959803		3275
1052		2528		4964519		3274
1053		2514		4969235		3272
1054		2519		4973950		3278
1055		2522		4978665		3278
1056		2515		4983383		3267
1057		2508		4988102		3274
1058		2527		4992817		3274
1059		2521		4997534		3273
1060		2543		5002250		3276
1061		2542		5006970		3270
1062		2538		5011685		3265
1063		2536		5016400		3271
1064		2538		5021116		3272
1065		2525		5025833		3274
1066		2543		5030549		3276
1067		2540		5035261		3277
1068		2547		5039978		3278
1069		2536		5044693		3269
1070		2551		5049406		3281
1071		2554		5054116		3287
1072		2561		5058831		3279
1073		2537		5063547		3278
1074		2536		5068266		3286
1075		2519		5072982		3281
1076		2518		5077697		3274
1077		2506		5082414		3275
1078		2541		5087132		3271
1079		2513		5091849		3262
1080		2529		5096563		3276
1081		2527		5101277		3274
1082		2524		5105992		3276
1083		2520		5110708		3269
1084		2520		5115423		3277
1085		2542		5120139		3268
1086		2553		5124853		3274
1087		2549		5129565		3278
1088		2549		5134279		3269
1089		2553		5138993		3270
1090		2543		5143706		3257
1091		2519		5148424		3271
1092		2524		5153139		3269
1093		2537		5157854		3265
1094		2530		5162571		3267
1095		2512		5167285		3263
1096		2528		5171999		3253
1097		2543		5176713		3278
1098		2504		5181428		3279
1099		2508		5186145		3276
1100		2517		5190859		3271
1101		2513		5195576		3282
1102		2506		5200291		3273
1103		2499		5205007		3260
1104		2503		5209722		3277
1105		2519		5214437		3264
1106		2510		5219154		3274
1107		2529		5223870		3277
1108		2542		5228588		3276
1109		2512		5233299		3264
1110		2512		5238015		3272
1111		2496		5242730		3269
1112		2514		5247442		3275
1113		2501		5252157		3271
1114		2497		5256871		3278
1115		2507		5261588		3274
1116		2513		5266304		3281
1117		2512		5271017		3272
1118		2502		5275733		3274
1119		2526		5280447		3274
1120		2539		5285162		3275
1121		2522		5289878		3262
1122		2509		5294591		3267
1123		2517		5299299		3262
1124		2526		5304013		3276
1125		2532		5308728		3283
1126		2538		5313439		3288
1127		2529		5318155		3282
1128		2535		5322869		3278
1129		2524		5327585		3281
1130		2541		5332296		3295
1131		2544		5337012		3290
1132		2538		5341726		3281
1133		2534		5346441		3286
1134		2547		5351158		3273
1135		2525		5355874		3276
1136		2518		5360589		3283
1137		2517		5365303		3280
1138		2513		5370019		3284
1139		2505		5374734		3290
1140		2520		5379449		3297
1141		2526		5384161		3289
1142		2523		5388877		3305
1143		2513		5393588		3301
1144		2540		5398304		3301
1145		2530		5403021		3291
1146		2518		5407737		3290
1147		2519		5412454		3284
1148		2520		5417170		3291
1149		2508		5421889		3289
1150		2525		5426604		3293
1151		2537		5431318		3286
1152		2522		5436037		3285
1153		2526		5440752		3281
1154		2509		5445463		3291
1155		2531		5450172		3284
1156		2521		5454890		3283
1157		2539		5459603		3289
1158		2515		5464322		3289
1159		2514		5469037		3277
1160		2501		5473755		3288
1161		2500		5478472		3290
1162		2511		5483187		3287
1163		2505		5487900		3292
1164		2494		5492616		3283
1165		2508		5497329		3287
1166		2512		5502044		3290
1167		2508		5506761		3289
1168		2515		5511476		3285
1169		2506		5516194		3285
1170		2511		5520908		3279
1171		2509		5525626		3291
1172		2503		5530342		3293
1173		2497		5535057		3281
1174		2483		5539771		3297
1175		2482		5544488		3293
1176		2470		5549204		3290
1177		2473		5553922		3285
1178		2483		5558636		3303
1179		2487		5563354		3287
1180		2484		5568068		3298
1181		2494		5572783		3297
1182		2482		5577501		3291
1183		2487		5582219		3280
1184		2482		5586929		3286
1185		2482		5591645		3298
1186		2482		5596363		3300
1187		2488		5601081		3306
1188		2481		5605798		3299
1189		2461		5610516		3304
1190		2479		5615230		3300
1191		2470		5619947		3300
1192		2473		5624666		3298
1193		2484		5629383		3287
1194		2464		5634101		3283
1195		2474		5638818		3286
1196		2472		5643533		3278
1197		2486		5648250		3289
1198		2493		5652965		3289
1199		2477		5657682		3287
1200		2484		5662396		3290
1201		2479		5667112		3280
1202		2483		5671829		3290
1203		2485		5676545		3298
1204		2470		5681264		3299
1205		2483		5685982		3293
1206		2477		5690701		3303
1207		2479		5695420		3304
1208		2458		5700138		3298
1209		2475		5704854		3294
1210		2485		5709572		3300
1211		2497		5714288		3291
1212		2481		5719005		3291
1213		2487		5723722		3286
1214		2485		5728439		3295
1215		2471		5733154		3292
1216		2478		5737867		3290
1217		2464		5742580		3298
1218		2479		5747297		3301
1219		2475		5752011		3298
1220		2487		5756727		3292
1221		2494		5761446		3287
1222		2479		5766161		3290
1223		2472		5770878		3293
1224		2453		5775596		3287
1225		2464		5780313		3294
1226		2467		5785024		3296
1227		2463		5789741		3294
1228		2466		5794456		3299
1229		2475		5799173		3298
1230		2474		5803885		3297
1231		2468		5808601		3289
1232		2476		5813317		3300
1233		2496		5818032		3294
1234		2486		5822750		3288
1235		2479		5827464		3289
1236		2470		5832177		3288
1237		2462		5836894		3289
1238		2470		5841610		3292
1239		2455		5846323		3303
1240		2458		5851038		3287
1241		2448		5855750		3288
1242		2450		5860464		3286
1243		2464		5865175		3289
1244		2470		5869890		3307
1245		2459		5874603		3297
1246		2474		5879320		3306
1247		2467		5884038		3295
1248		2473		5888756		3295
1249		2456		5893473		3293
1250		2454		5898191		3286
1251		2467		5902905		3294
1252		2445		5907624		3286
1253		2461		5912339		3281
1254		2462		5917051		3290
1255		2478		5921765		3290
1256		2477		5926480		3299
1257		2488		5931200		3295
1258		2481		5935918		3300
1259		2480		5940634		3311
1260		2476		5945344		3298
1261		2483		5950056		3292
1262		2478		5954772		3307
1263		2484		5959490		3294
1264		2476		5964208		3302
1265		2490		5968925		3289
1266		2465		5973643		3290
1267		2468		5978359		3289
1268		2462		5983075		3291
1269		2444		5987790		3287
1270		2455		5992505		3286
1271		2460		5997222		3281
1272		2464		6001938		3284
1273		2478		6006654		3279
1274		2479		6011371		3279
1275		2483		6016089		3288
1276		2471		6020804		3282
1277		2466		6025522		3286
1278		2483		6030239		3292
1279		2502		6034955		3289
1280		2508		6039670		3294
1281		2512		6044386		3291
1282		2502		6049098		3295
1283		2491		6053814		3297
1284		2514		6058532		3284
1285		2471		6063249		3295
1286		2488		6067965		3287
1287		2491		6072682		3293
1288		2473		6077398		3287
1289		2484		6082116		3291
1290		2478		6086830		3293
1291		2469		6091546		3292
1292		2473		6096261		3283
1293		2462		6100976		3285
1294		2447		6105692		3290
1295		2452		6110407		3283
1296		2457		6115121		3286
1297		2473		6119837		3291
1298		2471		6124552		3281
1299		2475		6129268		3293
1300		2463		6133980		3290
1301		2465		6138697		3287
1302		2460		6143411		3277
1303		2452		6148127		3282
1304		2464		6152839		3289
1305		2471		6157554		3288
1306		2445		6162265		3286
1307		2448		6166980		3282
1308		2465		6171698		3286
1309		2469		6176414		3295
1310		2479		6181132		3294
1311		2484		6185850		3282
1312		2472		6190568		3271
1313		2457		6195282		3274
1314		2461		6199998		3272
1315		2464		6204712		3282
1316		2462		6209429		3276
1317		2463		6214144		3273
1318		2473		6218861		3285
1319		2458		6223579		3281
1320		2450		6228295		3272
1321		2463		6233011		3279
1322		2460		6237726		3284
1323		2456		6242443		3273
1324		2446		6247158		3283
1325		2437		6251876		3284
1326		2436		6256592		3276
1327		2444		6261309		3280
1328		2442		6266023		3281
1329		2453		6270739		3273
1330		2447		6275455		3278
1331		2472		6280167		3272
1332		2473		6284885		3278
1333		2478		6289598		3277
1334		2471		6294315		3272
1335		2490		6299031		3267
1336		2463		6303746		3291
1337		2456		6308465		3271
1338		2480		6313181		3282
1339		2460		6317896		3279
1340		2448		6322611		3288
1341		2452		6327330		3293
1342		2451		6332047		3284
1343		2437		6336764		3289
1344		2431		6341479		3285
1345		2420		6346195		3285
1346		2414		6350912		3277
1347		2418		6355626		3286
1348		2425		6360342		3291
1349		2430		6365058		3288
1350		2431		6369773		3289
1351		2431		6374485		3284
1352		2422		6379203		3283
1353		2436		6383919		3285
1354		2430		6388631		3273
1355		2438		6393343		3283
1356		2432		6398061		3285
1357		2434		6402778		3282
1358		2458		6407491		3280
1359		2444		6412207		3289
1360		2418		6416920		3291
1361		2425		6421637		3286
1362		2416		6426355		3283
1363		2434		6431065		3281
1364		2433		6435778		3277
1365		2431		6440496		3288
1366		2426		6445214		3279
1367		2426		6449931		3275
1368		2432		6454645		3281
1369		2421		6459362		3286
1370		2424		6464079		3280
1371		2410		6468795		3278
1372		2409		6473513		3285
1373		2406		6478230		3274
1374		2412		6482946		3275
1375		2402		6487660		3272
1376		2407		6492378		3281
1377		2401		6497096		3278
1378		2399		6501811		3281
1379		2397		6506529		3280
1380		2408		6511244		3278
1381		2409		6515961		3282
1382		2417		6520677		3283
1383		2441		6525394		3284
1384		2420		6530108		3278
1385		2421		6534824		3272
1386		2417		6539539		3275
1387		2408		6544254		3261
1388		2423		6548966		3286
1389		2415		6553678		3280
1390		2407		6558391		3282
1391		2403		6563109		3273
1392		2396		6567827		3269
1393		2378		6572544		3272
1394		2391		6577259		3269
1395		2417		6581978		3286
1396		2409		6586695		3273
1397		2398		6591412		3274
1398		2400		6596125		3284
1399		2385		6600839		3283
1400		2374		6605552		3279
1401		2382		6610268		3291
1402		2382		6614983		3299
1403		2392		6619700		3290
1404		2402		6624419		3289
1405		2396		6629137		3274
1406		2396		6633854		3286
1407		2398		6638567		3282
1408		2408		6643284		3283
1409		2392		6648003		3280
1410		2389		6652722		3290
1411		2400		6657429		3283
1412		2396		6662141		3299
1413		2382		6666854		3286
1414		2392		6671569		3285
1415		2387		6676286		3285
1416		2387		6680999		3281
1417		2382		6685716		3294
1418		2376		6690426		3288
1419		2369		6695142		3284
1420		2367		6699859		3286
1421		2382		6704572		3291
1422		2401		6709289		3284
1423		2392		6714002		3290
1424		2390		6718714		3278
1425		2393		6723429		3292
1426		2398		6728144		3289
1427		2395		6732859		3290
1428		2396		6737574		3287
1429		2404		6742289		3291
1430		2404		6747004		3297
1431		2390		6751719		3300
1432		2391		6756435		3297
1433		2385		6761155		3291
1434		2376		6765870		3286
1435		2377		6770588		3288
1436		2389		6775302		3296
1437		2379		6780020		3291
1438		2372		6784738		3287
1439		2371		6789457		3284
1440		2376		6794173		3287
1441		2371		6798891		3284
1442		2364		6803610		3290
1443		2364		6808325		3294
1444		2357		6813039		3290
1445		2376		6817753		3294
1446		2380		6822468		3290
1447		2389		6827185		3290
1448		2377		6831896		3294
1449		2375		6836612		3297
1450		2381		6841328		3284
1451		2385		6846043		3297
1452		2379		6850762		3289
1453		2378		6855481		3282
1454		2385		6860194		3291
1455		2404		6864909		3278
1456		2379		6869623		3267
1457		2379		6874340		3263
1458		2391		6879058		3267
1459		2374		6883774		3268
1460		2391		6888491		3280
1461		2394		6893204		3279
1462		2403		6897920		3286
1463		2394		6902638		3286
1464		2404		6907352		3295
1465		2401		6912067		3297
1466		2404		6916782		3302
1467		2392		6921499		3285
1468		2398		6926217		3288
1469		2394		6930934		3288
1470		2405		6935652		3283
1471		2406		6940369		3286
1472		2412		6945084		3284
1473		2397		6949799		3275
1474		2401		6954512		3278
1475		2388		6959228		3284
1476		2402		6963943		3285
1477		2392		6968660		3292
1478		2395		6973377		3293
1479		2398		6978096		3299
1480		2399		6982813		3285
1481		2404		6987527		3295
1482		2415		6992246		3295
1483		2398		6996960		3297
1484		2390		7001677		3290
1485		2393		7006396		3283
1486		2405		7011109		3291
1487		2407		7015821		3293
1488		2409		7020535		3314
1489		2425		7025250		3295
1490		2384		7029964		3291
1491		2395		7034682		3301
1492		2380		7039396		3301
1493		2383		7044113		3294
1494		2388		7048829		3298
1495		2402		7053545		3294
1496		2381		7058262		3303
1497		2386		7062979		3307
1498		2385		7067697		3302
1499		2373		7072411		3302
1500		2365		7077126		3301
1501		2382		7081842		3308
1502		2387		7086557		3306
1503		2381		7091274		3304
1504		2364		7095989		3311
1505		2371		7100703		3305
1506		2373		7105421		3305
1507		2360		7110140		3298
1508		2381		7114855		3304
1509		2381		7119575		3299
1510		2367		7124291		3289
1511		2363		7129007		3285
1512		2357		7133720		3283
1513		2355		7138436		3294
1514		2355		7143152		3294
1515		2363		7147868		3285
1516		2357		7152588		3301
1517		2371		7157304		3298
1518		2368		7162013		3285
1519		2358		7166727		3289
1520		2366		7171442		3293
1521		2354		7176161		3292
1522		2366		7180876		3290
1523		2364		7185595		3295
1524		2364		7190312		3293
1525		2362		7195031		3293
1526		2348		7199749		3291
1527		2355		7204465		3289
1528		2362		7209178		3294
1529		2358		7213895		3291
1530		2359		7218609		3293
1531		2366		7223323		3290
1532		2382		7228040		3290
1533		2374		7232755		3291
1534		2363		7237471		3285
1535		2371		7242186		3301
1536		2352		7246900		3291
1537		2351		7251614		3291
1538		2352		7256331		3296
1539		2352		7261048		3295
1540		2366		7265764		3296
1541		2354		7270479		3291
1542		2358		7275196		3294
1543		2362		7279911		3303
1544		2359		7284626		3292
1545		2354		7289341		3292
1546		2346		7294058		3297
1547		2365		7298771		3289
1548		2349		7303486		3290
1549		2352		7308200		3292
1550		2345		7312916		3293
1551		2322		7317634		3288
1552		2315		7322352		3302
1553		2320		7327069		3289
1554		2320		7331787		3294
1555		2323		7336505		3288
1556		2327		7341221		3291
1557		2325		7345938		3306
1558		2316		7350655		3296
1559		2332		7355373		3304
1560		2325		7360090		3302
1561		2339		7364806		3303
1562		2335		7369522		3302
1563		2321		7374238		3307
1564		2335		7378954		3303
1565		2334		7383672		3306
1566		2351		7388391		3297
1567		2340		7393107		3295
1568		2328		7397822		3297
1569		2338		7402538		3301
1570		2332		7407252		3307
1571		2340		7411967		3301
1572		2331		7416680		3307
1573		2342		7421397		3302
1574		2336		7426111		3312
1575		2335		7430828		3309
1576		2342		7435543		3310
1577		2351		7440260		3319
1578		2367		7444974		3311
1579		2357		7449693		3312
1580		2354		7454411		3302
1581		2350		7459128		3308
1582		2347		7463840		3300
1583		2328		7468559		3309
1584		2330		7473277		3311
1585		2339		7477993		3302
1586		2342		7482706		3300
1587		2328		7487422		3303
1588		2333		7492134		3298
1589		2327		7496846		3306
1590		2331		7501563		3305
1591		2358		7506278		3307
1592		2339		7510991		3309
1593		2344		7515706		3312
1594		2335		7520425		3309
1595		2344		7525144		3303
1596		2352		7529860		3304
1597		2365		7534579		3306
1598		2345		7539297		3311
1599		2351		7544013		3304
1600		2348		7548726		3313
1601		2323		7553443		3318
1602		2334		7558154		3309
1603		2322		7562871		3316
1604		2330		7567587		3323
1605		2313		7572305		3317
1606		2332		7577019		3311
1607		2339		7581737		3303
1608		2344		7586456		3316
1609		2347		7591171		3312
1610		2336		7595888		3318
1611		2345		7600604		3317
1612		2342		7605319		3316
1613		2333		7610039		3324
1614		2334		7614753		3314
1615		2327		7619470		3309
1616		2332		7624187		3309
1617		2336		7628906		3320
1618		2347		7633623		3315
1619		2372		7638340		3319
1620		2352		7643057		3321
1621		2332		7647774		3313
1622		2340		7652492		3306
1623		2324		7657206		3302
1624		2336		7661923		3310
1625		2330		7666640		3319
1626		2331		7671354		3312
1627		2321		7676069		3313
1628		2318		7680785		3303
1629		2336		7685502		3314
1630		2333		7690220		3319
1631		2319		7694937		3307
1632		2355		7699653		3302
1633		2340		7704368		3304
1634		2345		7709084		3304
1635		2359		7713803		3312
1636		2350		7718520		3324
1637		2361		7723238		3319
1638		2341		7727954		3310
1639		2345		7732673		3305
1640		2349		7737388		3303
1641		2334		7742106		3306
1642		2333		7746821		3307
1643		2336		7751537		3307
1644		2339		7756257		3309
1645		2328		7760975		3302
1646		2325		7765688		3307
1647		2354		7770403		3313
1648		2344		7775119		3304
1649		2334		7779835		3310
1650		2328		7784549		3301
1651		2322		7789266		3311
1652		2348		7793983		3304
1653		2341		7798700		3312
1654		2338		7803417		3308
1655		2336		7808132		3308
1656		2356		7812851		3312
1657		2332		7817566		3313
1658		2345		7822283		3320
1659		2336		7826997		3313
1660		2341		7831714		3309
1661		2335		7836433		3310
1662		2340		7841146		3306
1663		2346		7845863		3318
1664		2344		7850580		3321
1665		2332		7855297		3327
1666		2330		7860010		3314
1667		2335		7864725		3316
1668		2335		7869443		3320
1669		2335		7874160		3312
1670		2326		7878876		3315
1671		2334		7883594		3310
1672		2337		7888310		3312
1673		2325		7893026		3306
1674		2357		7897744		3311
1675		2335		7902459		3314
1676		2362		7907176		3312
1677		2356		7911892		3318
1678		2357		7916601		3321
1679		2330		7921319		3320
1680		2320		7926034		3320
1681		2329		7930751		3323
1682		2334		7935467		3308
1683		2334		7940184		3319
1684		2314		7944901		3319
1685		2318		7949614		3317
1686		2310		7954330		3308
1687		2320		7959044		3304
1688		2330		7963758		3311
1689		2342		7968474		3303
1690		2328		7973188		3301
1691		2318		7977902		3300
1692		2311		7982620		3304
1693		2328		7987338		3306
1694		2334		7992055		3305
1695		2305		7996772		3304
1696		2318		8001482		3300
1697		2316		8006197		3302
1698		2317		8010916		3316
1699		2327		8015632		3312
1700		2329		8020349		3301
1701		2316		8025069		3305
1702		2328		8029786		3308
1703		2318		8034503		3303
1704		2322		8039220		3293
1705		2333		8043939		3303
1706		2339		8048658		3305
1707		2360		8053376		3305
1708		2369		8058091		3305
1709		2355		8062806		3314
1710		2362		8067524		3305
1711		2346		8072238		3311
1712		2347		8076956		3311
1713		2339		8081668		3321
1714		2341		8086385		3307
1715		2330		8091102		3318
1716		2325		8095816		3313
1717		2316		8100533		3305
1718		2332		8105251		3313
1719		2322		8109968		3320
1720		2319		8114681		3310
1721		2338		8119394		3312
1722		2340		8124111		3308
1723		2330		8128828		3304
1724		2331		8133546		3307
1725		2328		8138260		3311
1726		2315		8142979		3308
1727		2319		8147693		3303
1728		2331		8152407		3305
1729		2329		8157122		3311
1730		2324		8161838		3304
1731		2343		8166554		3306
1732		2301		8171271		3311
1733		2305		8175988		3312
1734		2319		8180708		3306
1735		2322		8185424		3312
1736		2312		8190141		3308
1737		2329		8194858		3310
1738		2326		8199573		3301
1739		2337		8204289		3293
1740		2316		8209008		3293
1741		2328		8213723		3314
1742		2344		8218441		3316
1743		2333		8223156		3319
1744		2331		8227874		3320
1745		2347		8232591		3313
1746		2339		8237305		3319
1747		2334		8242022		3325
1748		2333		8246738		3319
1749		2340		8251455		3312
1750		2338		8256168		3321
1751		2330		8260884		3327
1752		2322		8265600		3315
1753		2319		8270319		3310
1754		2311		8275034		3306
1755		2314		8279752		3306
1756		2315		8284470		3304
1757		2296		8289185		3311
1758		2297		8293903		3313
1759		2305		8298617		3310
1760		2317		8303334		3318
1761		2311		8308052		3321
1762		2313		8312769		3311
1763		2315		8317486		3322
1764		2318		8322204		3313
1765		2313		8326921		3316
1766		2343		8331638		3315
1767		2346		8336353		3310
1768		2348		8341065		3305
1769		2326		8345783		3307
1770		2329		8350500		3295
1771		2314		8355217		3298
1772		2302		8359935		3299
1773		2317		8364649		3300
1774		2301		8369368		3300
1775		2314		8374088		3299
1776		2305		8378803		3304
1777		2306		8383518		3307
1778		2324		8388236		3308
1779		2318		8392948		3306
1780		2313		8397663		3292
1781		2327		8402381		3294
1782		2327		8407101		3287
1783		2344		8411816		3303
1784		2339		8416535		3306
1785		2340		8421250		3308
1786		2331		8425964		3294
1787		2344		8430677		3299
1788		2360		8435393		3291
1789		2351		8440107		3290
1790		2370		8444822		3292
1791		2348		8449537		3307
1792		2363		8454254		3300
1793		2352		8458968		3300
1794		2348		8463680		3307
1795		2335		8468398		3297
1796		2348		8473117		3297
1797		2347		8477834		3302
1798		2340		8482548		3292
1799		2339		8487268		3283
1800		2343		8491983		3297
1801		2352		8496698		3301
1802		2353		8501416		3307
1803		2358		8506134		3313
1804		2357		8510851		3304
1805		2363		8515569		3301
1806		2369		8520287		3307
1807		2349		8525001		3305
1808		2345		8529716		3300
1809		2351		8534434		3311
1810		2340		8539149		3310
1811		2321		8543865		3298
1812		2330		8548581		3305
1813		2322		8553297		3299
1814		2324		8558012		3294
1815		2311		8562729		3304
1816		2329		8567447		3304
1817		2312		8572158		3303
1818		2316		8576874		3304
1819		2317		8581588		3311
1820		2319		8586302		3307
1821		2330		8591017		3302
1822		2326		8595735		3303
1823		2324		8600451		3301
1824		2325		8605168		3309
1825		2313		8609881		3303
1826		2329		8614599		3289
1827		2317		8619315		3292
1828		2325		8624030		3304
1829		2331		8628745		3310
1830		2327		8633462		3298
1831		2324		8638180		3297
1832		2326		8642900		3295
1833		2321		8647614		3302
1834		2329		8652327		3315
1835		2304		8657043		3312
1836		2289		8661759		3309
1837		2300		8666476		3311
1838		2288		8671196		3298
1839		2286		8675914		3308
1840		2289		8680626		3311
1841		2290		8685342		3313
1842		2289		8690057		3301
1843		2290		8694770		3300
1844		2298		8699486		3300
1845		2304		8704200		3306
1846		2292		8708916		3316
1847		2293		8713633		3304
1848		2298		8718348		3314
1849		2292		8723066		3305
1850		2277		8727781		3318
1851		2273		8732499		3313
1852		2262		8737216		3318
1853		2272		8741930		3325
1854		2269		8746648		3312
1855		2263		8751365		3311
1856		2272		8756082		3309
1857		2276		8760798		3306
1858		2278		8765512		3315
1859		2285		8770227		3308
1860		2296		8774944		3308
1861		2276		8779662		3306
1862		2282		8784379		3306
1863		2295		8789093		3316
1864		2288		8793806		3311
1865		2285		8798522		3309
1866		2284		8803240		3313
1867		2277		8807953		3306
1868		2296		8812671		3303
1869		2286		8817388		3310
1870		2302		8822103		3309
1871		2302		8826820		3317
1872		2311		8831537		3314
1873		2289		8836251		3302
1874		2290		8840965		3301
1875		2284		8845682		3314
1876		2275		8850396		3305
1877		2286		8855110		3302
1878		2282		8859827		3299
1879		2283		8864547		3301
1880		2288		8869262		3303
1881		2280		8873980		3310
1882		2275		8878696		3305
1883		2279		8883411		3303
1884		2274		8888128		3299
1885		2271		8892847		3301
1886		2276		8897564		3312
1887		2284		8902281		3298
1888		2259		8906996		3293
1889		2255		8911711		3304
1890		2261		8916429		3309
1891		2241		8921144		3299
1892		2253		8925859		3296
1893		2262		8930574		3294
1894		2266		8935290		3303
1895		2266		8940007		3308
1896		2247		8944723		3306
1897		2245		8949436		3315
1898		2263		8954151		3312
1899		2256		8958865		3310
1900		2248		8963584		3310
1901		2252		8968304		3300
1902		2261		8973017		3303
1903		2251		8977733		3304
1904		2251		8982453		3313
1905		2260		8987167		3302
1906		2265		8991881		3324
1907		2271		8996596		3320
1908		2276		9001312		3312
1909		2246		9006026		3313
1910		2250		9010740		3305
1911		2251		9015456		3303
1912		2256		9020170		3309
1913		2262		9024885		3307
1914		2279		9029600		3302
1915		2259		9034318		3304
1916		2274		9039034		3312
1917		2269		9043749		3313
1918		2270		9048464		3315
1919		2277		9053182		3311
1920		2270		9057900		3310
1921		2277		9062618		3314
1922		2282		9067334		3325
1923		2279		9072050		3318
1924		2296		9076769		3317
1925		2272		9081484		3304
1926		2278		9086199		3305
1927		2277		9090912		3314
1928		2281		9095627		3303
1929		2290		9100344		3311
1930		2286		9105062		3311
1931		2285		9109780		3308
1932		2268		9114497		3311
1933		2287		9119215		3310
1934		2301		9123934		3305
1935		2298		9128651		3312
1936		2273		9133369		3319
1937		2275		9138085		3302
1938		2280		9142802		3305
1939		2267		9147520		3304
1940		2281		9152239		3310
1941		2287		9156957		3312
1942		2296		9161675		3309
1943		2285		9166390		3305
1944		2287		9171109		3309
1945		2293		9175825		3301
1946		2292		9180542		3307
1947		2291		9185259		3296
1948		2289		9189973		3304
1949		2312		9194686		3294
1950		2291		9199400		3295
1951		2289		9204116		3298
1952		2271		9208834		3301
1953		2274		9213550		3303
1954		2281		9218268		3304
1955		2257		9222987		3300
1956		2291		9227700		3292
1957		2284		9232417		3300
1958		2280		9237135		3306
1959		2275		9241852		3303
1960		2259		9246567		3293
1961		2267		9251286		3304
1962		2288		9255998		3312
1963		2280		9260714		3315
1964		2282		9265430		3317
1965		2299		9270146		3302
1966		2297		9274862		3301
1967		2293		9279577		3310
1968		2292		9284293		3309
1969		2290		9289008		3305
1970		2290		9293726		3308
1971		2275		9298441		3305
1972		2279		9303160		3316
1973		2297		9307876		3314
1974		2284		9312591		3305
1975		2285		9317307		3307
1976		2313		9322023		3314
1977		2295		9326743		3308
1978		2262		9331461		3304
1979		2266		9336174		3311
1980		2260		9340893		3311
1981		2261		9345609		3293
1982		2260		9350325		3311
1983		2253		9355042		3309
1984		2253		9359758		3308
1985		2267		9364474		3314
1986		2265		9369189		3316
1987		2246		9373905		3320
1988		2237		9378623		3308
1989		2240		9383340		3302
1990		2258		9388056		3310
1991		2248		9392771		3316
1992		2256		9397487		3309
1993		2277		9402203		3332
1994		2267		9406918		3325
1995		2258		9411634		3309
1996		2257		9416346		3307
1997		2245		9421064		3319
1998		2238		9425782		3312
1999		2234		9430496		3316
