# Migration is number of nodes that have changed color.

Round		Edge-Cut		Swaps		Migrations		Skipped
0		8904		4719		3001
1		8313		9439		3014
2		7823		14159		3106
3		7424		18879		3080
4		7168		23599		3123
5		6901		28319		3178
6		6698		33039		3201
7		6600		37758		3199
8		6480		42477		3194
9		6314		47196		3229
10		6209		51913		3229
11		6076		56633		3205
12		5995		61352		3209
13		5889		66070		3158
14		5815		70789		3222
15		5778		75508		3230
16		5701		80227		3214
17		5595		84946		3246
18		5524		89666		3200
19		5472		94386		3240
20		5394		99104		3266
21		5386		103823		3240
22		5206		108543		3244
23		5227		113261		3282
24		5208		117981		3257
25		5152		122700		3239
26		5110		127419		3256
27		5066		132138		3248
28		4970		136858		3249
29		4980		141577		3243
30		4936		146295		3267
31		4894		151014		3235
32		4791		155732		3245
33		4786		160447		3254
34		4838		165164		3260
35		4795		169882		3250
36		4758		174598		3279
37		4741		179317		3253
38		4740		184037		3249
39		4690		188757		3254
40		4684		193475		3244
41		4673		198194		3260
42		4616		202914		3252
43		4585		207633		3246
44		4624		212350		3251
45		4611		217069		3255
46		4625		221789		3247
47		4576		226507		3247
48		4482		231226		3260
49		4512		235942		3251
50		4532		240661		3266
51		4537		245380		3245
52		4468		250099		3245
53		4489		254816		3263
54		4447		259536		3273
55		4506		264255		3289
56		4446		268972		3290
57		4473		273691		3286
58		4438		278410		3262
59		4370		283130		3262
60		4423		287849		3257
61		4313		292567		3272
62		4320		297285		3278
63		4326		302004		3269
64		4303		306723		3258
65		4370		311442		3270
66		4369		316162		3252
67		4247		320880		3261
68		4243		325597		3233
69		4248		330315		3219
70		4224		335033		3250
71		4277		339750		3226
72		4246		344467		3256
73		4237		349186		3238
74		4289		353905		3246
75		4207		358624		3256
76		4217		363341		3295
77		4195		368060		3288
78		4227		372778		3258
79		4183		377497		3256
80		4167		382216		3281
81		4181		386934		3267
82		4137		391652		3281
83		4165		396370		3292
84		4136		401090		3307
85		4120		405809		3295
86		4128		410527		3283
87		4121		415241		3296
88		4148		419958		3274
89		4116		424673		3273
90		4068		429391		3271
91		4004		434111		3264
92		4019		438830		3298
93		4017		443549		3301
94		3998		448267		3280
95		4037		452986		3268
96		4031		457705		3283
97		4063		462422		3291
98		3997		467138		3288
99		4008		471855		3283
100		4008		476572		3284
101		3995		481292		3278
102		3965		486012		3285
103		4000		490731		3320
104		4061		495448		3315
105		3991		500167		3313
106		4013		504885		3329
107		3971		509604		3305
108		3982		514320		3302
109		3900		519040		3304
110		3910		523759		3296
111		3872		528477		3294
112		3841		533194		3277
113		3822		537912		3288
114		3803		542629		3324
115		3807		547348		3316
116		3818		552064		3298
117		3832		556779		3304
118		3834		561497		3316
119		3780		566216		3304
120		3799		570935		3328
121		3776		575653		3309
122		3799		580370		3298
123		3776		585088		3309
124		3802		589807		3328
125		3804		594526		3317
126		3805		599246		3344
127		3740		603964		3328
128		3781		608682		3322
129		3759		613399		3319
130		3780		618116		3326
131		3721		622836		3328
132		3698		627554		3313
133		3706		632274		3321
134		3713		636991		3317
135		3693		641707		3302
136		3725		646425		3312
137		3727		651142		3336
138		3721		655857		3320
139		3713		660575		3318
140		3720		665294		3325
141		3712		670010		3309
142		3699		674728		3302
143		3682		679447		3324
144		3666		684165		3319
145		3651		688879		3321
146		3651		693599		3325
147		3657		698312		3314
148		3670		703026		3330
149		3592		707741		3321
150		3600		712460		3320
151		3619		717179		3324
152		3598		721896		3327
153		3591		726614		3338
154		3545		731332		3334
155		3575		736051		3336
156		3568		740765		3331
157		3577		745483		3329
158		3581		750200		3322
159		3572		754918		3322
160		3584		759634		3326
161		3545		764353		3322
162		3594		769069		3337
163		3583		773788		3292
164		3545		778508		3310
165		3530		783221		3314
166		3521		787939		3324
167		3532		792653		3320
168		3506		797371		3319
169		3498		802086		3337
170		3479		806804		3334
171		3502		811519		3349
172		3524		816235		3359
173		3525		820953		3338
174		3501		825671		3323
175		3496		830386		3336
176		3512		835102		3349
177		3487		839820		3352
178		3496		844535		3356
179		3439		849249		3329
180		3448		853967		3340
181		3431		858685		3334
182		3446		863401		3320
183		3435		868119		3345
184		3480		872836		3344
185		3446		877555		3347
186		3459		882272		3352
187		3492		886989		3340
188		3455		891708		3349
189		3413		896427		3349
190		3430		901145		3335
191		3426		905861		3354
192		3387		910579		3355
193		3382		915296		3335
194		3422		920015		3358
195		3413		924729		3339
196		3439		929446		3335
197		3404		934164		3348
198		3384		938882		3349
199		3411		943600		3339
200		3428		948320		3353
201		3409		953036		3349
202		3402		957754		3357
203		3406		962470		3362
204		3426		967185		3350
205		3462		971903		3347
206		3428		976620		3352
207		3420		981332		3353
208		3406		986048		3334
209		3382		990766		3335
210		3359		995481		3337
211		3371		1000194		3331
212		3364		1004911		3311
213		3338		1009627		3327
214		3311		1014345		3321
215		3316		1019060		3331
216		3321		1023778		3327
217		3304		1028490		3347
218		3298		1033209		3349
219		3316		1037924		3348
220		3290		1042638		3334
221		3278		1047356		3342
222		3292		1052072		3338
223		3310		1056788		3327
224		3305		1061506		3348
225		3298		1066222		3356
226		3303		1070938		3357
227		3290		1075656		3357
228		3325		1080373		3335
229		3282		1085085		3350
230		3290		1089800		3360
231		3270		1094518		3331
232		3253		1099235		3343
233		3247		1103950		3343
234		3208		1108664		3344
235		3197		1113378		3342
236		3197		1118094		3330
237		3198		1122810		3350
238		3178		1127526		3346
239		3185		1132241		3336
240		3212		1136955		3345
241		3211		1141667		3345
242		3206		1146385		3327
243		3214		1151101		3336
244		3198		1155811		3325
245		3208		1160528		3331
246		3216		1165245		3322
247		3204		1169960		3330
248		3229		1174674		3321
249		3190		1179386		3336
250		3183		1184099		3341
251		3187		1188815		3327
252		3184		1193534		3340
253		3184		1198252		3319
254		3186		1202968		3335
255		3186		1207680		3320
256		3182		1212397		3325
257		3223		1217114		3336
258		3201		1221830		3319
259		3202		1226540		3323
260		3158		1231252		3333
261		3180		1235970		3321
262		3184		1240687		3321
263		3176		1245396		3331
264		3173		1250107		3335
265		3182		1254818		3320
266		3167		1259529		3331
267		3200		1264243		3322
268		3203		1268954		3328
269		3198		1273669		3323
270		3177		1278384		3332
271		3182		1283101		3327
272		3176		1287819		3321
273		3161		1292533		3315
274		3184		1297249		3332
275		3203		1301967		3330
276		3200		1306682		3322
277		3194		1311398		3310
278		3193		1316113		3325
279		3156		1320827		3334
280		3156		1325540		3337
281		3176		1330256		3331
282		3172		1334973		3328
283		3154		1339689		3327
284		3140		1344404		3327
285		3122		1349117		3326
286		3102		1353831		3329
287		3118		1358540		3320
288		3123		1363252		3318
289		3126		1367964		3324
290		3132		1372678		3323
291		3142		1377393		3333
292		3148		1382108		3326
293		3132		1386827		3328
294		3140		1391544		3332
295		3122		1396260		3340
296		3134		1400975		3339
297		3130		1405689		3325
298		3128		1410407		3323
299		3100		1415120		3324
300		3135		1419832		3327
301		3118		1424547		3316
302		3107		1429263		3315
303		3105		1433978		3328
304		3093		1438693		3326
305		3116		1443407		3317
306		3109		1448117		3321
307		3120		1452831		3319
308		3117		1457548		3315
309		3098		1462267		3318
310		3113		1466981		3315
311		3114		1471690		3305
312		3128		1476405		3306
313		3130		1481120		3304
314		3115		1485833		3307
315		3107		1490549		3315
316		3127		1495264		3328
317		3127		1499977		3312
318		3120		1504692		3329
319		3102		1509410		3319
320		3090		1514125		3322
321		3102		1518841		3318
322		3095		1523553		3322
323		3089		1528268		3330
324		3078		1532982		3332
325		3095		1537695		3325
326		3119		1542415		3326
327		3117		1547129		3329
328		3090		1551846		3319
329		3097		1556560		3310
330		3105		1561275		3314
331		3091		1565991		3330
332		3101		1570704		3314
333		3088		1575422		3316
334		3070		1575656		3310
335		3054		1575900		3316
336		3052		1576125		3314
337		3002		1576336		3325
338		2981		1576535		3317
339		2966		1576705		3313
340		2945		1576846		3309
341		2923		1576999		3316
342		2897		1577157		3325
343		2882		1577285		3322
344		2856		1577419		3325
345		2865		1577536		3332
346		2868		1577654		3325
347		2854		1577778		3323
348		2845		1577902		3319
349		2826		1578017		3311
350		2808		1578113		3312
351		2800		1578219		3311
352		2790		1578300		3322
353		2767		1578385		3316
354		2762		1578445		3317
355		2762		1578523		3311
356		2762		1578601		3317
357		2755		1578674		3319
358		2747		1578770		3314
359		2733		1578829		3317
360		2720		1578879		3316
361		2712		1578920		3314
362		2710		1578954		3316
363		2708		1578983		3323
364		2711		1579036		3323
365		2710		1579077		3319
366		2707		1579107		3317
367		2710		1579144		3322
368		2701		1579179		3323
369		2686		1579203		3321
370		2673		1579234		3319
371		2676		1579252		3327
372		2675		1579288		3320
373		2670		1579309		3324
374		2664		1579332		3319
375		2665		1579351		3314
376		2660		1579371		3316
377		2650		1579385		3316
378		2649		1579397		3320
379		2645		1579409		3318
380		2646		1579412		3319
381		2647		1579422		3319
382		2649		1579436		3318
383		2649		1579445		3319
384		2654		1579461		3316
385		2657		1579495		3324
386		2652		1579514		3322
387		2650		1579540		3320
388		2648		1579565		3321
389		2646		1579576		3319
390		2647		1579592		3321
391		2642		1579613		3325
392		2648		1579626		3328
393		2645		1579640		3324
394		2644		1579659		3327
395		2640		1579676		3325
396		2644		1579685		3326
397		2640		1579699		3325
398		2640		1579707		3324
399		2639		1579719		3328
400		2638		1579725		3328
401		2711		1584443		3326
402		2763		1589162		3323
403		2812		1593879		3327
404		2791		1598597		3342
405		2806		1603314		3331
406		2842		1608032		3316
407		2823		1612751		3329
408		2866		1617467		3336
409		2859		1622186		3332
410		2878		1626903		3344
411		2836		1631621		3350
412		2905		1636339		3341
413		2885		1641055		3322
414		2926		1645775		3331
415		2916		1650494		3334
416		2884		1655213		3342
417		2893		1659931		3348
418		2877		1664651		3353
419		2891		1669371		3356
420		2890		1674090		3377
421		2898		1678810		3355
422		2920		1683527		3353
423		2907		1688244		3357
424		2939		1692962		3337
425		2941		1697680		3336
426		2939		1702397		3340
427		2951		1707114		3340
428		2966		1711834		3348
429		2998		1716553		3345
430		3012		1721272		3345
431		2983		1725992		3340
432		2982		1730712		3342
433		2978		1735431		3347
434		2972		1740149		3340
435		2964		1744867		3349
436		2949		1749585		3354
437		2981		1754304		3365
438		2980		1759023		3353
439		2986		1763741		3353
440		2975		1768459		3362
441		2962		1773177		3378
442		2983		1777896		3361
443		2989		1782616		3374
444		3006		1787335		3335
445		3015		1792055		3350
446		2981		1796774		3330
447		2997		1801493		3338
448		3010		1806209		3343
449		3030		1810929		3354
450		2974		1815648		3327
451		3006		1820368		3356
452		2993		1825088		3321
453		2989		1829806		3354
454		2995		1834525		3349
455		3008		1839245		3339
456		2995		1843964		3357
457		2964		1848682		3355
458		2981		1853401		3356
459		2985		1858119		3358
460		2994		1862839		3358
461		2944		1867557		3360
462		2944		1872275		3354
463		2962		1876994		3358
464		2981		1881712		3346
465		2980		1886430		3352
466		2967		1891150		3360
467		2933		1895869		3357
468		2951		1900587		3370
469		2938		1905307		3362
470		2933		1910021		3358
471		2927		1914741		3352
472		2891		1919460		3353
473		2897		1924180		3350
474		2917		1928899		3364
475		2935		1933618		3353
476		2913		1938332		3365
477		2952		1943048		3363
478		2949		1947763		3376
479		2924		1952482		3381
480		2958		1957199		3387
481		2947		1961916		3376
482		2961		1966633		3366
483		2968		1971351		3357
484		2964		1976070		3360
485		2940		1980789		3357
486		2911		1985508		3373
487		2899		1990224		3359
488		2934		1994940		3372
489		2940		1999658		3363
490		2941		2004375		3356
491		2916		2009094		3354
492		2913		2013811		3371
493		2914		2018529		3368
494		2929		2023248		3373
495		2887		2027965		3382
496		2908		2032682		3371
497		2915		2037399		3386
498		2868		2042115		3373
499		2918		2046832		3381
500		2929		2051547		3371
501		2843		2056265		3375
502		2898		2060984		3359
503		2887		2065701		3362
504		2890		2070419		3358
505		2901		2075138		3353
506		2868		2079855		3349
507		2866		2084571		3372
508		2912		2089287		3378
509		2894		2094006		3364
510		2893		2098724		3376
511		2887		2103442		3368
512		2916		2108162		3370
513		2895		2112882		3352
514		2880		2117601		3389
515		2906		2122318		3360
516		2876		2127036		3371
517		2876		2131754		3366
518		2868		2136472		3353
519		2900		2141192		3351
520		2874		2145910		3356
521		2884		2150627		3339
522		2871		2155346		3350
523		2882		2160065		3364
524		2885		2164781		3356
525		2916		2169499		3354
526		2922		2174218		3364
527		2889		2178936		3365
528		2858		2183655		3358
529		2843		2188373		3362
530		2852		2193091		3367
531		2872		2197808		3362
532		2881		2202527		3374
533		2846		2207246		3379
534		2826		2211963		3374
535		2841		2216681		3375
536		2822		2221399		3367
537		2827		2226113		3363
538		2822		2230830		3373
539		2843		2235548		3366
540		2834		2240263		3367
541		2852		2244976		3360
542		2851		2249692		3360
543		2836		2254411		3360
544		2847		2259129		3353
545		2886		2263845		3358
546		2837		2268564		3375
547		2825		2273283		3369
548		2810		2278001		3363
549		2827		2282718		3368
550		2840		2287431		3372
551		2821		2292148		3381
552		2826		2296866		3369
553		2799		2301586		3372
554		2812		2306306		3365
555		2823		2311023		3363
556		2802		2315738		3369
557		2797		2320456		3360
558		2816		2325172		3354
559		2788		2329888		3357
560		2816		2334604		3346
561		2799		2339321		3344
562		2798		2344039		3354
563		2809		2348755		3363
564		2817		2353472		3355
565		2810		2358191		3363
566		2789		2362909		3344
567		2786		2367626		3355
568		2794		2372344		3362
569		2788		2377060		3354
570		2790		2381779		3350
571		2793		2386497		3366
572		2790		2391214		3352
573		2784		2395934		3354
574		2788		2400652		3370
575		2776		2405370		3362
576		2798		2410088		3339
577		2804		2414806		3352
578		2781		2419525		3368
579		2787		2424242		3345
580		2806		2428961		3359
581		2836		2433679		3341
582		2816		2438397		3359
583		2808		2443114		3382
584		2780		2447831		3366
585		2784		2452547		3367
586		2799		2457266		3351
587		2784		2461983		3355
588		2805		2466702		3344
589		2812		2471422		3353
590		2813		2476142		3354
591		2801		2480861		3361
592		2808		2485578		3342
593		2770		2490296		3356
594		2780		2495016		3352
595		2804		2499734		3338
596		2783		2504451		3340
597		2797		2509164		3357
598		2776		2513883		3361
599		2778		2518601		3355
600		2801		2523321		3351
601		2793		2528040		3373
602		2792		2532757		3367
603		2796		2537476		3365
604		2786		2542195		3362
605		2792		2546912		3352
606		2762		2551631		3360
607		2772		2556349		3357
608		2785		2561066		3340
609		2780		2565784		3355
610		2779		2570500		3349
611		2764		2575216		3331
612		2754		2579934		3337
613		2761		2584652		3347
614		2755		2589365		3352
615		2766		2594083		3351
616		2750		2598797		3351
617		2749		2603516		3350
618		2737		2608234		3344
619		2739		2612948		3350
620		2740		2617663		3351
621		2738		2622380		3346
622		2704		2627096		3348
623		2718		2631811		3350
624		2714		2636530		3346
625		2701		2641249		3348
626		2721		2645964		3349
627		2708		2650680		3352
628		2719		2655395		3355
629		2718		2660113		3346
630		2708		2664831		3351
631		2725		2669548		3340
632		2698		2674263		3345
633		2730		2678981		3337
634		2697		2683699		3355
635		2679		2688415		3348
636		2708		2693131		3352
637		2681		2697845		3347
638		2673		2702559		3344
639		2689		2707278		3343
640		2657		2711995		3322
641		2671		2716713		3326
642		2664		2721432		3339
643		2654		2726149		3339
644		2657		2730867		3334
645		2644		2735584		3336
646		2640		2740302		3332
647		2653		2745020		3336
648		2668		2749739		3327
649		2658		2754457		3332
650		2662		2759172		3330
651		2653		2763888		3335
652		2662		2768606		3326
653		2690		2773322		3337
654		2688		2778036		3326
655		2679		2782751		3339
656		2698		2787465		3344
657		2670		2792181		3338
658		2668		2796897		3323
659		2676		2801616		3335
660		2681		2806332		3338
661		2681		2811047		3342
662		2659		2815761		3328
663		2658		2820475		3350
664		2649		2825191		3344
665		2659		2829910		3331
666		2682		2834626		3341
667		2659		2839340		3340
668		2662		2844055		3332
669		2654		2848773		3342
670		2666		2853490		3346
671		2668		2858203		3351
672		2675		2862920		3351
673		2689		2867636		3362
674		2670		2872351		3362
675		2655		2877065		3357
676		2670		2881779		3353
677		2663		2886495		3351
678		2659		2891211		3354
679		2652		2895924		3355
680		2666		2900642		3361
681		2663		2905359		3371
682		2662		2910077		3371
683		2642		2914790		3361
684		2639		2919506		3369
685		2645		2924218		3365
686		2647		2928933		3355
687		2662		2933650		3361
688		2628		2938367		3368
689		2617		2943082		3368
690		2620		2947798		3370
691		2619		2952514		3370
692		2629		2957229		3369
693		2615		2961945		3364
694		2625		2966662		3378
695		2633		2971375		3369
696		2635		2976089		3358
697		2642		2980807		3380
698		2639		2985522		3365
699		2633		2990237		3353
700		2639		2994951		3362
701		2619		2999666		3364
702		2637		3004380		3353
703		2622		3009094		3359
704		2602		3013811		3356
705		2605		3018526		3369
706		2616		3023238		3374
707		2633		3027955		3363
708		2642		3032667		3371
709		2648		3037384		3372
710		2618		3042102		3358
711		2644		3046819		3361
712		2637		3051534		3358
713		2617		3056249		3367
714		2608		3060963		3372
715		2620		3065682		3380
716		2617		3070401		3353
717		2630		3075118		3363
718		2628		3079835		3362
719		2629		3084554		3359
720		2626		3089268		3366
721		2617		3093984		3360
722		2611		3098700		3363
723		2595		3103414		3361
724		2596		3108127		3356
725		2603		3112839		3351
726		2592		3117557		3349
727		2575		3122273		3363
728		2574		3126987		3355
729		2590		3131701		3356
730		2606		3136418		3358
731		2622		3141134		3358
732		2620		3145851		3358
733		2608		3150568		3367
734		2585		3150752		3364
735		2599		3150909		3356
736		2569		3151045		3360
737		2553		3151164		3363
738		2540		3151311		3358
739		2506		3151407		3364
740		2494		3151488		3364
741		2488		3151566		3373
742		2489		3151656		3372
743		2491		3151758		3367
744		2487		3151843		3373
745		2469		3151930		3372
746		2464		3152006		3367
747		2467		3152075		3368
748		2461		3152121		3369
749		2460		3152178		3369
750		2453		3152234		3367
751		2448		3152291		3377
752		2434		3152331		3374
753		2440		3152369		3379
754		2425		3152419		3379
755		2424		3152453		3379
756		2423		3152499		3378
757		2415		3152539		3378
758		2415		3152592		3378
759		2417		3152642		3380
760		2417		3152713		3385
761		2414		3152772		3378
762		2400		3152825		3381
763		2387		3152861		3381
764		2388		3152886		3386
765		2386		3152906		3382
766		2377		3152933		3382
767		2378		3152943		3384
768		2378		3152967		3381
769		2381		3152990		3386
770		2376		3153010		3384
771		2375		3153023		3386
772		2377		3153039		3387
773		2374		3153063		3387
774		2375		3153084		3390
775		2373		3153104		3385
776		2371		3153130		3388
777		2366		3153140		3386
778		2359		3153152		3385
779		2360		3153160		3381
780		2363		3153172		3385
781		2363		3153191		3379
782		2362		3153202		3381
783		2361		3153212		3380
784		2366		3153238		3381
785		2361		3153260		3383
786		2351		3153274		3384
787		2357		3153289		3385
788		2357		3153305		3383
789		2355		3153317		3389
790		2352		3153330		3390
791		2356		3153344		3391
792		2358		3153358		3390
793		2356		3153371		3391
794		2356		3153388		3394
795		2357		3153401		3393
796		2355		3153411		3397
797		2351		3153421		3393
798		2350		3153429		3393
799		2344		3153443		3394
800		2344		3153448		3394
801		2410		3158163		3395
802		2449		3162879		3384
803		2485		3167597		3388
804		2498		3172315		3373
805		2516		3177034		3379
806		2519		3181751		3379
807		2548		3186469		3395
808		2580		3191188		3371
809		2547		3195907		3382
810		2542		3200625		3382
811		2529		3205343		3386
812		2570		3210062		3389
813		2572		3214781		3373
814		2586		3219495		3392
815		2609		3224214		3386
816		2598		3228934		3399
817		2626		3233652		3390
818		2624		3238371		3387
819		2629		3243090		3389
820		2594		3247809		3388
821		2598		3252528		3401
822		2614		3257246		3380
823		2631		3261966		3386
824		2642		3266685		3373
825		2630		3271403		3388
826		2613		3276122		3372
827		2605		3280839		3376
828		2600		3285557		3371
829		2608		3290276		3371
830		2642		3294995		3388
831		2642		3299714		3387
832		2627		3304433		3388
833		2600		3309149		3406
834		2616		3313868		3390
835		2617		3318587		3394
836		2644		3323304		3390
837		2625		3328023		3404
838		2662		3332740		3390
839		2656		3337459		3398
840		2654		3342175		3400
841		2674		3346895		3385
842		2695		3351615		3398
843		2641		3356332		3401
844		2698		3361050		3389
845		2675		3365767		3386
846		2685		3370486		3391
847		2668		3375206		3386
848		2703		3379925		3373
849		2656		3384642		3397
850		2671		3389361		3391
851		2667		3394079		3368
852		2642		3398796		3386
853		2673		3403514		3383
854		2685		3408230		3377
855		2703		3412948		3391
856		2669		3417664		3379
857		2681		3422381		3376
858		2678		3427100		3387
859		2643		3431817		3381
860		2656		3436535		3377
861		2609		3441254		3384
862		2611		3445972		3369
863		2635		3450690		3379
864		2663		3455409		3388
865		2656		3460127		3385
866		2664		3464845		3396
867		2642		3469564		3393
868		2639		3474283		3391
869		2638		3479003		3397
870		2652		3483721		3387
871		2646		3488440		3405
872		2658		3493160		3396
873		2677		3497878		3394
874		2660		3502595		3387
875		2635		3507313		3400
876		2613		3512032		3406
877		2636		3516748		3389
878		2683		3521466		3411
879		2636		3526185		3394
880		2666		3530903		3390
881		2657		3535622		3390
882		2634		3540340		3383
883		2635		3545058		3380
884		2635		3549777		3379
885		2662		3554496		3383
886		2670		3559214		3386
887		2635		3563932		3391
888		2629		3568650		3394
889		2585		3573369		3406
890		2602		3578087		3390
891		2624		3582804		3385
892		2628		3587520		3374
893		2632		3592239		3395
894		2593		3596957		3383
895		2614		3601677		3380
896		2627		3606394		3387
897		2619		3611112		3386
898		2617		3615831		3392
899		2649		3620549		3393
900		2634		3625269		3378
901		2607		3629987		3384
902		2650		3634707		3373
903		2631		3639427		3373
904		2632		3644147		3367
905		2608		3648866		3367
906		2619		3653585		3370
907		2585		3658304		3367
908		2606		3663024		3372
909		2626		3667742		3371
910		2659		3672461		3363
911		2669		3677177		3358
912		2664		3681893		3364
913		2640		3686611		3368
914		2635		3691330		3370
915		2639		3696048		3368
916		2633		3700768		3369
917		2661		3705485		3374
918		2620		3710201		3389
919		2617		3714921		3376
920		2627		3719640		3377
921		2630		3724356		3365
922		2615		3729075		3381
923		2604		3733793		3384
924		2573		3738510		3378
925		2581		3743228		3363
926		2575		3747945		3373
927		2592		3752663		3391
928		2586		3757382		3377
929		2608		3762100		3378
930		2612		3766820		3377
931		2574		3771538		3387
932		2558		3776257		3364
933		2552		3780976		3376
934		2528		3785693		3372
935		2538		3790412		3387
936		2526		3795130		3368
937		2546		3799847		3374
938		2545		3804564		3378
939		2509		3809282		3373
940		2502		3814001		3364
941		2496		3818715		3375
942		2511		3823432		3384
943		2532		3828151		3370
944		2502		3832868		3385
945		2516		3837585		3381
946		2520		3842304		3371
947		2521		3847022		3382
948		2531		3851740		3376
949		2500		3856459		3375
950		2507		3861177		3369
951		2512		3865895		3373
952		2497		3870613		3378
953		2497		3875332		3383
954		2477		3880050		3382
955		2471		3884769		3372
956		2471		3889486		3378
957		2468		3894204		3380
958		2448		3898921		3384
959		2444		3903637		3379
960		2462		3908354		3370
961		2454		3913072		3364
962		2427		3917789		3371
963		2431		3922506		3372
964		2442		3927223		3365
965		2440		3931941		3363
966		2447		3936659		3368
967		2427		3941377		3360
968		2456		3946095		3366
969		2439		3950813		3354
970		2437		3955532		3345
971		2441		3960247		3370
972		2433		3964964		3372
973		2447		3969681		3371
974		2446		3974400		3369
975		2422		3979117		3374
976		2438		3983835		3381
977		2466		3988553		3374
978		2424		3993269		3383
979		2430		3997989		3380
980		2449		4002707		3376
981		2447		4007422		3378
982		2462		4012137		3392
983		2439		4016856		3387
984		2413		4021573		3391
985		2413		4026288		3394
986		2415		4031005		3406
987		2419		4035723		3386
988		2411		4040439		3391
989		2398		4045157		3371
990		2427		4049874		3383
991		2411		4054594		3389
992		2397		4059308		3392
993		2386		4064025		3390
994		2420		4068744		3405
995		2403		4073463		3395
996		2404		4078180		3392
997		2406		4082895		3387
998		2412		4087614		3384
999		2420		4092330		3392
1000		2432		4097049		3395
1001		2423		4101763		3396
1002		2423		4106481		3394
1003		2429		4111199		3398
1004		2417		4115916		3383
1005		2386		4120633		3396
1006		2394		4125351		3397
1007		2407		4130068		3392
1008		2405		4134785		3381
1009		2399		4139500		3388
1010		2411		4144218		3393
1011		2400		4148932		3389
1012		2388		4153650		3389
1013		2414		4158366		3400
1014		2416		4163084		3398
1015		2382		4167803		3388
1016		2384		4172519		3389
1017		2388		4177235		3394
1018		2409		4181951		3398
1019		2405		4186668		3389
1020		2381		4191383		3388
1021		2384		4196099		3399
1022		2379		4200811		3399
1023		2390		4205528		3400
1024		2393		4210242		3393
1025		2387		4214958		3398
1026		2383		4219673		3389
1027		2406		4224388		3381
1028		2372		4229104		3394
1029		2370		4233822		3384
1030		2373		4238538		3385
1031		2361		4243256		3392
1032		2379		4247974		3386
1033		2370		4252689		3384
1034		2350		4257406		3394
1035		2340		4262122		3394
1036		2356		4266838		3389
1037		2350		4271552		3393
1038		2336		4276269		3386
1039		2340		4280983		3397
1040		2334		4285698		3384
1041		2342		4290415		3400
1042		2344		4295129		3399
1043		2347		4299846		3399
1044		2329		4304560		3393
1045		2333		4309275		3385
1046		2339		4313990		3393
1047		2318		4318703		3395
1048		2328		4323421		3398
1049		2347		4328137		3385
1050		2332		4332850		3391
1051		2345		4337566		3394
1052		2342		4342282		3398
1053		2359		4346997		3394
1054		2350		4351711		3390
1055		2326		4356424		3400
1056		2335		4361136		3396
1057		2343		4365851		3398
1058		2358		4370564		3398
1059		2356		4375279		3398
1060		2344		4379995		3393
1061		2338		4384714		3382
1062		2344		4389430		3385
1063		2333		4394148		3393
1064		2328		4398863		3385
1065		2323		4403578		3392
1066		2320		4408293		3389
1067		2321		4413007		3391
1068		2335		4417725		3373
1069		2328		4422443		3381
1070		2342		4427156		3380
1071		2327		4431875		3390
1072		2314		4436589		3385
1073		2328		4441307		3370
1074		2313		4446021		3371
1075		2319		4450737		3364
1076		2321		4455451		3363
1077		2332		4460167		3377
1078		2322		4464880		3378
1079		2334		4469598		3374
1080		2333		4474315		3376
1081		2313		4479029		3372
1082		2319		4483745		3366
1083		2313		4488462		3378
1084		2306		4493177		3373
1085		2303		4497890		3367
1086		2311		4502608		3377
1087		2292		4507324		3382
1088		2292		4512041		3385
1089		2304		4516756		3384
1090		2310		4521471		3385
1091		2329		4526188		3378
1092		2332		4530901		3381
1093		2308		4535617		3387
1094		2296		4540332		3380
1095		2325		4545050		3388
1096		2311		4549765		3395
1097		2317		4554483		3381
1098		2324		4559200		3378
1099		2328		4563916		3386
1100		2302		4568632		3377
1101		2316		4573347		3392
1102		2311		4578063		3391
1103		2326		4582781		3389
1104		2327		4587497		3379
1105		2302		4592212		3385
1106		2291		4596929		3379
1107		2303		4601645		3377
1108		2290		4606363		3386
1109		2283		4611078		3380
1110		2292		4615794		3400
1111		2304		4620509		3399
1112		2284		4625225		3394
1113		2286		4629944		3397
1114		2284		4634662		3404
1115		2280		4639373		3395
1116		2285		4644092		3395
1117		2279		4648809		3401
1118		2286		4653527		3400
1119		2294		4658244		3389
1120		2283		4662957		3400
1121		2279		4667673		3391
1122		2281		4672385		3386
1123		2261		4677102		3392
1124		2261		4681817		3399
1125		2268		4686531		3390
1126		2268		4691247		3399
1127		2275		4695963		3404
1128		2272		4700677		3389
1129		2273		4705393		3393
1130		2279		4710111		3394
1131		2288		4714825		3391
1132		2284		4719543		3390
1133		2290		4724258		3387
1134		2256		4724402		3401
1135		2235		4724498		3395
1136		2230		4724573		3393
1137		2232		4724662		3393
1138		2220		4724748		3395
1139		2222		4724834		3393
1140		2203		4724896		3391
1141		2191		4724960		3381
1142		2188		4725018		3377
1143		2177		4725076		3383
1144		2174		4725123		3377
1145		2166		4725181		3379
1146		2153		4725230		3382
1147		2146		4725283		3380
1148		2143		4725325		3376
1149		2138		4725364		3369
1150		2131		4725393		3371
1151		2126		4725426		3367
1152		2126		4725455		3373
1153		2122		4725484		3369
1154		2118		4725516		3370
1155		2114		4725546		3376
1156		2110		4725582		3371
1157		2107		4725599		3375
1158		2114		4725620		3377
1159		2109		4725647		3376
1160		2105		4725666		3379
1161		2104		4725694		3378
1162		2104		4725711		3377
1163		2103		4725732		3378
1164		2101		4725758		3378
1165		2097		4725775		3373
1166		2102		4725801		3375
1167		2097		4725820		3371
1168		2094		4725851		3370
1169		2096		4725869		3369
1170		2092		4725888		3372
1171		2098		4725911		3369
1172		2097		4725938		3371
1173		2101		4725962		3375
1174		2102		4725997		3368
1175		2099		4726020		3373
1176		2090		4726042		3372
1177		2092		4726063		3370
1178		2084		4726091		3373
1179		2089		4726112		3371
1180		2091		4726134		3370
1181		2085		4726154		3372
1182		2091		4726174		3368
1183		2084		4726192		3374
1184		2083		4726212		3372
1185		2077		4726219		3370
1186		2074		4726228		3371
1187		2074		4726237		3370
1188		2076		4726247		3370
1189		2070		4726259		3372
1190		2060		4726268		3370
1191		2061		4726271		3369
1192		2065		4726275		3369
1193		2059		4726281		3368
1194		2058		4726284		3367
1195		2060		4726289		3367
1196		2060		4726292		3367
1197		2059		4726298		3369
1198		2059		4726299		3370
1199		2057		4726301		3368
1200		2056		4726302		3368
1201		2110		4731018		3372
1202		2140		4735737		3369
1203		2137		4740453		3365
1204		2160		4745173		3372
1205		2168		4749891		3364
1206		2182		4754610		3369
1207		2193		4759328		3365
1208		2192		4764047		3361
1209		2197		4768765		3377
1210		2190		4773481		3368
1211		2203		4778200		3368
1212		2189		4782919		3365
1213		2205		4787639		3363
1214		2197		4792357		3373
1215		2215		4797076		3372
1216		2227		4801795		3372
1217		2222		4806513		3370
1218		2235		4811232		3365
1219		2229		4815952		3372
1220		2245		4820672		3359
1221		2248		4825392		3367
1222		2235		4830111		3363
1223		2235		4834830		3360
1224		2282		4839549		3367
1225		2275		4844268		3373
1226		2283		4848988		3362
1227		2283		4853706		3358
1228		2260		4858425		3365
1229		2276		4863145		3373
1230		2261		4867862		3380
1231		2295		4872579		3388
1232		2276		4877295		3379
1233		2255		4882015		3365
1234		2276		4886734		3352
1235		2281		4891452		3363
1236		2269		4896168		3357
1237		2285		4900887		3377
1238		2273		4905606		3371
1239		2293		4910325		3362
1240		2301		4915044		3377
1241		2304		4919763		3385
1242		2297		4924483		3371
1243		2315		4929201		3367
1244		2295		4933919		3375
1245		2307		4938637		3383
1246		2308		4943354		3386
1247		2271		4948073		3386
1248		2303		4952793		3364
1249		2315		4957511		3366
1250		2322		4962229		3382
1251		2332		4966948		3377
1252		2336		4971666		3368
1253		2332		4976384		3366
1254		2308		4981103		3369
1255		2308		4985821		3379
1256		2316		4990539		3360
1257		2304		4995259		3380
1258		2307		4999978		3383
1259		2316		5004696		3386
1260		2339		5009415		3380
1261		2331		5014134		3376
1262		2319		5018853		3370
1263		2310		5023569		3381
1264		2293		5028289		3389
1265		2287		5033007		3373
1266		2283		5037727		3381
1267		2257		5042445		3369
1268		2249		5047165		3370
1269		2270		5051884		3371
1270		2244		5056603		3363
1271		2257		5061322		3371
1272		2268		5066041		3366
1273		2241		5070758		3357
1274		2223		5075477		3348
1275		2219		5080196		3365
1276		2247		5084916		3357
1277		2260		5089633		3366
1278		2280		5094353		3329
1279		2267		5099071		3342
1280		2252		5103790		3351
1281		2254		5108507		3346
1282		2234		5113226		3362
1283		2234		5117945		3361
1284		2252		5122663		3346
1285		2237		5127378		3353
1286		2213		5132097		3362
1287		2252		5136816		3361
1288		2252		5141533		3355
1289		2229		5146249		3369
1290		2281		5150964		3369
1291		2251		5155681		3370
1292		2274		5160399		3360
1293		2267		5165115		3350
1294		2244		5169835		3354
1295		2266		5174552		3348
1296		2272		5179270		3346
1297		2258		5183988		3345
1298		2279		5188705		3346
1299		2281		5193421		3348
1300		2289		5198140		3358
1301		2289		5202855		3365
1302		2291		5207572		3358
1303		2245		5212291		3357
1304		2251		5217010		3365
1305		2263		5221726		3369
1306		2257		5226445		3383
1307		2260		5231162		3369
1308		2267		5235881		3372
1309		2260		5240600		3374
1310		2234		5245316		3373
1311		2251		5250032		3375
1312		2220		5254749		3373
1313		2278		5259468		3367
1314		2266		5264188		3367
1315		2244		5268906		3363
1316		2234		5273623		3363
1317		2227		5278340		3349
1318		2230		5283058		3351
1319		2229		5287775		3350
1320		2252		5292490		3366
1321		2229		5297208		3360
1322		2254		5301925		3361
1323		2277		5306643		3345
1324		2292		5311362		3349
1325		2288		5316081		3364
1326		2246		5320801		3363
1327		2234		5325518		3344
1328		2221		5330238		3361
1329		2255		5334955		3353
1330		2246		5339673		3358
1331		2229		5344392		3355
1332		2234		5349112		3351
1333		2250		5353831		3355
1334		2261		5358548		3345
1335		2233		5363264		3358
1336		2254		5367981		3351
1337		2245		5372701		3351
1338		2225		5377421		3351
1339		2235		5382140		3351
1340		2211		5386858		3359
1341		2203		5391577		3355
1342		2223		5396296		3365
1343		2225		5401014		3356
1344		2202		5405732		3347
1345		2219		5410450		3360
1346		2218		5415166		3357
1347		2209		5419883		3371
1348		2214		5424602		3362
1349		2213		5429319		3360
1350		2211		5434038		3360
1351		2220		5438758		3369
1352		2204		5443474		3365
1353		2228		5448194		3351
1354		2208		5452911		3355
1355		2205		5457630		3360
1356		2215		5462349		3361
1357		2222		5467066		3353
1358		2228		5471783		3357
1359		2228		5476502		3351
1360		2219		5481221		3357
1361		2208		5485940		3358
1362		2198		5490659		3360
1363		2188		5495376		3362
1364		2206		5500094		3367
1365		2181		5504810		3357
1366		2183		5509528		3355
1367		2157		5514245		3352
1368		2153		5518962		3346
1369		2157		5523679		3346
1370		2170		5528396		3352
1371		2169		5533113		3353
1372		2170		5537830		3360
1373		2213		5542549		3360
1374		2190		5547265		3351
1375		2186		5551984		3350
1376		2191		5556703		3346
1377		2183		5561422		3343
1378		2200		5566138		3354
1379		2191		5570858		3349
1380		2192		5575578		3343
1381		2186		5580295		3354
1382		2164		5585011		3347
1383		2182		5589727		3351
1384		2190		5594443		3346
1385		2180		5599161		3361
1386		2175		5603879		3343
1387		2172		5608599		3347
1388		2177		5613314		3350
1389		2182		5618032		3354
1390		2180		5622747		3349
1391		2186		5627467		3358
1392		2189		5632186		3349
1393		2202		5636904		3359
1394		2195		5641624		3368
1395		2203		5646344		3361
1396		2217		5651060		3363
1397		2210		5655777		3359
1398		2184		5660495		3363
1399		2183		5665213		3367
1400		2212		5669931		3359
1401		2216		5674645		3358
1402		2199		5679365		3354
1403		2187		5684082		3376
1404		2187		5688799		3361
1405		2191		5693518		3379
1406		2200		5698236		3369
1407		2198		5702956		3366
1408		2193		5707674		3363
1409		2205		5712392		3358
1410		2212		5717110		3362
1411		2217		5721828		3365
1412		2221		5726544		3366
1413		2223		5731262		3365
1414		2212		5735982		3365
1415		2219		5740700		3368
1416		2223		5745418		3366
1417		2186		5750135		3356
1418		2180		5754850		3357
1419		2204		5759568		3365
1420		2206		5764288		3375
1421		2203		5769005		3372
1422		2194		5773722		3371
1423		2192		5778439		3361
1424		2189		5783159		3363
1425		2220		5787877		3372
1426		2194		5792594		3361
1427		2214		5797314		3373
1428		2210		5802031		3360
1429		2200		5806747		3373
1430		2186		5811466		3366
1431		2168		5816183		3360
1432		2172		5820902		3376
1433		2187		5825618		3358
1434		2177		5830334		3365
1435		2169		5835050		3368
1436		2176		5839766		3361
1437		2171		5844484		3366
1438		2172		5849201		3366
1439		2166		5853919		3377
1440		2183		5858636		3367
1441		2177		5863350		3362
1442		2167		5868067		3367
1443		2175		5872785		3361
1444		2159		5877503		3355
1445		2173		5882218		3371
1446		2158		5886933		3370
1447		2154		5891650		3361
1448		2153		5896367		3374
1449		2141		5901082		3368
1450		2169		5905802		3382
1451		2148		5910519		3369
1452		2153		5915233		3371
1453		2135		5919951		3365
1454		2145		5924669		3357
1455		2144		5929387		3367
1456		2146		5934102		3371
1457		2147		5938818		3374
1458		2159		5943531		3381
1459		2157		5948250		3373
1460		2176		5952967		3373
1461		2187		5957681		3369
1462		2178		5962398		3374
1463		2189		5967113		3375
1464		2161		5971830		3379
1465		2152		5976547		3371
1466		2172		5981265		3372
1467		2181		5985981		3368
1468		2163		5990695		3373
1469		2165		5995411		3376
1470		2171		6000127		3372
1471		2159		6004843		3371
1472		2144		6009561		3360
1473		2146		6014277		3363
1474		2149		6018993		3372
1475		2153		6023712		3364
1476		2142		6028427		3373
1477		2131		6033142		3378
1478		2129		6037858		3373
1479		2130		6042575		3371
1480		2151		6047293		3377
1481		2162		6052012		3359
1482		2144		6056730		3370
1483		2150		6061448		3359
1484		2151		6066165		3364
1485		2157		6070881		3360
1486		2152		6075599		3362
1487		2155		6080315		3370
1488		2142		6085031		3374
1489		2140		6089747		3365
1490		2134		6094462		3364
1491		2131		6099175		3367
1492		2145		6103890		3371
1493		2147		6108605		3375
1494		2138		6113318		3372
1495		2132		6118035		3369
1496		2115		6122750		3369
1497		2115		6127469		3367
1498		2120		6132184		3370
1499		2122		6136902		3368
1500		2112		6141619		3368
1501		2111		6146335		3370
1502		2110		6151052		3370
1503		2101		6155768		3370
1504		2109		6160481		3367
1505		2098		6165199		3370
1506		2097		6169916		3372
1507		2101		6174635		3370
1508		2083		6179353		3362
1509		2101		6184067		3359
1510		2115		6188783		3357
1511		2102		6193495		3361
1512		2113		6198212		3363
1513		2093		6202929		3358
1514		2099		6207644		3360
1515		2106		6212361		3358
1516		2110		6217077		3370
1517		2116		6221794		3373
1518		2108		6226510		3366
1519		2113		6231229		3373
1520		2116		6235945		3363
1521		2114		6240664		3370
1522		2110		6245382		3370
1523		2106		6250101		3361
1524		2107		6254819		3366
1525		2114		6259535		3359
1526		2118		6264253		3361
1527		2128		6268969		3350
1528		2122		6273688		3363
1529		2126		6278406		3350
1530		2115		6283124		3358
1531		2118		6287841		3364
1532		2144		6292560		3368
1533		2136		6297277		3364
1534		2125		6297409		3368
1535		2107		6297524		3365
1536		2095		6297623		3362
1537		2101		6297711		3364
1538		2102		6297823		3365
1539		2095		6297945		3365
1540		2091		6298061		3365
1541		2076		6298158		3371
1542		2071		6298241		3366
1543		2065		6298320		3365
1544		2045		6298392		3369
1545		2036		6298458		3362
1546		2047		6298526		3363
1547		2036		6298594		3360
1548		2029		6298652		3364
1549		2022		6298698		3355
1550		2016		6298732		3353
1551		2003		6298773		3359
1552		1987		6298805		3362
1553		1990		6298838		3359
1554		1987		6298857		3357
1555		1983		6298881		3361
1556		1988		6298900		3356
1557		1982		6298928		3360
1558		1976		6298958		3358
1559		1979		6298982		3353
1560		1977		6299013		3354
1561		1982		6299040		3357
1562		1986		6299063		3357
1563		1988		6299092		3361
1564		1981		6299121		3358
1565		1986		6299146		3358
1566		1977		6299176		3363
1567		1980		6299207		3362
1568		1979		6299225		3360
1569		1982		6299255		3358
1570		1975		6299281		3363
1571		1974		6299301		3360
1572		1978		6299322		3356
1573		1981		6299348		3356
1574		1985		6299373		3353
1575		1977		6299398		3357
1576		1971		6299419		3356
1577		1970		6299444		3360
1578		1971		6299472		3360
1579		1968		6299495		3355
1580		1967		6299520		3363
1581		1961		6299540		3362
1582		1964		6299570		3357
1583		1966		6299592		3357
1584		1962		6299615		3355
1585		1959		6299631		3354
1586		1963		6299653		3359
1587		1959		6299679		3359
1588		1959		6299695		3356
1589		1951		6299719		3356
1590		1947		6299743		3355
1591		1945		6299756		3355
1592		1947		6299767		3356
1593		1948		6299779		3354
1594		1945		6299789		3353
1595		1945		6299796		3352
1596		1943		6299804		3349
1597		1944		6299814		3354
1598		1944		6299823		3352
1599		1941		6299838		3352
1600		1942		6299847		3354
1601		1983		6304565		3357
1602		2009		6309285		3362
1603		2025		6314005		3358
1604		2045		6318724		3371
1605		2051		6323442		3363
1606		2051		6328162		3353
1607		2067		6332880		3351
1608		2063		6337597		3353
1609		2078		6342314		3354
1610		2077		6347034		3347
1611		2069		6351754		3367
1612		2081		6356472		3373
1613		2083		6361192		3361
1614		2100		6365912		3358
1615		2081		6370632		3358
1616		2093		6375352		3358
1617		2085		6380072		3355
1618		2089		6384791		3352
1619		2100		6389509		3364
1620		2117		6394228		3358
1621		2107		6398945		3366
1622		2154		6403665		3362
1623		2136		6408385		3359
1624		2159		6413105		3369
1625		2170		6417825		3360
1626		2161		6422542		3348
1627		2181		6427262		3354
1628		2139		6431981		3356
1629		2148		6436701		3370
1630		2155		6441420		3365
1631		2148		6446140		3370
1632		2132		6450855		3361
1633		2156		6455571		3360
1634		2126		6460290		3372
1635		2152		6465010		3356
1636		2159		6469729		3360
1637		2184		6474447		3364
1638		2174		6479167		3347
1639		2185		6483886		3370
1640		2183		6488604		3372
1641		2188		6493323		3360
1642		2152		6498042		3381
1643		2159		6502758		3375
1644		2166		6507478		3368
1645		2164		6512197		3359
1646		2146		6516915		3359
1647		2141		6521635		3352
1648		2132		6526353		3359
1649		2148		6531071		3359
1650		2162		6535790		3363
1651		2194		6540507		3382
1652		2182		6545224		3366
1653		2175		6549941		3372
1654		2121		6554660		3370
1655		2139		6559380		3355
1656		2138		6564096		3358
1657		2122		6568816		3361
1658		2146		6573532		3358
1659		2167		6578250		3369
1660		2188		6582968		3360
1661		2203		6587687		3367
1662		2164		6592406		3342
1663		2175		6597125		3352
1664		2164		6601844		3369
1665		2138		6606562		3357
1666		2129		6611280		3349
1667		2135		6615998		3361
1668		2146		6620717		3361
1669		2179		6625436		3361
1670		2173		6630155		3362
1671		2174		6634875		3359
1672		2144		6639594		3363
1673		2160		6644314		3350
1674		2141		6649034		3368
1675		2139		6653753		3359
1676		2167		6658473		3370
1677		2163		6663190		3361
1678		2177		6667906		3364
1679		2179		6672625		3350
1680		2183		6677345		3358
1681		2180		6682065		3359
1682		2166		6686782		3351
1683		2180		6691502		3355
1684		2161		6696221		3348
1685		2189		6700940		3349
1686		2183		6705659		3353
1687		2156		6710376		3365
1688		2172		6715095		3369
1689		2185		6719814		3347
1690		2190		6724532		3350
1691		2170		6729252		3359
1692		2213		6733966		3353
1693		2214		6738679		3352
1694		2201		6743398		3359
1695		2230		6748115		3347
1696		2191		6752835		3345
1697		2199		6757554		3354
1698		2202		6762273		3345
1699		2200		6766993		3362
1700		2203		6771712		3367
1701		2194		6776430		3359
1702		2177		6781150		3356
1703		2180		6785869		3369
1704		2172		6790587		3364
1705		2162		6795307		3368
1706		2179		6800024		3361
1707		2175		6804742		3374
1708		2162		6809461		3358
1709		2173		6814180		3371
1710		2174		6818898		3359
1711		2184		6823615		3360
1712		2197		6828333		3365
1713		2189		6833052		3358
1714		2172		6837772		3365
1715		2179		6842491		3371
1716		2212		6847209		3366
1717		2185		6851927		3362
1718		2171		6856645		3355
1719		2174		6861362		3373
1720		2207		6866080		3377
1721		2159		6870799		3369
1722		2155		6875515		3363
1723		2145		6880231		3363
1724		2143		6884951		3343
1725		2156		6889669		3350
1726		2157		6894389		3356
1727		2158		6899109		3363
1728		2153		6903827		3358
1729		2119		6908544		3361
1730		2107		6913260		3350
1731		2108		6917980		3361
1732		2107		6922696		3355
1733		2129		6927414		3355
1734		2119		6932132		3364
1735		2123		6936849		3360
1736		2102		6941567		3353
1737		2090		6946284		3348
1738		2109		6951001		3342
1739		2089		6955721		3346
1740		2104		6960437		3364
1741		2112		6965156		3354
1742		2098		6969874		3354
1743		2134		6974592		3357
1744		2104		6979308		3364
1745		2114		6984024		3369
1746		2124		6988741		3368
1747		2112		6993459		3366
1748		2088		6998178		3371
1749		2136		7002897		3362
1750		2121		7007617		3364
1751		2108		7012335		3361
1752		2126		7017055		3370
1753		2118		7021773		3362
1754		2134		7026489		3363
1755		2123		7031208		3356
1756		2130		7035925		3362
1757		2116		7040643		3361
1758		2120		7045362		3355
1759		2154		7050079		3351
1760		2146		7054798		3371
1761		2172		7059514		3369
1762		2137		7064232		3356
1763		2144		7068951		3359
1764		2141		7073668		3361
1765		2146		7078387		3369
1766		2148		7083107		3367
1767		2156		7087823		3371
1768		2162		7092542		3368
1769		2159		7097260		3354
1770		2141		7101978		3365
1771		2139		7106698		3363
1772		2143		7111416		3354
1773		2118		7116134		3358
1774		2128		7120854		3360
1775		2112		7125572		3363
1776		2112		7130288		3365
1777		2121		7135008		3364
1778		2119		7139727		3373
1779		2116		7144443		3374
1780		2107		7149158		3373
1781		2096		7153877		3365
1782		2103		7158593		3360
1783		2104		7163313		3363
1784		2115		7168032		3372
1785		2150		7172747		3375
1786		2148		7177462		3367
1787		2122		7182179		3382
1788		2111		7186897		3386
1789		2125		7191615		3392
1790		2111		7196332		3384
1791		2115		7201051		3374
1792		2110		7205770		3378
1793		2124		7210487		3381
1794		2125		7215203		3389
1795		2124		7219922		3389
1796		2122		7224641		3375
1797		2123		7229358		3374
1798		2087		7234074		3386
1799		2078		7238792		3387
1800		2057		7243511		3394
1801		2075		7248225		3394
1802		2076		7252943		3393
1803		2076		7257661		3391
1804		2073		7262376		3385
1805		2042		7267092		3382
1806		2042		7271808		3382
1807		2052		7276526		3385
1808		2048		7281245		3377
1809		2057		7285963		3386
1810		2052		7290681		3387
1811		2068		7295398		3381
1812		2065		7300116		3396
1813		2079		7304834		3385
1814		2078		7309552		3379
1815		2063		7314267		3382
1816		2069		7318984		3391
1817		2054		7323700		3392
1818		2050		7328415		3380
1819		2037		7333133		3380
1820		2036		7337848		3376
1821		2033		7342564		3392
1822		2040		7347280		3389
1823		2037		7351995		3378
1824		2027		7356713		3383
1825		2040		7361429		3388
1826		2052		7366146		3389
1827		2065		7370863		3390
1828		2036		7375580		3385
1829		2037		7380298		3377
1830		2037		7385015		3374
1831		2024		7389730		3375
1832		2048		7394447		3382
1833		2033		7399165		3369
1834		2024		7403881		3367
1835		2019		7408599		3376
1836		2034		7413318		3378
1837		2029		7418036		3377
1838		2028		7422752		3375
1839		2031		7427468		3373
1840		2037		7432187		3373
1841		2039		7436906		3383
1842		2036		7441624		3382
1843		2061		7446342		3361
1844		2015		7451060		3364
1845		2005		7455773		3374
1846		2012		7460487		3375
1847		2008		7465201		3376
1848		2008		7469916		3383
1849		2010		7474634		3389
1850		2016		7479352		3381
1851		2031		7484070		3378
1852		2041		7488787		3385
1853		2036		7493505		3386
1854		2049		7498220		3383
1855		2035		7502938		3367
1856		2036		7507654		3376
1857		2005		7512369		3369
1858		2026		7517085		3374
1859		2016		7521802		3375
1860		2017		7526518		3357
1861		2008		7531235		3362
1862		2012		7535952		3355
1863		2000		7540670		3364
1864		2019		7545386		3364
1865		2025		7550097		3347
1866		2005		7554815		3355
1867		2039		7559532		3360
1868		2037		7564249		3370
1869		2024		7568968		3372
1870		2033		7573685		3377
1871		2039		7578399		3375
1872		2036		7583116		3374
1873		2029		7587832		3373
1874		2038		7592550		3367
1875		2046		7597266		3361
1876		2037		7601984		3356
1877		2035		7606703		3360
1878		2030		7611419		3364
1879		2039		7616132		3364
1880		2054		7620851		3369
1881		2066		7625570		3375
1882		2038		7630289		3358
1883		2047		7635004		3366
1884		2026		7639723		3374
1885		2026		7644442		3366
1886		2028		7649158		3373
1887		2022		7653876		3361
1888		2021		7658593		3373
1889		2040		7663310		3365
1890		2020		7668024		3364
1891		2026		7672743		3365
1892		2040		7677457		3364
1893		2033		7682176		3370
1894		2037		7686892		3364
1895		2032		7691609		3366
1896		2031		7696325		3366
1897		2013		7701042		3369
1898		2012		7705757		3370
1899		2017		7710468		3373
1900		2015		7715186		3372
1901		2006		7719903		3368
1902		2008		7724623		3370
1903		2003		7729337		3368
1904		2011		7734054		3367
1905		2011		7738768		3367
1906		2018		7743486		3375
1907		2027		7748204		3377
1908		2023		7752922		3369
1909		1997		7757636		3375
1910		2001		7762355		3376
1911		2018		7767075		3374
1912		2014		7771795		3368
1913		2015		7776511		3367
1914		2006		7781226		3365
1915		2011		7785944		3380
1916		2010		7790659		3369
1917		2008		7795374		3375
1918		2006		7800090		3375
1919		2001		7804802		3359
1920		1996		7809517		3367
1921		2004		7814235		3367
1922		2001		7818954		3366
1923		2012		7823670		3369
1924		1989		7828388		3371
1925		1995		7833105		3374
1926		2007		7837820		3365
1927		1993		7842533		3360
1928		1987		7847249		3355
1929		2005		7851963		3352
1930		1997		7856679		3362
1931		1992		7861397		3360
1932		1999		7866114		3371
1933		1977		7870830		3357
1934		1969		7870914		3356
1935		1949		7871000		3358
1936		1952		7871068		3359
1937		1943		7871137		3364
1938		1941		7871198		3358
1939		1938		7871263		3361
1940		1936		7871332		3352
1941		1929		7871375		3353
1942		1926		7871414		3357
1943		1921		7871461		3350
1944		1914		7871504		3352
1945		1914		7871547		3354
1946		1892		7871594		3351
1947		1897		7871633		3350
1948		1899		7871669		3350
1949		1902		7871713		3348
1950		1901		7871755		3355
1951		1900		7871796		3353
1952		1885		7871834		3352
1953		1884		7871867		3358
1954		1885		7871899		3357
1955		1881		7871937		3360
1956		1877		7871969		3356
1957		1877		7871991		3348
1958		1874		7872019		3355
1959		1871		7872040		3356
1960		1873		7872063		3356
1961		1866		7872087		3358
1962		1862		7872099		3363
1963		1854		7872118		3356
1964		1850		7872133		3357
1965		1852		7872140		3358
1966		1853		7872146		3357
1967		1850		7872157		3359
1968		1849		7872161		3357
1969		1848		7872172		3359
1970		1847		7872177		3359
1971		1848		7872184		3359
1972		1842		7872190		3362
1973		1842		7872193		3362
1974		1842		7872196		3360
1975		1843		7872199		3359
1976		1838		7872206		3362
1977		1837		7872212		3363
1978		1838		7872218		3365
1979		1837		7872226		3362
1980		1836		7872233		3363
1981		1836		7872239		3363
1982		1834		7872249		3362
1983		1836		7872258		3364
1984		1840		7872274		3364
1985		1839		7872285		3362
1986		1843		7872304		3363
1987		1837		7872319		3360
1988		1838		7872328		3357
1989		1836		7872335		3358
1990		1838		7872341		3360
1991		1835		7872348		3356
1992		1837		7872353		3359
1993		1833		7872362		3359
1994		1831		7872367		3358
1995		1833		7872370		3357
1996		1830		7872374		3358
1997		1831		7872378		3356
1998		1834		7872380		3356
1999		1833		7872383		3357
