2,1
9,1
12,1
18,1
20,1
21,1
24,1
26,1
31,1
36,1
39,1
43,1
44,1
50,1
57,1
61,1
63,1
66,1
75,1
82,1
84,1
93,1
94,1
1,2
4,2
5,2
8,2
13,2
23,2
24,2
31,2
36,2
37,2
65,2
66,2
71,2
82,2
84,2
85,2
88,2
4,3
6,3
7,3
11,3
14,3
16,3
27,3
32,3
33,3
34,3
35,3
36,3
38,3
46,3
54,3
58,3
60,3
68,3
81,3
89,3
91,3
92,3
97,3
98,3
99,3
100,3
2,4
3,4
12,4
15,4
18,4
23,4
25,4
26,4
27,4
57,4
65,4
66,4
71,4
73,4
75,4
79,4
85,4
88,4
93,4
95,4
97,4
2,5
15,5
19,5
21,5
29,5
31,5
36,5
43,5
52,5
61,5
63,5
67,5
71,5
82,5
83,5
90,5
94,5
97,5
3,6
7,6
11,6
16,6
17,6
18,6
22,6
28,6
35,6
38,6
41,6
42,6
49,6
50,6
54,6
57,6
60,6
62,6
68,6
69,6
70,6
74,6
75,6
78,6
81,6
91,6
100,6
3,7
6,7
11,7
14,7
17,7
20,7
26,7
27,7
28,7
30,7
32,7
37,7
39,7
40,7
44,7
45,7
46,7
54,7
58,7
62,7
68,7
75,7
80,7
81,7
86,7
89,7
91,7
93,7
98,7
99,7
2,8
9,8
10,8
13,8
15,8
20,8
21,8
23,8
25,8
37,8
39,8
43,8
50,8
52,8
63,8
67,8
71,8
73,8
75,8
95,8
97,8
1,9
8,9
10,9
13,9
25,9
36,9
52,9
53,9
56,9
57,9
63,9
65,9
67,9
73,9
85,9
87,9
94,9
95,9
8,10
9,10
12,10
18,10
26,10
27,10
29,10
44,10
48,10
52,10
53,10
61,10
64,10
65,10
71,10
75,10
85,10
88,10
3,11
6,11
7,11
14,11
30,11
33,11
34,11
42,11
45,11
47,11
49,11
51,11
54,11
55,11
58,11
66,11
69,11
70,11
74,11
77,11
80,11
81,11
85,11
86,11
100,11
1,12
4,12
10,12
19,12
20,12
25,12
27,12
31,12
36,12
37,12
39,12
43,12
56,12
59,12
61,12
63,12
64,12
66,12
71,12
73,12
79,12
82,12
84,12
87,12
88,12
94,12
95,12
97,12
2,13
8,13
9,13
18,13
23,13
24,13
25,13
26,13
27,13
29,13
36,13
44,13
48,13
49,13
50,13
52,13
56,13
57,13
59,13
61,13
63,13
65,13
66,13
67,13
71,13
73,13
79,13
85,13
88,13
90,13
94,13
3,14
7,14
11,14
28,14
29,14
30,14
33,14
35,14
38,14
42,14
44,14
46,14
47,14
60,14
62,14
72,14
77,14
78,14
83,14
86,14
88,14
89,14
92,14
97,14
100,14
4,15
5,15
8,15
18,15
25,15
26,15
27,15
29,15
31,15
39,15
43,15
44,15
48,15
50,15
53,15
56,15
61,15
65,15
73,15
79,15
82,15
83,15
84,15
87,15
93,15
95,15
3,16
6,16
19,16
22,16
27,16
29,16
30,16
32,16
33,16
34,16
35,16
41,16
45,16
46,16
54,16
55,16
65,16
69,16
76,16
77,16
79,16
80,16
89,16
91,16
92,16
93,16
96,16
98,16
100,16
6,17
7,17
23,17
30,17
31,17
32,17
33,17
34,17
35,17
38,17
40,17
42,17
47,17
54,17
55,17
58,17
61,17
69,17
70,17
72,17
76,17
84,17
89,17
91,17
100,17
1,18
4,18
6,18
10,18
13,18
15,18
23,18
27,18
29,18
31,18
36,18
39,18
49,18
52,18
53,18
56,18
75,18
84,18
85,18
87,18
5,19
12,19
16,19
20,19
21,19
25,19
31,19
36,19
50,19
57,19
61,19
63,19
64,19
66,19
79,19
83,19
84,19
85,19
87,19
88,19
90,19
93,19
94,19
1,20
7,20
8,20
12,20
19,20
21,20
24,20
26,20
29,20
37,20
43,20
49,20
52,20
57,20
64,20
65,20
67,20
82,20
83,20
85,20
87,20
93,20
94,20
95,20
1,21
5,21
8,21
19,21
20,21
23,21
24,21
29,21
31,21
36,21
39,21
52,21
57,21
59,21
63,21
65,21
67,21
75,21
84,21
88,21
90,21
93,21
97,21
6,22
16,22
29,22
30,22
32,22
33,22
34,22
35,22
37,22
40,22
42,22
47,22
54,22
55,22
58,22
60,22
63,22
72,22
74,22
80,22
81,22
84,22
85,22
87,22
91,22
96,22
98,22
100,22
2,23
4,23
8,23
13,23
17,23
18,23
21,23
25,23
26,23
31,23
36,23
39,23
43,23
48,23
49,23
50,23
53,23
57,23
59,23
63,23
65,23
66,23
73,23
75,23
83,23
84,23
85,23
88,23
90,23
97,23
1,24
2,24
13,24
20,24
21,24
31,24
36,24
37,24
44,24
53,24
57,24
61,24
64,24
66,24
67,24
71,24
73,24
75,24
82,24
84,24
88,24
93,24
95,24
4,25
8,25
9,25
12,25
13,25
15,25
19,25
23,25
26,25
43,25
44,25
50,25
59,25
65,25
66,25
82,25
83,25
85,25
88,25
94,25
1,26
4,26
7,26
10,26
13,26
15,26
20,26
23,26
25,26
31,26
37,26
43,26
44,26
52,26
53,26
56,26
57,26
59,26
61,26
64,26
67,26
71,26
79,26
83,26
93,26
95,26
3,27
4,27
7,27
10,27
12,27
13,27
15,27
16,27
18,27
37,27
39,27
49,27
52,27
59,27
61,27
66,27
67,27
71,27
75,27
82,27
84,27
85,27
94,27
6,28
7,28
14,28
30,28
33,28
35,28
38,28
40,28
45,28
54,28
63,28
68,28
70,28
78,28
84,28
86,28
89,28
91,28
98,28
100,28
5,29
10,29
13,29
14,29
15,29
16,29
18,29
20,29
21,29
22,29
31,29
37,29
43,29
44,29
50,29
53,29
56,29
57,29
73,29
83,29
88,29
93,29
94,29
97,29
7,30
11,30
14,30
16,30
17,30
22,30
28,30
32,30
33,30
41,30
42,30
52,30
54,30
55,30
57,30
58,30
61,30
66,30
68,30
69,30
70,30
72,30
74,30
78,30
83,30
86,30
91,30
92,30
100,30
1,31
2,31
5,31
12,31
15,31
17,31
18,31
19,31
21,31
23,31
24,31
26,31
29,31
48,31
50,31
52,31
56,31
57,31
61,31
63,31
65,31
79,31
82,31
84,31
90,31
3,32
7,32
16,32
17,32
22,32
30,32
38,32
41,32
43,32
45,32
46,32
54,32
57,32
60,32
61,32
62,32
69,32
70,32
74,32
76,32
81,32
86,32
87,32
91,32
96,32
97,32
3,33
11,33
14,33
16,33
17,33
22,33
28,33
30,33
39,33
40,33
42,33
45,33
46,33
47,33
51,33
60,33
63,33
69,33
77,33
80,33
91,33
96,33
98,33
99,33
3,34
11,34
16,34
17,34
22,34
40,34
41,34
46,34
47,34
68,34
70,34
72,34
77,34
78,34
81,34
91,34
96,34
98,34
99,34
100,34
3,35
6,35
14,35
16,35
17,35
22,35
28,35
39,35
45,35
46,35
50,35
53,35
56,35
57,35
60,35
62,35
64,35
68,35
69,35
70,35
77,35
78,35
81,35
91,35
92,35
100,35
1,36
2,36
3,36
5,36
9,36
12,36
13,36
18,36
19,36
21,36
23,36
24,36
37,36
48,36
49,36
50,36
52,36
56,36
57,36
59,36
61,36
65,36
66,36
71,36
73,36
75,36
79,36
83,36
84,36
87,36
88,36
93,36
2,37
7,37
8,37
12,37
20,37
22,37
24,37
26,37
27,37
29,37
36,37
39,37
48,37
50,37
52,37
67,37
73,37
83,37
90,37
95,37
97,37
3,38
6,38
14,38
17,38
28,38
32,38
39,38
40,38
41,38
46,38
47,38
51,38
54,38
55,38
57,38
58,38
66,38
67,38
70,38
72,38
76,38
78,38
80,38
86,38
89,38
91,38
98,38
99,38
100,38
1,39
7,39
8,39
12,39
15,39
18,39
21,39
23,39
27,39
33,39
35,39
37,39
38,39
44,39
59,39
61,39
63,39
65,39
75,39
79,39
93,39
94,39
97,39
7,40
17,40
22,40
28,40
33,40
34,40
38,40
42,40
43,40
45,40
46,40
47,40
51,40
54,40
56,40
67,40
68,40
70,40
72,40
76,40
78,40
89,40
91,40
92,40
96,40
99,40
100,40
6,41
16,41
30,41
32,41
34,41
38,41
45,41
47,41
50,41
54,41
55,41
58,41
62,41
69,41
70,41
71,41
76,41
80,41
81,41
86,41
88,41
89,41
91,41
92,41
96,41
99,41
6,42
11,42
14,42
17,42
22,42
30,42
33,42
40,42
45,42
46,42
47,42
51,42
53,42
55,42
60,42
62,42
66,42
67,42
69,42
71,42
76,42
78,42
80,42
100,42
1,43
5,43
8,43
12,43
15,43
20,43
23,43
25,43
26,43
29,43
32,43
40,43
44,43
50,43
59,43
65,43
66,43
84,43
88,43
90,43
93,43
1,44
7,44
10,44
13,44
14,44
15,44
24,44
25,44
26,44
29,44
39,44
43,44
52,44
53,44
59,44
64,44
65,44
71,44
73,44
84,44
93,44
94,44
7,45
11,45
16,45
28,45
32,45
33,45
35,45
40,45
41,45
42,45
46,45
50,45
51,45
54,45
60,45
62,45
69,45
74,45
76,45
80,45
81,45
89,45
90,45
96,45
99,45
100,45
3,46
7,46
14,46
16,46
32,46
33,46
34,46
35,46
38,46
40,46
42,46
45,46
54,46
55,46
59,46
62,46
70,46
76,46
81,46
86,46
89,46
96,46
98,46
99,46
11,47
14,47
17,47
22,47
33,47
34,47
38,47
40,47
41,47
42,47
51,47
52,47
58,47
59,47
60,47
62,47
70,47
78,47
87,47
92,47
96,47
100,47
10,48
13,48
15,48
23,48
31,48
36,48
37,48
56,48
57,48
63,48
71,48
75,48
82,48
84,48
93,48
95,48
97,48
6,49
11,49
13,49
18,49
20,49
23,49
27,49
36,49
53,49
57,49
65,49
66,49
67,49
71,49
73,49
82,49
85,49
87,49
94,49
95,49
1,50
6,50
8,50
13,50
15,50
19,50
23,50
25,50
29,50
31,50
35,50
36,50
37,50
41,50
43,50
45,50
56,50
57,50
59,50
61,50
64,50
83,50
93,50
97,50
11,51
33,51
38,51
40,51
42,51
45,51
47,51
53,51
55,51
58,51
62,51
69,51
71,51
72,51
77,51
78,51
80,51
81,51
82,51
86,51
91,51
93,51
99,51
100,51
5,52
8,52
9,52
10,52
13,52
18,52
20,52
21,52
26,52
27,52
30,52
31,52
36,52
37,52
44,52
47,52
64,52
65,52
66,52
67,52
75,52
84,52
87,52
93,52
94,52
9,53
10,53
15,53
18,53
23,53
24,53
26,53
29,53
35,53
42,53
44,53
49,53
51,53
56,53
59,53
63,53
66,53
67,53
71,53
82,53
83,53
84,53
93,53
95,53
3,54
6,54
7,54
11,54
16,54
17,54
22,54
28,54
30,54
32,54
38,54
40,54
41,54
45,54
46,54
55,54
60,54
62,54
70,54
71,54
74,54
76,54
78,54
80,54
81,54
86,54
11,55
16,55
17,55
22,55
30,55
38,55
41,55
42,55
46,55
51,55
54,55
57,55
58,55
60,55
62,55
68,55
69,55
72,55
76,55
77,55
80,55
81,55
82,55
86,55
87,55
89,55
92,55
100,55
9,56
12,56
13,56
15,56
18,56
26,56
29,56
31,56
35,56
36,56
40,56
48,56
50,56
53,56
57,56
59,56
61,56
64,56
66,56
79,56
85,56
87,56
1,57
4,57
6,57
9,57
13,57
19,57
20,57
21,57
23,57
24,57
26,57
29,57
30,57
31,57
32,57
35,57
36,57
38,57
48,57
49,57
50,57
55,57
56,57
61,57
64,57
66,57
71,57
73,57
84,57
85,57
93,57
94,57
97,57
3,58
7,58
11,58
17,58
22,58
30,58
38,58
41,58
47,58
51,58
55,58
62,58
63,58
68,58
69,58
72,58
74,58
77,58
78,58
81,58
86,58
89,58
90,58
92,58
98,58
99,58
100,58
12,59
13,59
21,59
23,59
25,59
26,59
27,59
36,59
39,59
43,59
44,59
46,59
47,59
50,59
53,59
56,59
63,59
64,59
67,59
73,59
82,59
87,59
90,59
95,59
3,60
6,60
14,60
22,60
32,60
33,60
35,60
42,60
45,60
47,60
54,60
55,60
68,60
69,60
78,60
79,60
80,60
86,60
87,60
92,60
96,60
99,60
100,60
1,61
5,61
10,61
12,61
13,61
15,61
17,61
19,61
24,61
26,61
27,61
30,61
31,61
32,61
36,61
39,61
50,61
56,61
57,61
67,61
79,61
82,61
85,61
87,61
90,61
6,62
7,62
14,62
32,62
35,62
41,62
42,62
45,62
46,62
47,62
51,62
54,62
55,62
58,62
68,62
69,62
76,62
77,62
89,62
100,62
1,63
5,63
8,63
9,63
12,63
13,63
19,63
21,63
22,63
23,63
28,63
31,63
33,63
39,63
48,63
53,63
58,63
59,63
73,63
79,63
84,63
87,63
10,64
12,64
19,64
20,64
24,64
26,64
35,64
44,64
50,64
52,64
56,64
57,64
59,64
65,64
67,64
71,64
73,64
83,64
84,64
85,64
88,64
94,64
2,65
4,65
9,65
10,65
13,65
15,65
16,65
20,65
21,65
23,65
25,65
31,65
36,65
39,65
43,65
44,65
49,65
52,65
64,65
66,65
67,65
73,65
82,65
87,65
88,65
94,65
97,65
1,66
2,66
4,66
11,66
12,66
13,66
19,66
23,66
24,66
25,66
27,66
30,66
36,66
38,66
42,66
43,66
49,66
52,66
53,66
56,66
57,66
65,66
75,66
83,66
87,66
90,66
93,66
94,66
5,67
8,67
9,67
13,67
20,67
21,67
24,67
26,67
27,67
37,67
38,67
40,67
42,67
49,67
52,67
53,67
59,67
61,67
64,67
65,67
71,67
73,67
75,67
79,67
82,67
85,67
88,67
97,67
3,68
6,68
7,68
28,68
30,68
34,68
35,68
40,68
55,68
58,68
60,68
62,68
69,68
72,68
76,68
77,68
78,68
80,68
81,68
86,68
88,68
89,68
92,68
98,68
99,68
100,68
6,69
11,69
16,69
17,69
30,69
32,69
33,69
35,69
41,69
42,69
45,69
51,69
55,69
58,69
60,69
62,69
68,69
70,69
73,69
76,69
77,69
80,69
82,69
83,69
85,69
89,69
92,69
98,69
99,69
6,70
11,70
17,70
28,70
30,70
32,70
34,70
35,70
38,70
40,70
41,70
46,70
47,70
54,70
69,70
76,70
78,70
80,70
85,70
86,70
91,70
92,70
100,70
2,71
4,71
5,71
8,71
10,71
12,71
13,71
24,71
26,71
27,71
36,71
41,71
42,71
44,71
48,71
49,71
51,71
53,71
54,71
57,71
64,71
67,71
75,71
85,71
88,71
90,71
94,71
95,71
97,71
14,72
17,72
22,72
30,72
34,72
38,72
40,72
51,72
55,72
58,72
68,72
74,72
77,72
78,72
84,72
88,72
89,72
91,72
92,72
100,72
4,73
8,73
9,73
12,73
13,73
15,73
23,73
24,73
29,73
36,73
37,73
44,73
49,73
57,73
59,73
63,73
64,73
65,73
67,73
69,73
87,73
90,73
94,73
6,74
11,74
22,74
30,74
32,74
45,74
54,74
58,74
72,74
76,74
78,74
81,74
96,74
98,74
100,74
1,75
4,75
6,75
7,75
8,75
10,75
18,75
21,75
23,75
24,75
27,75
36,75
39,75
48,75
52,75
66,75
67,75
71,75
79,75
82,75
83,75
85,75
16,76
17,76
32,76
38,76
40,76
41,76
42,76
45,76
46,76
54,76
55,76
62,76
68,76
69,76
70,76
74,76
77,76
78,76
81,76
85,76
89,76
91,76
94,76
98,76
99,76
11,77
14,77
16,77
33,77
34,77
35,77
51,77
55,77
58,77
62,77
68,77
69,77
72,77
76,77
81,77
83,77
85,77
89,77
91,77
92,77
98,77
99,77
100,77
6,78
14,78
28,78
30,78
34,78
35,78
38,78
40,78
42,78
47,78
51,78
54,78
58,78
60,78
68,78
70,78
72,78
74,78
76,78
80,78
99,78
100,78
4,79
12,79
13,79
15,79
16,79
19,79
26,79
31,79
36,79
39,79
56,79
60,79
61,79
63,79
67,79
75,79
82,79
83,79
87,79
88,79
90,79
93,79
7,80
11,80
16,80
22,80
33,80
38,80
41,80
42,80
45,80
51,80
54,80
55,80
60,80
68,80
69,80
70,80
78,80
81,80
82,80
86,80
87,80
89,80
91,80
96,80
98,80
99,80
3,81
6,81
7,81
11,81
22,81
32,81
34,81
35,81
41,81
45,81
46,81
51,81
54,81
55,81
58,81
68,81
74,81
76,81
77,81
80,81
86,81
88,81
89,81
92,81
93,81
95,81
99,81
100,81
1,82
2,82
5,82
12,82
15,82
20,82
24,82
25,82
27,82
31,82
48,82
49,82
51,82
53,82
55,82
59,82
61,82
65,82
67,82
69,82
75,82
79,82
80,82
87,82
5,83
14,83
15,83
19,83
20,83
23,83
25,83
26,83
29,83
30,83
36,83
37,83
50,83
53,83
64,83
66,83
69,83
75,83
77,83
79,83
87,83
88,83
94,83
97,83
1,84
2,84
12,84
15,84
17,84
18,84
19,84
21,84
22,84
23,84
24,84
27,84
28,84
31,84
36,84
43,84
44,84
48,84
52,84
53,84
57,84
63,84
64,84
72,84
85,84
88,84
93,84
95,84
97,84
2,85
4,85
9,85
10,85
11,85
13,85
18,85
19,85
20,85
22,85
23,85
25,85
27,85
49,85
56,85
57,85
61,85
64,85
67,85
69,85
70,85
71,85
75,85
76,85
77,85
84,85
93,85
94,85
95,85
7,86
11,86
14,86
28,86
30,86
32,86
38,86
41,86
46,86
51,86
54,86
55,86
58,86
60,86
68,86
70,86
80,86
81,86
91,86
96,86
97,86
9,87
12,87
15,87
18,87
19,87
20,87
22,87
32,87
36,87
47,87
49,87
52,87
55,87
56,87
59,87
60,87
61,87
63,87
65,87
66,87
73,87
79,87
80,87
82,87
83,87
2,88
4,88
10,88
12,88
13,88
14,88
19,88
21,88
23,88
24,88
25,88
29,88
36,88
41,88
43,88
64,88
65,88
67,88
68,88
71,88
72,88
79,88
81,88
83,88
84,88
90,88
95,88
97,88
3,89
7,89
14,89
16,89
17,89
28,89
38,89
40,89
41,89
45,89
46,89
55,89
58,89
62,89
68,89
69,89
72,89
76,89
77,89
80,89
81,89
92,89
93,89
99,89
100,89
5,90
13,90
19,90
21,90
23,90
31,90
37,90
43,90
45,90
58,90
59,90
61,90
66,90
71,90
73,90
79,90
88,90
97,90
3,91
6,91
7,91
16,91
17,91
22,91
28,91
30,91
32,91
33,91
34,91
35,91
38,91
40,91
41,91
51,91
70,91
72,91
76,91
77,91
80,91
86,91
92,91
97,91
98,91
99,91
100,91
3,92
14,92
16,92
30,92
35,92
40,92
41,92
47,92
55,92
58,92
60,92
68,92
69,92
70,92
72,92
77,92
81,92
89,92
91,92
100,92
1,93
4,93
7,93
15,93
16,93
19,93
20,93
21,93
24,93
26,93
29,93
36,93
39,93
43,93
44,93
48,93
50,93
51,93
52,93
53,93
57,93
66,93
79,93
81,93
84,93
85,93
89,93
94,93
97,93
1,94
5,94
9,94
12,94
13,94
19,94
20,94
25,94
27,94
29,94
39,94
44,94
49,94
52,94
57,94
64,94
65,94
66,94
71,94
73,94
76,94
83,94
85,94
93,94
4,95
8,95
9,95
12,95
15,95
20,95
24,95
26,95
37,95
48,95
49,95
53,95
59,95
71,95
81,95
84,95
85,95
88,95
97,95
16,96
22,96
32,96
33,96
34,96
40,96
41,96
45,96
46,96
47,96
60,96
74,96
80,96
86,96
99,96
100,96
3,97
4,97
5,97
8,97
12,97
14,97
21,97
23,97
29,97
32,97
37,97
39,97
48,97
50,97
57,97
65,97
67,97
71,97
83,97
84,97
86,97
88,97
90,97
91,97
93,97
95,97
3,98
7,98
16,98
22,98
28,98
33,98
34,98
38,98
46,98
58,98
68,98
69,98
74,98
76,98
77,98
80,98
91,98
3,99
7,99
33,99
34,99
38,99
40,99
41,99
45,99
46,99
51,99
58,99
60,99
68,99
69,99
76,99
77,99
78,99
80,99
81,99
89,99
91,99
96,99
100,99
3,100
6,100
11,100
14,100
16,100
17,100
22,100
28,100
30,100
34,100
35,100
38,100
40,100
42,100
45,100
47,100
51,100
55,100
58,100
60,100
62,100
68,100
70,100
72,100
74,100
77,100
78,100
81,100
89,100
91,100
92,100
96,100
99,100
