# Migration is number of nodes that have changed color.

Round		Edge-Cut		Swaps		Migrations		Skipped
0		8808		4627		3086
1		8083		9112		3116
2		7329		13408		3168
3		6978		17569		3231
4		6552		21617		3225
5		6268		25520		3244
6		5912		29298		3259
7		5631		32874		3263
8		5418		36362		3254
9		5139		39696		3255
10		4954		42845		3287
11		4733		45823		3263
12		4522		48679		3294
13		4354		51326		3288
14		4184		53845		3280
15		4044		56057		3299
16		3889		58126		3299
17		3749		59993		3324
18		3650		61788		3308
19		3513		63357		3304
20		3431		64715		3302
21		3337		65956		3292
22		3277		67021		3279
23		3190		67982		3284
24		3121		68861		3291
25		3028		69545		3289
26		2993		70165		3293
27		2945		70685		3288
28		2917		71112		3284
29		2886		71531		3291
30		2849		71869		3278
31		2821		72135		3279
32		2815		72359		3265
33		2791		72563		3278
34		2772		72738		3284
35		2760		72866		3286
36		2722		73007		3288
37		2711		73138		3285
38		2690		73253		3284
39		2677		73349		3289
40		2669		73437		3285
41		2663		73522		3285
42		2638		73604		3293
43		2638		73660		3282
44		2629		73733		3289
45		2618		73779		3295
46		2618		73843		3292
47		2609		73902		3287
48		2595		73950		3290
49		2599		73999		3290
50		2592		74058		3291
51		2588		74116		3292
52		2577		74172		3292
53		2568		74220		3297
54		2572		74248		3290
55		2563		74283		3295
56		2556		74313		3293
57		2551		74347		3299
58		2548		74394		3301
59		2537		74428		3304
60		2533		74456		3303
61		2525		74483		3301
62		2520		74509		3304
63		2515		74525		3303
64		2510		74538		3302
65		2506		74555		3304
66		2503		74576		3309
67		2499		74589		3307
68		2495		74604		3303
69		2495		74616		3304
70		2486		74640		3299
71		2479		74668		3304
72		2479		74687		3304
73		2474		74708		3303
74		2472		74724		3305
75		2466		74745		3302
76		2460		74760		3298
77		2459		74773		3301
78		2457		74786		3303
79		2459		74800		3305
80		2456		74814		3308
81		2452		74831		3311
82		2450		74844		3305
83		2444		74858		3305
84		2445		74876		3304
85		2438		74896		3304
86		2442		74911		3302
87		2438		74923		3302
88		2433		74943		3305
89		2431		74969		3307
90		2430		74983		3302
91		2427		75000		3302
92		2425		75015		3310
93		2419		75025		3305
94		2421		75035		3303
95		2421		75057		3304
96		2412		75069		3307
97		2411		75079		3307
98		2409		75085		3307
99		2407		75095		3305
100		2404		75099		3305
101		2405		75104		3305
102		2404		75107		3304
103		2404		75111		3304
104		2405		75114		3303
105		2404		75116		3302
106		2404		75118		3303
107		2404		75122		3302
108		2405		75127		3305
109		2405		75131		3305
110		2404		75134		3304
111		2404		75138		3302
112		2404		75144		3304
113		2403		75150		3304
114		2404		75156		3304
115		2402		75164		3303
116		2401		75173		3305
117		2397		75181		3304
118		2396		75191		3304
119		2397		75199		3304
120		2396		75209		3303
121		2394		75218		3302
122		2394		75225		3297
123		2394		75232		3299
124		2396		75244		3294
125		2397		75252		3296
126		2399		75266		3295
127		2395		75275		3297
128		2392		75285		3296
129		2393		75290		3298
130		2394		75300		3298
131		2394		75307		3301
132		2391		75314		3299
133		2392		75322		3300
134		2390		75328		3299
135		2387		75335		3297
136		2387		75346		3297
137		2386		75352		3296
138		2384		75362		3296
139		2384		75378		3295
140		2383		75384		3297
141		2382		75391		3294
142		2380		75395		3293
143		2381		75403		3296
144		2381		75416		3294
145		2375		75423		3293
146		2375		75430		3293
147		2376		75435		3294
148		2378		75441		3293
149		2375		75446		3296
150		2376		75457		3295
151		2379		75463		3296
152		2374		75475		3301
153		2371		75489		3301
154		2376		75501		3301
155		2370		75509		3302
156		2368		75518		3302
157		2373		75533		3303
158		2370		75543		3302
159		2368		75550		3301
160		2366		75562		3304
161		2363		75568		3305
162		2364		75578		3301
163		2364		75584		3302
164		2362		75591		3305
165		2362		75600		3308
166		2361		75607		3307
167		2361		75616		3307
168		2362		75625		3306
169		2360		75634		3304
170		2356		75638		3304
171		2355		75643		3305
172		2355		75649		3306
173		2357		75656		3303
174		2357		75659		3305
175		2355		75667		3306
176		2356		75671		3305
177		2354		75674		3306
178		2355		75679		3305
179		2355		75681		3307
180		2355		75683		3306
181		2355		75684		3306
182		2352		75692		3307
183		2351		75695		3307
184		2352		75697		3306
185		2352		75698		3307
186		2352		75700		3307
187		2351		75701		3307
188		2351		75703		3307
189		2351		75705		3307
190		2352		75708		3307
191		2351		75709		3307
192		2352		75711		3306
193		2352		75712		3307
194		2352		75714		3307
195		2352		75715		3306
196		2352		75717		3306
197		2352		75719		3306
198		2350		75720		3307
199		2350		75722		3307
200		2350		75723		3306
201		2349		75725		3308
202		2348		75727		3307
203		2348		75727		3307
204		2348		75727		3307
205		2348		75727		3307
206		2348		75727		3307
207		2348		75727		3307
208		2348		75727		3307
209		2348		75727		3307
210		2348		75727		3307
211		2348		75727		3307
212		2348		75727		3307
213		2348		75727		3307
214		2348		75727		3307
215		2348		75727		3307
216		2348		75727		3307
217		2348		75727		3307
218		2348		75727		3307
219		2348		75727		3307
220		2348		75727		3307
221		2348		75727		3307
222		2348		75727		3307
223		2348		75727		3307
224		2348		75727		3307
225		2348		75727		3307
226		2348		75727		3307
227		2348		75727		3307
228		2348		75727		3307
229		2348		75727		3307
230		2348		75727		3307
231		2348		75727		3307
232		2348		75727		3307
233		2348		75727		3307
234		2348		75727		3307
235		2348		75727		3307
236		2348		75727		3307
237		2348		75727		3307
238		2348		75727		3307
239		2348		75727		3307
240		2348		75727		3307
241		2348		75727		3307
242		2348		75727		3307
243		2348		75727		3307
244		2348		75727		3307
245		2348		75727		3307
246		2348		75727		3307
247		2348		75727		3307
248		2348		75727		3307
249		2348		75727		3307
250		2348		75727		3307
251		2348		75727		3307
252		2348		75727		3307
253		2348		75727		3307
254		2348		75727		3307
255		2348		75727		3307
256		2348		75727		3307
257		2348		75727		3307
258		2348		75727		3307
259		2348		75727		3307
260		2348		75727		3307
261		2348		75727		3307
262		2348		75727		3307
263		2348		75727		3307
264		2348		75727		3307
265		2348		75727		3307
266		2348		75727		3307
267		2348		75727		3307
268		2348		75727		3307
269		2348		75727		3307
270		2348		75727		3307
271		2348		75727		3307
272		2348		75727		3307
273		2348		75727		3307
274		2348		75727		3307
275		2348		75727		3307
276		2348		75727		3307
277		2348		75727		3307
278		2348		75727		3307
279		2348		75727		3307
280		2348		75727		3307
281		2348		75727		3307
282		2348		75727		3307
283		2348		75727		3307
284		2348		75727		3307
285		2348		75727		3307
286		2348		75727		3307
287		2348		75727		3307
288		2348		75727		3307
289		2348		75727		3307
290		2348		75727		3307
291		2348		75727		3307
292		2348		75727		3307
293		2348		75727		3307
294		2348		75727		3307
295		2348		75727		3307
296		2348		75727		3307
297		2348		75727		3307
298		2348		75727		3307
299		2348		75727		3307
300		2348		75727		3307
301		2348		75727		3307
302		2348		75727		3307
303		2348		75727		3307
304		2348		75727		3307
305		2348		75727		3307
306		2348		75727		3307
307		2348		75727		3307
308		2348		75727		3307
309		2348		75727		3307
310		2348		75727		3307
311		2348		75727		3307
312		2348		75727		3307
313		2348		75727		3307
314		2348		75727		3307
315		2348		75727		3307
316		2348		75727		3307
317		2348		75727		3307
318		2348		75727		3307
319		2348		75727		3307
320		2348		75727		3307
321		2348		75727		3307
322		2348		75727		3307
323		2348		75727		3307
324		2348		75727		3307
325		2348		75727		3307
326		2348		75727		3307
327		2348		75727		3307
328		2348		75727		3307
329		2348		75727		3307
330		2348		75727		3307
331		2348		75727		3307
332		2348		75727		3307
333		2348		75727		3307
334		2348		75727		3307
335		2348		75727		3307
336		2348		75727		3307
337		2348		75727		3307
338		2348		75727		3307
339		2348		75727		3307
340		2348		75727		3307
341		2348		75727		3307
342		2348		75727		3307
343		2348		75727		3307
344		2348		75727		3307
345		2348		75727		3307
346		2348		75727		3307
347		2348		75727		3307
348		2348		75727		3307
349		2348		75727		3307
350		2348		75727		3307
351		2348		75727		3307
352		2348		75727		3307
353		2348		75727		3307
354		2348		75727		3307
355		2348		75727		3307
356		2348		75727		3307
357		2348		75727		3307
358		2348		75727		3307
359		2348		75727		3307
360		2348		75727		3307
361		2348		75727		3307
362		2348		75727		3307
363		2348		75727		3307
364		2348		75727		3307
365		2348		75727		3307
366		2348		75727		3307
367		2348		75727		3307
368		2348		75727		3307
369		2348		75727		3307
370		2348		75727		3307
371		2348		75727		3307
372		2348		75727		3307
373		2348		75727		3307
374		2348		75727		3307
375		2348		75727		3307
376		2348		75727		3307
377		2348		75727		3307
378		2348		75727		3307
379		2348		75727		3307
380		2348		75727		3307
381		2348		75727		3307
382		2348		75727		3307
383		2348		75727		3307
384		2348		75727		3307
385		2348		75727		3307
386		2348		75727		3307
387		2348		75727		3307
388		2348		75727		3307
389		2348		75727		3307
390		2348		75727		3307
391		2348		75727		3307
392		2348		75727		3307
393		2348		75727		3307
394		2348		75727		3307
395		2348		75727		3307
396		2348		75727		3307
397		2348		75727		3307
398		2348		75727		3307
399		2348		75727		3307
400		2348		75727		3307
401		2348		75727		3307
402		2348		75727		3307
403		2348		75727		3307
404		2348		75727		3307
405		2348		75727		3307
406		2348		75727		3307
407		2348		75727		3307
408		2348		75727		3307
409		2348		75727		3307
410		2348		75727		3307
411		2348		75727		3307
412		2348		75727		3307
413		2348		75727		3307
414		2348		75727		3307
415		2348		75727		3307
416		2348		75727		3307
417		2348		75727		3307
418		2348		75727		3307
419		2348		75727		3307
420		2348		75727		3307
421		2348		75727		3307
422		2348		75727		3307
423		2348		75727		3307
424		2348		75727		3307
425		2348		75727		3307
426		2348		75727		3307
427		2348		75727		3307
428		2348		75727		3307
429		2348		75727		3307
430		2348		75727		3307
431		2348		75727		3307
432		2348		75727		3307
433		2348		75727		3307
434		2348		75727		3307
435		2348		75727		3307
436		2348		75727		3307
437		2348		75727		3307
438		2348		75727		3307
439		2348		75727		3307
440		2348		75727		3307
441		2348		75727		3307
442		2348		75727		3307
443		2348		75727		3307
444		2348		75727		3307
445		2348		75727		3307
446		2348		75727		3307
447		2348		75727		3307
448		2348		75727		3307
449		2348		75727		3307
450		2348		75727		3307
451		2348		75727		3307
452		2348		75727		3307
453		2348		75727		3307
454		2348		75727		3307
455		2348		75727		3307
456		2348		75727		3307
457		2348		75727		3307
458		2348		75727		3307
459		2348		75727		3307
460		2348		75727		3307
461		2348		75727		3307
462		2348		75727		3307
463		2348		75727		3307
464		2348		75727		3307
465		2348		75727		3307
466		2348		75727		3307
467		2348		75727		3307
468		2348		75727		3307
469		2348		75727		3307
470		2348		75727		3307
471		2348		75727		3307
472		2348		75727		3307
473		2348		75727		3307
474		2348		75727		3307
475		2348		75727		3307
476		2348		75727		3307
477		2348		75727		3307
478		2348		75727		3307
479		2348		75727		3307
480		2348		75727		3307
481		2348		75727		3307
482		2348		75727		3307
483		2348		75727		3307
484		2348		75727		3307
485		2348		75727		3307
486		2348		75727		3307
487		2348		75727		3307
488		2348		75727		3307
489		2348		75727		3307
490		2348		75727		3307
491		2348		75727		3307
492		2348		75727		3307
493		2348		75727		3307
494		2348		75727		3307
495		2348		75727		3307
496		2348		75727		3307
497		2348		75727		3307
498		2348		75727		3307
499		2348		75727		3307
500		2348		75727		3307
501		2348		75727		3307
502		2348		75727		3307
503		2348		75727		3307
504		2348		75727		3307
505		2348		75727		3307
506		2348		75727		3307
507		2348		75727		3307
508		2348		75727		3307
509		2348		75727		3307
510		2348		75727		3307
511		2348		75727		3307
512		2348		75727		3307
513		2348		75727		3307
514		2348		75727		3307
515		2348		75727		3307
516		2348		75727		3307
517		2348		75727		3307
518		2348		75727		3307
519		2348		75727		3307
520		2348		75727		3307
521		2348		75727		3307
522		2348		75727		3307
523		2348		75727		3307
524		2348		75727		3307
525		2348		75727		3307
526		2348		75727		3307
527		2348		75727		3307
528		2348		75727		3307
529		2348		75727		3307
530		2348		75727		3307
531		2348		75727		3307
532		2348		75727		3307
533		2348		75727		3307
534		2348		75727		3307
535		2348		75727		3307
536		2348		75727		3307
537		2348		75727		3307
538		2348		75727		3307
539		2348		75727		3307
540		2348		75727		3307
541		2348		75727		3307
542		2348		75727		3307
543		2348		75727		3307
544		2348		75727		3307
545		2348		75727		3307
546		2348		75727		3307
547		2348		75727		3307
548		2348		75727		3307
549		2348		75727		3307
550		2348		75727		3307
551		2348		75727		3307
552		2348		75727		3307
553		2348		75727		3307
554		2348		75727		3307
555		2348		75727		3307
556		2348		75727		3307
557		2348		75727		3307
558		2348		75727		3307
559		2348		75727		3307
560		2348		75727		3307
561		2348		75727		3307
562		2348		75727		3307
563		2348		75727		3307
564		2348		75727		3307
565		2348		75727		3307
566		2348		75727		3307
567		2348		75727		3307
568		2348		75727		3307
569		2348		75727		3307
570		2348		75727		3307
571		2348		75727		3307
572		2348		75727		3307
573		2348		75727		3307
574		2348		75727		3307
575		2348		75727		3307
576		2348		75727		3307
577		2348		75727		3307
578		2348		75727		3307
579		2348		75727		3307
580		2348		75727		3307
581		2348		75727		3307
582		2348		75727		3307
583		2348		75727		3307
584		2348		75727		3307
585		2348		75727		3307
586		2348		75727		3307
587		2348		75727		3307
588		2348		75727		3307
589		2348		75727		3307
590		2348		75727		3307
591		2348		75727		3307
592		2348		75727		3307
593		2348		75727		3307
594		2348		75727		3307
595		2348		75727		3307
596		2348		75727		3307
597		2348		75727		3307
598		2348		75727		3307
599		2348		75727		3307
600		2348		75727		3307
601		2348		75727		3307
602		2348		75727		3307
603		2348		75727		3307
604		2348		75727		3307
605		2348		75727		3307
606		2348		75727		3307
607		2348		75727		3307
608		2348		75727		3307
609		2348		75727		3307
610		2348		75727		3307
611		2348		75727		3307
612		2348		75727		3307
613		2348		75727		3307
614		2348		75727		3307
615		2348		75727		3307
616		2348		75727		3307
617		2348		75727		3307
618		2348		75727		3307
619		2348		75727		3307
620		2348		75727		3307
621		2348		75727		3307
622		2348		75727		3307
623		2348		75727		3307
624		2348		75727		3307
625		2348		75727		3307
626		2348		75727		3307
627		2348		75727		3307
628		2348		75727		3307
629		2348		75727		3307
630		2348		75727		3307
631		2348		75727		3307
632		2348		75727		3307
633		2348		75727		3307
634		2348		75727		3307
635		2348		75727		3307
636		2348		75727		3307
637		2348		75727		3307
638		2348		75727		3307
639		2348		75727		3307
640		2348		75727		3307
641		2348		75727		3307
642		2348		75727		3307
643		2348		75727		3307
644		2348		75727		3307
645		2348		75727		3307
646		2348		75727		3307
647		2348		75727		3307
648		2348		75727		3307
649		2348		75727		3307
650		2348		75727		3307
651		2348		75727		3307
652		2348		75727		3307
653		2348		75727		3307
654		2348		75727		3307
655		2348		75727		3307
656		2348		75727		3307
657		2348		75727		3307
658		2348		75727		3307
659		2348		75727		3307
660		2348		75727		3307
661		2348		75727		3307
662		2348		75727		3307
663		2348		75727		3307
664		2348		75727		3307
665		2348		75727		3307
666		2348		75727		3307
667		2348		75727		3307
668		2348		75727		3307
669		2348		75727		3307
670		2348		75727		3307
671		2348		75727		3307
672		2348		75727		3307
673		2348		75727		3307
674		2348		75727		3307
675		2348		75727		3307
676		2348		75727		3307
677		2348		75727		3307
678		2348		75727		3307
679		2348		75727		3307
680		2348		75727		3307
681		2348		75727		3307
682		2348		75727		3307
683		2348		75727		3307
684		2348		75727		3307
685		2348		75727		3307
686		2348		75727		3307
687		2348		75727		3307
688		2348		75727		3307
689		2348		75727		3307
690		2348		75727		3307
691		2348		75727		3307
692		2348		75727		3307
693		2348		75727		3307
694		2348		75727		3307
695		2348		75727		3307
696		2348		75727		3307
697		2348		75727		3307
698		2348		75727		3307
699		2348		75727		3307
700		2348		75727		3307
701		2348		75727		3307
702		2348		75727		3307
703		2348		75727		3307
704		2348		75727		3307
705		2348		75727		3307
706		2348		75727		3307
707		2348		75727		3307
708		2348		75727		3307
709		2348		75727		3307
710		2348		75727		3307
711		2348		75727		3307
712		2348		75727		3307
713		2348		75727		3307
714		2348		75727		3307
715		2348		75727		3307
716		2348		75727		3307
717		2348		75727		3307
718		2348		75727		3307
719		2348		75727		3307
720		2348		75727		3307
721		2348		75727		3307
722		2348		75727		3307
723		2348		75727		3307
724		2348		75727		3307
725		2348		75727		3307
726		2348		75727		3307
727		2348		75727		3307
728		2348		75727		3307
729		2348		75727		3307
730		2348		75727		3307
731		2348		75727		3307
732		2348		75727		3307
733		2348		75727		3307
734		2348		75727		3307
735		2348		75727		3307
736		2348		75727		3307
737		2348		75727		3307
738		2348		75727		3307
739		2348		75727		3307
740		2348		75727		3307
741		2348		75727		3307
742		2348		75727		3307
743		2348		75727		3307
744		2348		75727		3307
745		2348		75727		3307
746		2348		75727		3307
747		2348		75727		3307
748		2348		75727		3307
749		2348		75727		3307
750		2348		75727		3307
751		2348		75727		3307
752		2348		75727		3307
753		2348		75727		3307
754		2348		75727		3307
755		2348		75727		3307
756		2348		75727		3307
757		2348		75727		3307
758		2348		75727		3307
759		2348		75727		3307
760		2348		75727		3307
761		2348		75727		3307
762		2348		75727		3307
763		2348		75727		3307
764		2348		75727		3307
765		2348		75727		3307
766		2348		75727		3307
767		2348		75727		3307
768		2348		75727		3307
769		2348		75727		3307
770		2348		75727		3307
771		2348		75727		3307
772		2348		75727		3307
773		2348		75727		3307
774		2348		75727		3307
775		2348		75727		3307
776		2348		75727		3307
777		2348		75727		3307
778		2348		75727		3307
779		2348		75727		3307
780		2348		75727		3307
781		2348		75727		3307
782		2348		75727		3307
783		2348		75727		3307
784		2348		75727		3307
785		2348		75727		3307
786		2348		75727		3307
787		2348		75727		3307
788		2348		75727		3307
789		2348		75727		3307
790		2348		75727		3307
791		2348		75727		3307
792		2348		75727		3307
793		2348		75727		3307
794		2348		75727		3307
795		2348		75727		3307
796		2348		75727		3307
797		2348		75727		3307
798		2348		75727		3307
799		2348		75727		3307
800		2348		75727		3307
801		2348		75727		3307
802		2348		75727		3307
803		2348		75727		3307
804		2348		75727		3307
805		2348		75727		3307
806		2348		75727		3307
807		2348		75727		3307
808		2348		75727		3307
809		2348		75727		3307
810		2348		75727		3307
811		2348		75727		3307
812		2348		75727		3307
813		2348		75727		3307
814		2348		75727		3307
815		2348		75727		3307
816		2348		75727		3307
817		2348		75727		3307
818		2348		75727		3307
819		2348		75727		3307
820		2348		75727		3307
821		2348		75727		3307
822		2348		75727		3307
823		2348		75727		3307
824		2348		75727		3307
825		2348		75727		3307
826		2348		75727		3307
827		2348		75727		3307
828		2348		75727		3307
829		2348		75727		3307
830		2348		75727		3307
831		2348		75727		3307
832		2348		75727		3307
833		2348		75727		3307
834		2348		75727		3307
835		2348		75727		3307
836		2348		75727		3307
837		2348		75727		3307
838		2348		75727		3307
839		2348		75727		3307
840		2348		75727		3307
841		2348		75727		3307
842		2348		75727		3307
843		2348		75727		3307
844		2348		75727		3307
845		2348		75727		3307
846		2348		75727		3307
847		2348		75727		3307
848		2348		75727		3307
849		2348		75727		3307
850		2348		75727		3307
851		2348		75727		3307
852		2348		75727		3307
853		2348		75727		3307
854		2348		75727		3307
855		2348		75727		3307
856		2348		75727		3307
857		2348		75727		3307
858		2348		75727		3307
859		2348		75727		3307
860		2348		75727		3307
861		2348		75727		3307
862		2348		75727		3307
863		2348		75727		3307
864		2348		75727		3307
865		2348		75727		3307
866		2348		75727		3307
867		2348		75727		3307
868		2348		75727		3307
869		2348		75727		3307
870		2348		75727		3307
871		2348		75727		3307
872		2348		75727		3307
873		2348		75727		3307
874		2348		75727		3307
875		2348		75727		3307
876		2348		75727		3307
877		2348		75727		3307
878		2348		75727		3307
879		2348		75727		3307
880		2348		75727		3307
881		2348		75727		3307
882		2348		75727		3307
883		2348		75727		3307
884		2348		75727		3307
885		2348		75727		3307
886		2348		75727		3307
887		2348		75727		3307
888		2348		75727		3307
889		2348		75727		3307
890		2348		75727		3307
891		2348		75727		3307
892		2348		75727		3307
893		2348		75727		3307
894		2348		75727		3307
895		2348		75727		3307
896		2348		75727		3307
897		2348		75727		3307
898		2348		75727		3307
899		2348		75727		3307
900		2348		75727		3307
901		2348		75727		3307
902		2348		75727		3307
903		2348		75727		3307
904		2348		75727		3307
905		2348		75727		3307
906		2348		75727		3307
907		2348		75727		3307
908		2348		75727		3307
909		2348		75727		3307
910		2348		75727		3307
911		2348		75727		3307
912		2348		75727		3307
913		2348		75727		3307
914		2348		75727		3307
915		2348		75727		3307
916		2348		75727		3307
917		2348		75727		3307
918		2348		75727		3307
919		2348		75727		3307
920		2348		75727		3307
921		2348		75727		3307
922		2348		75727		3307
923		2348		75727		3307
924		2348		75727		3307
925		2348		75727		3307
926		2348		75727		3307
927		2348		75727		3307
928		2348		75727		3307
929		2348		75727		3307
930		2348		75727		3307
931		2348		75727		3307
932		2348		75727		3307
933		2348		75727		3307
934		2348		75727		3307
935		2348		75727		3307
936		2348		75727		3307
937		2348		75727		3307
938		2348		75727		3307
939		2348		75727		3307
940		2348		75727		3307
941		2348		75727		3307
942		2348		75727		3307
943		2348		75727		3307
944		2348		75727		3307
945		2348		75727		3307
946		2348		75727		3307
947		2348		75727		3307
948		2348		75727		3307
949		2348		75727		3307
950		2348		75727		3307
951		2348		75727		3307
952		2348		75727		3307
953		2348		75727		3307
954		2348		75727		3307
955		2348		75727		3307
956		2348		75727		3307
957		2348		75727		3307
958		2348		75727		3307
959		2348		75727		3307
960		2348		75727		3307
961		2348		75727		3307
962		2348		75727		3307
963		2348		75727		3307
964		2348		75727		3307
965		2348		75727		3307
966		2348		75727		3307
967		2348		75727		3307
968		2348		75727		3307
969		2348		75727		3307
970		2348		75727		3307
971		2348		75727		3307
972		2348		75727		3307
973		2348		75727		3307
974		2348		75727		3307
975		2348		75727		3307
976		2348		75727		3307
977		2348		75727		3307
978		2348		75727		3307
979		2348		75727		3307
980		2348		75727		3307
981		2348		75727		3307
982		2348		75727		3307
983		2348		75727		3307
984		2348		75727		3307
985		2348		75727		3307
986		2348		75727		3307
987		2348		75727		3307
988		2348		75727		3307
989		2348		75727		3307
990		2348		75727		3307
991		2348		75727		3307
992		2348		75727		3307
993		2348		75727		3307
994		2348		75727		3307
995		2348		75727		3307
996		2348		75727		3307
997		2348		75727		3307
998		2348		75727		3307
999		2348		75727		3307
