# Migration is number of nodes that have changed color.

Round		Edge-Cut		Swaps		Migrations		Skipped
0		8875		4720		2968
1		8067		9436		2985
2		7559		14154		3050
3		7186		18873		3079
4		6806		23593		3052
5		6562		28311		3083
6		6354		33027		3103
7		6192		37741		3094
8		5975		42454		3121
9		5846		47169		3120
10		5739		51885		3121
11		5668		56600		3135
12		5606		61315		3108
13		5470		66033		3142
14		5384		70750		3139
15		5320		75466		3119
16		5251		80176		3156
17		5167		84890		3157
18		5097		89609		3133
19		5078		94324		3158
20		5027		99036		3150
21		4990		103750		3118
22		4952		108465		3144
23		4936		113176		3136
24		4865		117888		3104
25		4847		122600		3120
26		4800		127314		3157
27		4791		132030		3131
28		4759		136738		3142
29		4706		141451		3143
30		4690		146165		3141
31		4701		150880		3128
32		4684		155596		3124
33		4644		160310		3141
34		4612		165021		3117
35		4566		169731		3109
36		4613		174444		3114
37		4600		179157		3102
38		4558		183870		3086
39		4516		188581		3105
40		4497		193293		3126
41		4486		198009		3117
42		4454		202722		3107
43		4431		207436		3144
44		4469		212152		3111
45		4410		216867		3147
46		4411		221585		3136
47		4376		226304		3126
48		4374		231018		3112
49		4415		235726		3124
50		4387		240441		3153
51		4341		245155		3135
52		4337		249868		3139
53		4315		254579		3149
54		4296		259296		3151
55		4304		264007		3148
56		4314		268722		3167
57		4312		273430		3140
58		4255		278140		3144
59		4238		282852		3145
60		4228		287570		3175
61		4202		292285		3165
62		4208		297001		3166
63		4180		301712		3151
64		4160		306428		3151
65		4164		311140		3168
66		4156		315856		3173
67		4147		320569		3168
68		4143		325281		3146
69		4106		330000		3150
70		4112		334711		3138
71		4139		339427		3164
72		4079		344143		3148
73		4118		348856		3158
74		4121		353572		3148
75		4123		358287		3154
76		4077		362995		3155
77		4084		367709		3160
78		4093		372420		3168
79		4073		377130		3160
80		4065		381840		3153
81		4041		386553		3154
82		4045		391265		3181
83		4034		395978		3173
84		4067		400691		3163
85		4054		405403		3163
86		4032		410116		3181
87		4042		414833		3189
88		4035		419548		3182
89		4041		424259		3192
90		4042		428971		3176
91		3998		433687		3194
92		3999		438401		3174
93		3954		443115		3188
94		3952		447826		3174
95		3950		452535		3172
96		3931		457250		3180
97		3921		461960		3179
98		3925		466675		3180
99		3910		471387		3166
100		3913		476098		3169
101		3883		480807		3184
102		3910		485517		3198
103		3884		490227		3174
104		3904		494940		3191
105		3893		499654		3178
106		3906		504368		3182
107		3903		509080		3180
108		3900		513794		3188
109		3849		518510		3198
110		3893		523226		3199
111		3885		527942		3214
112		3895		532658		3227
113		3906		537372		3208
114		3906		542088		3218
115		3912		546803		3211
116		3897		551517		3219
117		3888		556230		3219
118		3875		560943		3208
119		3845		565654		3219
120		3856		570368		3226
121		3835		575081		3215
122		3830		579797		3222
123		3851		584509		3202
124		3847		589225		3201
125		3817		593937		3224
126		3824		598649		3206
127		3823		603363		3212
128		3796		608076		3245
129		3775		612788		3221
130		3787		617504		3209
131		3780		622217		3207
132		3744		626930		3209
133		3750		631640		3192
134		3770		636354		3199
135		3779		641070		3184
136		3713		645778		3204
137		3707		650494		3203
138		3720		655206		3228
139		3736		659920		3219
140		3718		664636		3234
141		3731		669351		3239
142		3701		674066		3222
143		3668		678783		3197
144		3672		683501		3203
145		3702		688218		3211
146		3699		692930		3201
147		3696		697645		3221
148		3710		702360		3215
149		3658		707075		3208
150		3671		711793		3218
151		3679		716505		3218
152		3678		721217		3200
153		3667		725934		3220
154		3634		730647		3196
155		3640		735361		3196
156		3637		740074		3210
157		3650		744789		3216
158		3630		749504		3211
159		3656		754215		3222
160		3639		758929		3216
161		3627		763640		3232
162		3615		768352		3234
163		3626		773066		3239
164		3624		777783		3203
165		3624		782498		3209
166		3631		787211		3222
167		3595		791925		3225
168		3572		796638		3223
169		3568		801350		3216
170		3559		806063		3222
171		3564		810777		3215
172		3570		815492		3214
173		3575		820208		3228
174		3582		824926		3209
175		3557		829641		3211
176		3572		834356		3227
177		3569		839070		3223
178		3559		843783		3218
179		3551		848493		3222
180		3554		853206		3231
181		3563		857916		3234
182		3532		862631		3244
183		3515		867350		3235
184		3511		872064		3238
185		3534		876780		3243
186		3514		881493		3238
187		3516		886207		3248
188		3495		890922		3232
189		3471		895633		3232
190		3488		900342		3241
191		3500		905053		3240
192		3502		909766		3236
193		3495		914480		3230
194		3472		919190		3231
195		3480		923905		3235
196		3465		928623		3225
197		3462		933334		3229
198		3467		938046		3244
199		3444		942759		3222
200		3441		947473		3224
201		3447		952185		3217
202		3446		956894		3218
203		3447		961611		3217
204		3453		966325		3214
205		3464		971035		3217
206		3440		975746		3224
207		3436		980463		3215
208		3453		985175		3220
209		3430		989891		3218
210		3429		994606		3226
211		3426		999319		3223
212		3437		1004034		3224
213		3446		1008750		3254
214		3414		1013461		3245
215		3414		1018169		3249
216		3421		1022882		3257
217		3413		1027598		3244
218		3400		1032312		3241
219		3405		1037026		3262
220		3384		1041738		3254
221		3393		1046450		3250
222		3368		1051164		3249
223		3371		1055874		3250
224		3381		1060587		3260
225		3365		1065300		3259
226		3394		1070015		3247
227		3404		1074731		3274
228		3407		1079445		3262
229		3404		1084156		3255
230		3377		1088869		3256
231		3404		1093587		3266
232		3414		1098301		3272
233		3401		1103018		3282
234		3387		1107729		3272
235		3363		1112446		3284
236		3378		1117160		3289
237		3360		1121872		3273
238		3372		1126589		3266
239		3360		1131303		3276
240		3355		1136018		3274
241		3358		1140729		3265
242		3338		1145446		3258
243		3336		1150159		3261
244		3323		1154874		3273
245		3336		1159590		3263
246		3330		1164302		3271
247		3352		1169017		3256
248		3339		1173731		3252
249		3338		1178444		3259
250		3342		1183157		3263
251		3315		1187871		3250
252		3318		1192585		3245
253		3313		1197299		3245
254		3327		1202014		3254
255		3310		1206729		3253
256		3322		1211440		3245
257		3301		1216159		3238
258		3310		1220871		3242
259		3298		1225582		3243
260		3332		1230296		3261
261		3334		1235004		3278
262		3316		1239712		3267
263		3308		1244428		3263
264		3318		1249140		3239
265		3296		1253854		3253
266		3286		1258569		3268
267		3303		1263282		3282
268		3291		1267997		3260
269		3262		1272712		3261
270		3265		1277428		3274
271		3254		1282136		3252
272		3269		1286853		3266
273		3252		1291568		3262
274		3272		1296279		3274
275		3236		1300995		3272
276		3255		1305712		3263
277		3271		1310429		3255
278		3269		1315144		3255
279		3272		1319860		3250
280		3285		1324574		3252
281		3253		1329289		3251
282		3238		1333999		3261
283		3235		1338713		3264
284		3249		1343427		3270
285		3234		1348142		3266
286		3252		1352858		3260
287		3247		1357570		3238
288		3236		1362285		3253
289		3237		1367001		3263
290		3243		1371717		3259
291		3248		1376435		3275
292		3216		1381150		3256
293		3210		1385860		3261
294		3210		1390569		3262
295		3243		1395287		3272
296		3212		1400003		3261
297		3231		1404720		3277
298		3233		1409434		3279
299		3254		1414153		3279
300		3240		1418864		3284
301		3215		1423574		3272
302		3199		1428292		3286
303		3203		1433006		3280
304		3193		1437722		3271
305		3180		1442438		3279
306		3182		1447152		3283
307		3203		1451866		3289
308		3192		1456584		3272
309		3163		1461300		3282
310		3174		1466014		3283
311		3173		1470726		3275
312		3137		1475440		3281
313		3136		1480154		3288
314		3149		1484862		3288
315		3143		1489574		3285
316		3146		1494288		3277
317		3152		1499005		3276
318		3153		1503720		3279
319		3151		1508431		3280
320		3154		1513140		3284
321		3150		1517853		3289
322		3169		1522563		3273
323		3172		1527280		3271
324		3152		1531998		3265
325		3153		1536715		3263
326		3145		1541425		3264
327		3134		1546141		3269
328		3137		1550852		3265
329		3136		1555567		3293
330		3140		1560282		3285
331		3146		1564996		3287
332		3145		1569711		3286
333		3152		1574422		3273
334		3159		1579138		3294
335		3146		1583853		3299
336		3133		1588565		3298
337		3108		1593281		3302
338		3138		1597997		3300
339		3132		1602706		3300
340		3111		1607423		3309
341		3115		1612138		3296
342		3124		1616854		3302
343		3129		1621567		3300
344		3136		1626282		3306
345		3146		1630993		3306
346		3126		1635708		3305
347		3137		1640425		3299
348		3122		1645142		3317
349		3121		1649853		3315
350		3126		1654565		3313
351		3135		1659277		3307
352		3125		1663990		3299
353		3102		1668701		3309
354		3115		1673421		3303
355		3101		1678135		3315
356		3102		1682846		3302
357		3086		1687559		3301
358		3093		1692276		3308
359		3089		1696987		3312
360		3079		1701706		3313
361		3077		1706422		3325
362		3075		1711138		3315
363		3083		1715852		3322
364		3072		1720565		3309
365		3096		1725281		3314
366		3076		1729999		3321
367		3086		1734714		3311
368		3080		1739432		3320
369		3066		1744151		3313
370		3079		1748865		3314
371		3077		1753579		3306
372		3079		1758287		3301
373		3085		1763003		3318
374		3070		1767718		3322
375		3086		1772436		3324
376		3107		1777153		3309
377		3097		1781867		3321
378		3087		1786581		3306
379		3081		1791295		3315
380		3048		1796011		3319
381		3069		1800725		3328
382		3066		1805441		3326
383		3075		1810155		3319
384		3062		1814871		3325
385		3082		1819584		3329
386		3078		1824299		3330
387		3066		1829016		3310
388		3054		1833729		3312
389		3021		1838445		3318
390		3042		1843157		3315
391		3047		1847869		3306
392		3012		1852581		3313
393		3019		1857294		3322
394		3010		1862007		3321
395		3027		1866721		3321
396		3003		1871435		3310
397		3022		1876149		3310
398		3013		1880864		3314
399		3032		1885578		3302
400		3028		1890294		3305
401		3017		1895010		3319
402		3015		1899722		3321
403		3032		1904437		3331
404		3055		1909147		3338
405		3059		1913860		3322
406		3046		1918575		3343
407		3036		1923290		3324
408		3036		1928001		3342
409		3027		1932718		3324
410		2990		1937431		3321
411		3007		1942150		3320
412		3023		1946867		3319
413		3038		1951581		3319
414		3051		1956299		3331
415		3022		1961010		3315
416		3027		1965719		3321
417		3028		1970434		3319
418		3000		1975149		3316
419		3021		1979864		3318
420		3009		1984579		3317
421		3013		1989297		3317
422		3002		1994012		3306
423		3017		1998728		3329
424		3030		2003440		3339
425		3022		2008152		3318
426		3007		2012865		3327
427		3003		2017580		3330
428		2998		2022296		3319
429		3000		2027009		3318
430		2989		2031727		3312
431		2987		2036438		3325
432		2978		2041158		3324
433		2976		2045873		3323
434		2988		2050584		3305
435		2993		2055300		3323
436		3017		2060011		3322
437		3014		2064726		3308
438		3006		2069441		3320
439		2974		2074156		3304
440		2981		2078872		3312
441		2991		2083585		3315
442		2963		2088300		3321
443		2953		2093013		3318
444		2969		2097731		3312
445		2976		2102445		3319
446		2987		2107161		3313
447		2972		2111876		3318
448		3003		2116587		3331
449		2950		2121302		3328
450		2956		2126018		3322
451		2969		2130728		3320
452		2988		2135443		3319
453		2985		2140158		3320
454		2978		2144874		3323
455		2971		2149593		3311
456		2977		2154309		3313
457		2984		2159026		3316
458		2961		2163740		3313
459		2981		2168456		3303
460		2968		2173169		3295
461		2971		2177880		3307
462		2976		2182595		3302
463		2985		2187314		3327
464		2992		2192032		3314
465		2978		2196745		3299
466		2978		2201460		3308
467		2981		2206175		3310
468		2952		2210892		3307
469		2952		2215607		3298
470		2969		2220323		3305
471		2977		2225039		3312
472		2958		2229755		3300
473		2969		2234469		3306
474		2972		2239181		3316
475		2967		2243893		3293
476		2969		2248610		3301
477		2969		2253327		3302
478		2954		2258041		3301
479		2955		2262757		3304
480		2969		2267471		3291
481		2970		2272186		3288
482		2960		2276903		3303
483		2941		2281618		3292
484		2952		2286334		3310
485		2950		2291052		3322
486		2941		2295769		3312
487		2966		2300485		3313
488		2950		2305200		3306
489		2961		2309911		3303
490		2947		2314623		3314
491		2932		2319339		3308
492		2929		2324051		3314
493		2917		2328765		3320
494		2924		2333480		3315
495		2926		2338193		3323
496		2912		2342907		3321
497		2919		2347616		3327
498		2947		2352327		3317
499		2937		2357046		3311
500		2941		2361764		3331
501		2919		2366482		3334
502		2914		2371199		3335
503		2878		2375912		3323
504		2884		2380630		3314
505		2889		2385344		3312
506		2887		2390058		3316
507		2879		2394773		3325
508		2876		2399488		3336
509		2891		2404199		3318
510		2875		2408915		3329
511		2871		2413631		3326
512		2884		2418344		3318
513		2896		2423060		3321
514		2899		2427777		3335
515		2918		2432495		3334
516		2906		2437211		3325
517		2897		2441923		3320
518		2886		2446639		3325
519		2886		2451355		3320
520		2890		2456069		3327
521		2908		2460786		3326
522		2906		2465501		3317
523		2908		2470215		3337
524		2911		2474931		3321
525		2912		2479645		3323
526		2909		2484362		3322
527		2925		2489077		3322
528		2902		2493795		3323
529		2902		2498511		3318
530		2923		2503225		3326
531		2912		2507944		3330
532		2910		2512662		3324
533		2901		2517377		3326
534		2882		2522093		3316
535		2875		2526805		3324
536		2879		2531520		3314
537		2863		2536234		3329
538		2865		2540952		3325
539		2877		2545665		3327
540		2874		2550378		3328
541		2888		2555095		3326
542		2886		2559810		3330
543		2877		2564526		3325
544		2866		2569243		3320
545		2864		2573960		3324
546		2856		2578677		3314
547		2863		2583392		3317
548		2840		2588103		3309
549		2861		2592820		3322
550		2823		2597534		3317
551		2830		2602252		3328
552		2816		2606965		3314
553		2822		2611680		3308
554		2832		2616394		3318
555		2848		2621108		3335
556		2880		2625825		3326
557		2874		2630537		3321
558		2864		2635255		3323
559		2867		2639972		3323
560		2859		2644686		3317
561		2871		2649396		3327
562		2854		2654113		3331
563		2862		2658829		3322
564		2851		2663545		3324
565		2883		2668261		3335
566		2870		2672975		3334
567		2893		2677690		3342
568		2885		2682405		3338
569		2905		2687122		3323
570		2859		2691836		3335
571		2853		2696553		3335
572		2843		2701267		3339
573		2875		2705983		3332
574		2856		2710698		3338
575		2855		2715411		3344
576		2862		2720124		3334
577		2853		2724842		3330
578		2851		2729556		3336
579		2849		2734274		3334
580		2833		2738990		3345
581		2829		2743705		3342
582		2844		2748418		3330
583		2833		2753130		3328
584		2818		2757848		3316
585		2832		2762564		3324
586		2828		2767278		3337
587		2850		2771992		3332
588		2842		2776707		3336
589		2826		2781424		3326
590		2835		2786136		3330
591		2823		2790850		3317
592		2838		2795567		3325
593		2813		2800281		3325
594		2814		2804996		3325
595		2851		2809709		3318
596		2847		2814423		3332
597		2844		2819134		3331
598		2828		2823847		3326
599		2836		2828563		3327
600		2827		2833277		3333
601		2832		2837992		3337
602		2851		2842704		3344
603		2843		2847421		3328
604		2806		2852134		3332
605		2814		2856850		3319
606		2812		2861564		3332
607		2787		2866279		3329
608		2794		2870995		3339
609		2800		2875706		3329
610		2773		2880420		3337
611		2775		2885138		3334
612		2804		2889850		3341
613		2789		2894567		3344
614		2810		2899283		3335
615		2793		2903998		3329
616		2792		2908715		3344
617		2794		2913433		3340
618		2777		2918151		3336
619		2766		2922868		3339
620		2767		2927584		3329
621		2750		2932300		3326
622		2727		2937013		3343
623		2728		2941729		3340
624		2726		2946443		3339
625		2716		2951158		3328
626		2727		2955873		3328
627		2730		2960590		3327
628		2732		2965301		3325
629		2716		2970012		3331
630		2745		2974727		3321
631		2759		2979442		3311
632		2737		2984157		3313
633		2753		2988869		3329
634		2762		2993583		3326
635		2749		2998297		3329
636		2742		3003011		3340
637		2732		3007720		3342
638		2723		3012432		3342
639		2739		3017149		3345
640		2747		3021864		3349
641		2735		3026577		3340
642		2734		3031292		3334
643		2745		3036007		3339
644		2762		3040723		3330
645		2743		3045441		3339
646		2729		3050159		3345
647		2744		3054877		3347
648		2730		3059589		3338
649		2747		3064306		3337
650		2754		3069018		3338
651		2743		3073733		3326
652		2743		3078450		3332
653		2746		3083168		3342
654		2720		3087881		3336
655		2721		3092600		3333
656		2715		3097311		3348
657		2707		3102027		3339
658		2707		3106743		3340
659		2705		3111461		3333
660		2704		3116177		3327
661		2704		3120893		3346
662		2690		3125608		3346
663		2690		3130324		3343
664		2693		3135036		3345
665		2710		3139754		3327
666		2684		3144468		3335
667		2684		3149184		3355
668		2687		3153899		3351
669		2688		3158616		3340
670		2679		3163332		3343
671		2670		3168051		3359
672		2680		3172770		3353
673		2680		3177486		3349
674		2663		3182203		3360
675		2665		3186918		3357
676		2664		3191635		3353
677		2661		3196350		3348
678		2674		3201066		3359
679		2664		3205781		3331
680		2671		3210498		3348
681		2686		3215217		3347
682		2676		3219935		3354
683		2680		3224649		3340
684		2697		3229363		3353
685		2697		3234078		3347
686		2686		3238793		3358
687		2684		3243509		3344
688		2687		3248221		3353
689		2688		3252936		3348
690		2658		3257652		3359
691		2673		3262369		3357
692		2668		3267086		3351
693		2663		3271802		3344
694		2670		3276520		3344
695		2673		3281232		3342
696		2651		3285949		3338
697		2659		3290665		3350
698		2636		3295382		3346
699		2635		3300097		3350
700		2643		3304814		3349
701		2659		3309528		3347
702		2661		3314244		3346
703		2666		3318959		3344
704		2665		3323672		3351
705		2673		3328381		3364
706		2647		3333097		3360
707		2650		3337813		3357
708		2639		3342530		3336
709		2647		3347247		3343
710		2618		3351961		3356
711		2624		3356678		3354
712		2636		3361394		3346
713		2629		3366109		3351
714		2612		3370826		3356
715		2629		3375539		3360
716		2634		3380253		3366
717		2628		3384972		3356
718		2645		3389680		3357
719		2645		3394395		3346
720		2644		3399112		3344
721		2643		3403829		3350
722		2646		3408546		3347
723		2653		3413261		3344
724		2640		3417978		3346
725		2632		3422691		3343
726		2631		3427406		3337
727		2628		3432123		3335
728		2636		3436840		3348
729		2614		3441554		3353
730		2634		3446267		3339
731		2622		3450982		3343
732		2626		3455700		3354
733		2616		3460415		3362
734		2624		3465130		3360
735		2617		3469844		3345
736		2623		3474563		3340
737		2617		3479275		3340
738		2623		3483988		3341
739		2651		3488703		3336
740		2641		3493415		3356
741		2649		3498130		3354
742		2655		3502845		3344
743		2644		3507560		3354
744		2660		3512274		3359
745		2646		3516992		3363
746		2662		3521708		3357
747		2656		3526423		3362
748		2662		3531138		3357
749		2663		3535856		3345
750		2675		3540570		3356
751		2660		3545284		3349
752		2654		3550002		3358
753		2631		3554718		3362
754		2643		3559434		3346
755		2657		3564142		3365
756		2614		3568853		3369
757		2591		3573571		3348
758		2601		3578287		3365
759		2613		3583001		3372
760		2631		3587717		3359
761		2638		3592436		3371
762		2610		3597151		3360
763		2598		3601865		3367
764		2614		3606576		3357
765		2632		3611290		3369
766		2626		3616007		3367
767		2603		3620722		3366
768		2607		3625442		3369
769		2590		3630158		3362
770		2601		3634870		3375
771		2599		3639584		3388
772		2596		3644302		3385
773		2595		3649017		3367
774		2622		3653735		3365
775		2594		3658451		3375
776		2586		3663165		3378
777		2587		3667880		3368
778		2591		3672599		3361
779		2581		3677318		3373
780		2574		3682032		3366
781		2575		3686749		3370
782		2574		3691465		3363
783		2575		3696182		3369
784		2570		3700900		3366
785		2595		3705615		3372
786		2590		3710330		3367
787		2606		3715045		3374
788		2600		3719763		3370
789		2588		3724480		3357
790		2574		3729197		3364
791		2574		3733910		3360
792		2578		3738628		3380
793		2568		3743344		3375
794		2584		3748055		3380
795		2603		3752773		3368
796		2566		3757489		3367
797		2570		3762205		3372
798		2581		3766923		3375
799		2575		3771640		3389
800		2577		3776358		3384
801		2586		3781067		3370
802		2608		3785779		3381
803		2607		3790493		3376
804		2606		3795209		3375
805		2586		3799926		3372
806		2579		3804638		3367
807		2553		3809354		3373
808		2578		3814065		3381
809		2571		3818780		3369
810		2579		3823496		3374
811		2570		3828212		3365
812		2573		3832926		3366
813		2565		3837640		3368
814		2571		3842355		3371
815		2569		3847070		3386
816		2570		3851787		3388
817		2562		3856507		3378
818		2553		3861223		3379
819		2582		3865938		3366
820		2570		3870653		3372
821		2569		3875370		3384
822		2537		3880087		3385
823		2524		3884804		3382
824		2549		3889517		3388
825		2546		3894234		3384
826		2518		3898952		3388
827		2547		3903670		3388
828		2525		3908387		3392
829		2515		3913103		3384
830		2511		3917817		3393
831		2525		3922534		3390
832		2523		3927252		3383
833		2537		3931965		3384
834		2524		3936683		3391
835		2556		3941399		3385
836		2545		3946115		3389
837		2511		3950831		3395
838		2522		3955549		3381
839		2509		3960268		3384
840		2497		3964982		3384
841		2491		3969696		3377
842		2492		3974409		3382
843		2505		3979124		3394
844		2499		3983841		3394
845		2506		3988555		3391
846		2503		3993272		3390
847		2497		3997987		3391
848		2494		4002703		3400
849		2493		4007418		3390
850		2478		4012134		3388
851		2483		4016849		3382
852		2476		4021566		3378
853		2491		4026282		3375
854		2482		4031002		3370
855		2467		4035719		3370
856		2481		4040437		3366
857		2489		4045151		3371
858		2481		4049870		3383
859		2481		4054585		3377
860		2500		4059302		3370
861		2483		4064017		3376
862		2482		4068732		3378
863		2490		4073448		3378
864		2498		4078167		3385
865		2511		4082886		3375
866		2511		4087604		3368
867		2504		4092321		3373
868		2520		4097037		3377
869		2516		4101755		3367
870		2518		4106468		3368
871		2516		4111182		3378
872		2507		4115896		3376
873		2491		4120610		3380
874		2485		4125322		3376
875		2510		4130036		3372
876		2473		4134751		3378
877		2480		4139469		3385
878		2490		4144181		3382
879		2484		4148897		3385
880		2484		4153614		3393
881		2484		4158329		3385
882		2483		4163042		3397
883		2489		4167757		3375
884		2494		4172471		3384
885		2485		4177187		3383
886		2490		4181905		3384
887		2476		4186621		3395
888		2500		4191339		3386
889		2501		4196056		3391
890		2509		4200774		3382
891		2508		4205491		3392
892		2491		4210209		3384
893		2495		4214919		3385
894		2510		4219633		3371
895		2499		4224352		3388
896		2503		4229064		3381
897		2505		4233782		3393
898		2504		4238500		3372
899		2519		4243218		3387
900		2508		4247937		3378
901		2499		4252654		3369
902		2487		4257371		3381
903		2500		4262089		3388
904		2502		4266805		3389
905		2480		4271522		3389
906		2492		4276240		3378
907		2494		4280956		3394
908		2495		4285673		3401
909		2473		4290388		3383
910		2474		4295101		3370
911		2454		4299818		3371
912		2466		4304534		3370
913		2458		4309249		3366
914		2466		4313963		3363
915		2470		4318680		3361
916		2473		4323394		3377
917		2480		4328109		3377
918		2454		4332823		3386
919		2469		4337541		3385
920		2466		4342260		3377
921		2474		4346977		3379
922		2492		4351695		3383
923		2481		4356412		3383
924		2473		4361127		3383
925		2462		4365842		3385
926		2484		4370553		3383
927		2491		4375270		3382
928		2467		4379987		3376
929		2466		4384703		3374
930		2476		4389416		3381
931		2458		4394127		3382
932		2463		4398844		3393
933		2464		4403561		3382
934		2468		4408279		3372
935		2461		4412993		3383
936		2478		4417708		3389
937		2486		4422423		3386
938		2483		4427138		3403
939		2494		4431855		3396
940		2495		4436574		3383
941		2482		4441289		3393
942		2469		4446009		3395
943		2472		4450727		3387
944		2483		4455447		3384
945		2479		4460157		3398
946		2478		4464867		3405
947		2456		4469579		3399
948		2457		4474293		3396
949		2451		4479009		3397
950		2467		4483725		3387
951		2486		4488439		3388
952		2478		4493153		3386
953		2477		4497870		3390
954		2452		4502584		3389
955		2463		4507297		3383
956		2469		4512015		3397
957		2460		4516729		3396
958		2466		4521446		3381
959		2467		4526165		3388
960		2469		4530884		3393
961		2465		4535603		3405
962		2464		4540322		3393
963		2457		4545040		3393
964		2454		4549755		3392
965		2451		4554474		3382
966		2465		4559188		3376
967		2477		4563903		3383
968		2476		4568620		3392
969		2472		4573336		3386
970		2470		4578054		3383
971		2447		4582770		3368
972		2458		4587486		3381
973		2454		4592200		3372
974		2457		4596919		3375
975		2467		4601636		3382
976		2455		4606352		3386
977		2466		4611065		3391
978		2462		4615782		3386
979		2440		4620500		3378
980		2455		4625220		3372
981		2452		4629933		3388
982		2448		4634645		3389
983		2433		4639359		3379
984		2436		4644073		3377
985		2429		4648789		3374
986		2428		4653503		3372
987		2449		4658219		3372
988		2441		4662935		3378
989		2431		4667649		3373
990		2429		4672366		3376
991		2442		4677082		3373
992		2446		4681801		3386
993		2447		4686514		3367
994		2432		4691232		3373
995		2422		4695949		3371
996		2426		4700666		3368
997		2434		4705384		3377
998		2452		4710101		3366
999		2437		4714819		3381
