# Migration is number of nodes that have changed color.

Round		Edge-Cut		Swaps		Migrations		Skipped
0		543		4720		58
1		536		9439		67
2		527		14159		70
3		533		18878		74
4		528		23597		71
5		532		28317		76
6		525		33036		75
7		530		37755		78
8		525		42474		75
9		511		47194		79
10		516		51914		78
11		516		56633		78
12		519		61353		78
13		525		66072		83
14		516		70790		79
15		506		75510		78
16		507		80230		85
17		507		84950		83
18		504		89670		84
19		499		94387		87
20		504		99106		88
21		511		103825		88
22		509		108545		89
23		510		113265		86
24		511		117985		88
25		503		122705		90
26		502		127425		84
27		496		132145		81
28		505		136865		87
29		506		141585		89
30		502		146305		83
31		506		151024		88
32		501		155744		78
33		497		160463		77
34		495		165180		80
35		493		169899		81
36		495		174617		81
37		495		179334		84
38		496		184054		83
39		494		188772		82
40		499		193490		84
41		495		198207		78
42		494		202927		80
43		497		207646		81
44		497		212364		87
45		505		217084		89
46		493		221804		79
47		493		226523		75
48		490		231242		74
49		484		235961		77
50		488		240681		77
51		487		245401		79
52		482		250121		76
53		482		254841		82
54		485		259561		87
55		478		264280		81
56		486		268999		83
57		490		273719		87
58		489		278438		81
59		485		283158		84
60		487		287877		86
61		487		292595		85
62		493		297314		87
63		494		302032		89
64		494		306752		88
65		499		311472		95
66		484		316192		88
67		487		320912		88
68		478		325632		85
69		476		330350		83
70		483		335069		84
71		480		339789		81
72		484		344507		84
73		477		349226		81
74		475		353946		84
75		470		358663		80
76		475		363382		86
77		473		368101		86
78		477		372818		87
79		470		377538		81
80		466		382258		86
81		463		386978		84
82		468		391697		85
83		477		396416		89
84		477		401134		90
85		467		405854		88
86		469		410574		90
87		479		415294		95
88		466		420013		93
89		467		424732		94
90		457		429451		92
91		462		434171		93
92		460		438890		92
93		460		443608		93
94		460		448328		94
95		462		453046		92
96		463		457764		91
97		461		462483		91
98		460		467202		89
99		460		471921		92
100		462		476641		92
101		464		481361		93
102		465		486080		92
103		458		490800		95
104		457		495520		94
105		474		500240		94
106		461		504960		92
107		458		509679		91
108		459		514398		93
109		467		519117		95
110		466		523837		93
111		471		528557		93
112		475		533277		91
113		476		537997		102
114		474		542717		96
115		474		547436		100
116		473		552156		96
117		468		556876		96
118		471		561596		93
119		475		566314		96
120		468		571033		93
121		471		575749		97
122		461		580469		96
123		462		585189		96
124		463		589909		95
125		467		594628		97
126		469		599347		97
127		459		604067		95
128		461		608787		96
129		467		613507		97
130		459		618225		99
131		466		622944		101
132		471		627663		100
133		457		632383		95
134		461		637103		99
135		457		641823		99
136		458		646543		100
137		457		651262		97
138		453		655982		96
139		461		660699		98
140		456		665418		101
141		463		670138		100
142		457		674857		96
143		456		679577		96
144		455		684295		95
145		461		689014		97
146		457		693733		98
147		456		698452		102
148		459		703172		97
149		460		707891		99
150		454		712611		93
151		454		717330		95
152		455		722049		99
153		460		726767		99
154		456		731486		96
155		457		736205		97
156		465		740924		97
157		462		745643		98
158		461		750363		97
159		470		755083		96
160		463		759801		95
161		462		764521		97
162		483		769241		99
163		472		773961		97
164		467		778680		94
165		461		783400		93
166		467		788118		95
167		465		792838		93
168		462		797558		95
169		460		802278		95
170		462		806997		93
171		459		811717		91
172		459		816436		94
173		466		821156		99
174		457		825875		94
175		453		830595		93
176		458		835314		95
177		459		840033		95
178		463		844753		97
179		458		849472		96
180		458		854191		95
181		456		858910		95
182		459		863628		98
183		467		868347		99
184		461		873066		99
185		459		877784		98
186		456		882504		94
187		459		887224		95
188		452		891943		95
189		455		896662		93
190		454		901382		93
191		455		906102		96
192		461		910822		98
193		456		915542		93
194		462		920261		95
195		462		924980		99
196		468		929697		99
197		464		934417		98
198		461		939134		96
199		462		943854		95
200		460		948573		97
201		463		953293		98
202		462		958013		96
203		462		962733		96
204		464		967451		97
205		470		972170		95
206		466		976890		98
207		468		981609		100
208		458		986329		98
209		460		991048		100
210		461		995767		105
211		461		1000487		104
212		467		1005207		102
213		458		1009926		105
214		457		1014645		102
215		453		1019364		101
216		450		1024082		97
217		450		1028801		101
218		455		1033520		101
219		451		1038240		100
220		447		1042960		98
221		449		1047680		98
222		451		1052400		100
223		455		1057120		100
224		457		1061840		103
225		452		1066559		103
226		457		1071279		104
227		456		1075999		100
228		455		1080719		101
229		453		1085439		98
230		452		1090159		100
231		449		1094877		95
232		449		1099596		98
233		453		1104316		97
234		451		1109035		97
235		453		1113754		95
236		452		1118473		97
237		455		1123193		103
238		449		1127909		98
239		456		1132628		102
240		455		1137346		101
241		457		1142066		97
242		460		1146786		99
243		460		1151504		97
244		464		1156224		101
245		459		1160944		101
246		458		1165664		100
247		455		1170383		99
248		457		1175101		98
249		458		1179820		102
250		459		1184538		99
251		462		1189256		102
252		462		1193975		99
253		464		1198694		98
254		459		1203414		104
255		464		1208134		108
256		469		1212854		105
257		466		1217573		105
258		471		1222293		103
259		469		1227013		102
260		467		1231732		100
261		467		1236452		101
262		461		1241170		104
263		465		1245890		99
264		472		1250608		105
265		466		1255328		105
266		469		1260048		105
267		471		1264768		106
268		472		1269487		105
269		469		1274207		104
270		476		1278927		106
271		477		1283646		108
272		468		1288366		106
273		467		1293086		112
274		466		1297806		115
275		463		1302525		108
276		464		1307244		109
277		465		1311964		107
278		459		1316684		106
279		465		1321402		107
280		471		1326121		111
281		466		1330840		113
282		463		1335559		111
283		472		1340279		111
284		467		1344999		112
285		465		1349718		112
286		466		1354438		110
287		455		1359157		109
288		456		1363877		107
289		461		1368597		108
290		460		1373317		108
291		457		1378037		109
292		459		1382757		109
293		462		1387476		110
294		459		1392196		111
295		460		1396916		109
296		455		1401635		109
297		457		1406354		108
298		460		1411074		109
299		475		1415792		118
300		460		1420510		117
301		465		1425230		116
302		463		1429947		113
303		461		1434666		111
304		461		1439385		116
305		468		1444104		122
306		465		1448824		113
307		462		1453542		112
308		463		1458261		115
309		467		1462981		113
310		460		1467700		111
311		456		1472416		109
312		458		1477136		114
313		457		1481856		116
314		463		1486576		117
315		458		1491293		113
316		458		1496012		113
317		462		1500732		115
318		462		1505452		115
319		463		1510171		118
320		454		1514891		114
321		453		1519610		116
322		459		1524329		114
323		455		1529048		113
324		449		1533768		111
325		451		1538486		113
326		451		1543206		116
327		449		1547926		113
328		455		1552646		114
329		447		1557364		113
330		445		1562084		111
331		449		1566804		111
332		452		1571523		112
333		452		1576243		111
334		454		1580962		111
335		456		1585682		115
336		456		1590400		110
337		460		1595119		116
338		459		1599838		111
339		455		1604557		111
340		457		1609277		111
341		459		1613996		111
342		458		1618715		111
343		458		1623434		112
344		455		1628154		111
345		450		1632872		110
346		453		1637592		108
347		453		1642312		108
348		456		1647032		112
349		456		1651750		108
350		454		1656469		110
351		459		1661188		115
352		455		1665908		113
353		461		1670625		113
354		460		1675345		110
355		451		1680064		109
356		452		1684784		110
357		452		1689503		112
358		452		1694222		112
359		455		1698942		116
360		455		1703660		114
361		448		1708379		109
362		451		1713097		112
363		445		1717816		109
364		448		1722534		111
365		449		1727254		113
366		452		1731973		111
367		447		1736692		111
368		447		1741411		112
369		452		1746131		112
370		451		1750851		112
371		447		1755570		114
372		449		1760290		113
373		455		1765009		119
374		456		1769728		116
375		455		1774446		114
376		456		1779166		114
377		449		1783886		116
378		450		1788606		116
379		452		1793326		118
380		451		1798045		120
381		451		1802765		118
382		452		1807484		118
383		444		1812204		118
384		444		1816923		118
385		450		1821642		118
386		450		1826361		119
387		451		1831080		116
388		449		1835798		119
389		450		1840515		121
390		447		1845233		120
391		449		1849953		123
392		451		1854671		121
393		446		1859391		119
394		446		1864111		117
395		443		1868831		117
396		446		1873551		119
397		446		1878270		123
398		447		1882990		121
399		448		1887708		122
400		447		1892428		123
401		448		1897148		123
402		447		1901867		121
403		443		1906587		120
404		446		1911307		121
405		439		1916026		119
406		440		1920744		116
407		444		1925463		118
408		442		1930182		117
409		448		1934902		119
410		450		1939621		117
411		445		1944340		120
412		456		1949059		123
413		451		1953779		121
414		452		1958499		123
415		446		1963219		123
416		447		1967939		119
417		451		1972657		119
418		449		1977376		118
419		446		1982095		118
420		452		1986812		117
421		452		1991532		120
422		456		1996251		124
423		455		2000970		116
424		451		2005690		116
425		452		2010410		120
426		451		2015130		120
427		451		2019850		120
428		452		2024570		121
429		450		2029290		119
430		456		2034010		121
431		453		2038730		121
432		449		2043449		121
433		452		2048168		121
434		461		2052885		123
435		458		2057605		123
436		455		2062325		120
437		453		2067045		118
438		447		2071763		118
439		453		2076482		122
440		455		2081202		121
441		455		2085922		119
442		451		2090641		117
443		450		2095359		115
444		450		2100078		114
445		453		2104798		116
446		455		2109518		120
447		454		2114237		118
448		453		2118956		119
449		455		2123676		118
450		453		2128395		115
451		451		2133113		115
452		453		2137832		116
453		453		2142552		117
454		457		2147271		119
455		462		2151988		119
456		457		2156708		118
457		452		2161428		118
458		463		2166145		121
459		461		2170864		120
460		454		2175583		116
461		459		2180303		117
462		459		2185023		119
463		454		2189743		115
464		456		2194462		120
465		455		2199180		118
466		452		2203898		121
467		450		2208617		118
468		451		2213336		116
469		455		2218056		120
470		446		2222775		115
471		448		2227495		115
472		451		2232214		116
473		445		2236933		114
474		446		2241652		113
475		451		2246371		114
476		455		2251091		114
477		451		2255810		115
478		445		2260530		111
479		451		2265249		114
480		447		2269968		114
481		450		2274688		114
482		452		2279406		116
483		452		2284124		116
484		447		2288843		114
485		445		2293561		114
486		446		2298280		115
487		443		2302999		112
488		445		2307718		113
489		448		2312436		113
490		442		2317156		114
491		446		2321876		113
492		447		2326595		117
493		446		2331315		114
494		445		2336035		115
495		453		2340754		120
496		448		2345474		119
497		452		2350193		120
498		455		2354912		122
499		448		2359632		120
500		444		2364352		117
501		446		2369072		117
502		449		2373792		117
503		445		2378512		116
504		444		2383232		114
505		442		2387951		114
506		448		2392671		114
507		445		2397391		112
508		439		2402111		110
509		441		2406830		113
510		442		2411548		112
511		441		2416268		111
512		439		2420986		111
513		439		2425705		111
514		444		2430424		112
515		441		2435141		111
516		441		2439860		112
517		443		2444579		114
518		447		2449299		118
519		450		2454019		115
520		445		2458738		114
521		439		2463456		114
522		442		2468176		117
523		442		2472895		120
524		441		2477615		119
525		448		2482333		121
526		442		2487052		119
527		446		2491771		119
528		444		2496490		116
529		448		2501210		115
530		446		2505929		115
531		442		2510649		114
532		440		2515369		115
533		435		2520089		112
534		443		2524809		114
535		446		2529529		115
536		439		2534249		111
537		447		2538968		113
538		442		2543688		111
539		445		2548406		111
540		443		2553126		113
541		440		2557844		108
542		443		2562564		108
543		440		2567283		108
544		442		2572003		112
545		443		2576722		107
546		438		2581442		107
547		444		2586162		109
548		445		2590882		113
549		445		2595602		112
550		442		2600322		112
551		449		2605041		115
552		449		2609761		114
553		442		2614481		111
554		444		2619201		114
555		441		2623921		110
556		447		2628641		112
557		455		2633359		110
558		450		2638079		112
559		449		2642797		109
560		451		2647517		110
561		453		2652237		117
562		450		2656954		114
563		447		2661673		111
564		445		2666393		116
565		444		2671110		118
566		442		2675830		118
567		444		2680550		119
568		450		2685270		122
569		444		2689988		121
570		440		2694707		121
571		447		2699427		122
572		449		2704147		119
573		456		2708866		122
574		453		2713586		125
575		451		2718305		122
576		447		2723024		122
577		453		2727743		125
578		449		2732460		125
579		446		2737179		122
580		444		2741899		122
581		444		2746618		123
582		443		2751338		121
583		444		2756058		126
584		447		2760775		127
585		443		2765494		119
586		445		2770214		121
587		444		2774933		122
588		443		2779651		120
589		451		2784371		124
590		446		2789089		120
591		450		2793808		121
592		453		2798528		119
593		451		2803247		119
594		450		2807966		120
595		452		2812686		120
596		451		2817405		121
597		450		2822125		123
598		445		2826844		119
599		448		2831564		121
600		443		2836284		124
601		445		2841003		126
602		446		2845723		126
603		450		2850443		126
604		452		2855163		124
605		448		2859882		127
606		449		2864600		127
607		444		2869320		127
608		454		2874038		124
609		451		2878758		129
610		451		2883477		124
611		449		2888196		122
612		448		2892915		124
613		448		2897634		124
614		445		2902354		125
615		444		2907074		125
616		442		2911794		123
617		445		2916512		126
618		449		2921232		130
619		448		2925952		126
620		455		2930670		126
621		448		2935389		129
622		448		2940109		124
623		444		2944828		125
624		441		2949546		126
625		440		2954266		125
626		439		2958986		129
627		441		2963706		125
628		448		2968426		127
629		449		2973146		127
630		441		2977865		127
631		438		2982583		125
632		438		2987302		125
633		442		2992022		129
634		442		2996740		127
635		441		3001460		125
636		442		3006179		123
637		444		3010899		125
638		445		3015617		125
639		442		3020336		127
640		439		3025056		125
641		439		3029776		125
642		443		3034496		125
643		439		3039216		125
644		450		3043936		127
645		445		3048656		127
646		441		3053375		123
647		442		3058094		129
648		446		3062814		129
649		448		3067532		131
650		451		3072252		131
651		447		3076972		129
652		444		3081692		125
653		443		3086412		126
654		444		3091132		126
655		437		3095851		127
656		443		3100571		126
657		440		3105290		126
658		442		3110010		126
659		441		3114730		128
660		439		3119450		126
661		439		3124169		126
662		439		3128889		126
663		445		3133609		128
664		434		3138329		126
665		432		3143049		127
666		432		3147769		124
667		434		3152489		126
668		434		3157208		126
669		435		3161927		125
670		447		3166647		121
671		442		3171367		124
672		439		3176087		124
673		431		3180807		120
674		436		3185527		122
675		434		3190246		121
676		441		3194966		117
677		444		3199685		125
678		436		3204405		123
679		437		3209125		123
680		434		3213844		121
681		435		3218563		121
682		438		3223282		119
683		440		3228000		122
684		434		3232719		120
685		436		3237439		121
686		437		3242159		123
687		434		3246879		123
688		435		3251599		123
689		436		3256319		123
690		436		3261037		121
691		435		3265756		123
692		435		3270476		123
693		437		3275195		121
694		438		3279915		121
695		442		3284635		124
696		440		3289354		120
697		434		3294074		124
698		441		3298794		124
699		446		3303514		123
700		445		3308234		125
701		444		3312953		126
702		445		3317673		124
703		445		3322393		122
704		443		3327113		125
705		444		3331831		127
706		444		3336551		128
707		443		3341271		126
708		446		3345991		126
709		446		3350711		124
710		443		3355431		126
711		446		3360151		126
712		445		3364870		128
713		446		3369588		126
714		437		3374308		124
715		440		3379028		124
716		438		3383748		122
717		441		3388468		120
718		437		3393188		120
719		438		3397908		122
720		440		3402627		124
721		441		3407346		118
722		442		3412065		120
723		442		3416784		121
724		446		3421502		124
725		446		3426222		128
726		449		3430941		128
727		444		3435661		128
728		448		3440381		130
729		449		3445101		132
730		441		3449820		132
731		447		3454540		134
732		449		3459259		134
733		449		3463979		133
734		446		3468698		134
735		448		3473418		132
736		449		3478138		135
737		447		3482858		135
738		444		3487577		134
739		448		3492297		134
740		444		3497017		134
741		453		3501736		137
742		443		3506456		132
743		447		3511175		131
744		449		3515895		133
745		447		3520615		132
746		446		3525334		132
747		443		3530053		133
748		440		3534772		134
749		446		3539491		134
750		443		3544211		136
751		440		3548931		136
752		436		3553651		135
753		438		3558371		134
754		434		3563091		134
755		437		3567810		134
756		442		3572528		135
757		441		3577247		135
758		445		3581967		134
759		445		3586687		136
760		447		3591407		136
761		441		3596127		135
762		442		3600846		136
763		439		3605565		134
764		434		3610284		134
765		434		3615004		132
766		435		3619724		132
767		433		3624443		132
768		438		3629162		132
769		436		3633881		133
770		429		3638601		132
771		431		3643320		132
772		431		3648040		133
773		427		3652760		130
774		427		3657479		134
775		426		3662199		132
776		425		3666919		132
777		433		3671639		134
778		437		3676358		134
779		436		3681076		136
780		436		3685795		139
781		440		3690514		136
782		445		3695234		138
783		439		3699953		136
784		439		3704673		140
785		436		3709393		138
786		438		3714112		141
787		437		3718832		139
788		440		3723552		137
789		438		3728271		136
790		431		3732990		135
791		432		3737709		133
792		433		3742429		134
793		436		3747149		134
794		436		3751868		138
795		433		3756588		138
796		437		3761307		140
797		433		3766027		140
798		433		3770747		137
799		437		3775466		137
800		432		3780186		137
801		434		3784904		139
802		434		3789622		136
803		434		3794340		136
804		438		3799060		137
805		435		3803779		137
806		434		3808498		133
807		434		3813218		134
808		435		3817936		131
809		429		3822656		133
810		429		3827374		133
811		434		3832094		132
812		435		3836814		131
813		433		3841534		129
814		434		3846254		128
815		431		3850973		130
816		433		3855693		128
817		430		3860413		123
818		436		3865132		124
819		431		3869852		125
820		431		3874571		125
821		434		3879290		127
822		435		3884010		130
823		430		3888730		130
824		438		3893450		131
825		436		3898169		129
826		430		3902889		129
827		431		3907608		128
828		439		3912328		132
829		435		3917048		132
830		440		3921767		132
831		430		3926486		132
832		433		3931206		134
833		434		3935926		134
834		436		3940646		129
835		435		3945366		129
836		435		3950086		128
837		429		3954806		128
838		428		3959525		128
839		425		3964245		128
840		426		3968965		129
841		427		3973685		131
842		428		3978404		131
843		427		3983123		131
844		428		3987843		131
845		423		3992562		125
846		425		3997282		123
847		428		4002002		123
848		426		4006721		123
849		426		4011441		124
850		431		4016161		126
851		426		4020880		125
852		430		4025600		127
853		430		4030319		125
854		434		4035038		123
855		441		4039758		132
856		438		4044475		127
857		425		4049195		126
858		428		4053915		128
859		431		4058633		126
860		425		4063352		126
861		428		4068072		128
862		426		4072792		125
863		424		4077512		125
864		425		4082232		127
865		425		4086952		123
866		419		4091672		123
867		416		4096391		123
868		427		4101110		123
869		426		4105830		120
870		425		4110550		121
871		427		4115269		122
872		426		4119988		122
873		421		4124708		121
874		427		4129427		125
875		432		4134146		123
876		435		4138865		130
877		428		4143585		123
878		433		4148305		123
879		428		4153023		126
880		427		4157743		126
881		427		4162463		126
882		432		4167183		126
883		431		4171902		128
884		430		4176622		126
885		428		4181342		126
886		433		4186062		127
887		432		4190781		128
888		431		4195501		128
889		437		4200220		132
890		431		4204939		130
891		434		4209659		130
892		430		4214378		128
893		432		4219097		127
894		434		4223815		128
895		433		4228535		128
896		429		4233255		130
897		428		4237975		128
898		430		4242693		128
899		434		4247413		135
900		437		4252132		136
901		436		4256851		134
902		434		4261570		136
903		431		4266290		134
904		432		4271009		138
905		431		4275727		134
906		429		4280446		136
907		429		4285166		136
908		436		4289886		133
909		435		4294606		134
910		438		4299325		133
911		435		4304044		131
912		439		4308764		137
913		433		4313482		137
914		429		4318201		137
915		438		4322921		136
916		445		4327641		138
917		436		4332359		140
918		437		4337079		146
919		439		4341799		144
920		440		4346519		146
921		442		4351239		146
922		443		4355959		147
923		437		4360679		146
924		444		4365397		145
925		438		4370116		146
926		438		4374836		146
927		430		4379556		144
928		429		4384276		144
929		431		4388996		144
930		437		4393715		146
931		438		4398435		150
932		431		4403155		144
933		435		4407874		147
934		433		4412593		142
935		437		4417312		142
936		427		4422031		142
937		430		4426751		143
938		435		4431471		145
939		435		4436191		143
940		436		4440911		146
941		433		4445631		146
942		427		4450351		143
943		429		4455071		144
944		427		4459791		146
945		434		4464510		146
946		427		4469230		144
947		428		4473950		141
948		432		4478669		138
949		440		4483389		137
950		429		4488109		143
951		433		4492829		140
952		430		4497549		141
953		431		4502269		142
954		430		4506989		142
955		430		4511709		144
956		430		4516429		138
957		433		4521149		142
958		431		4525867		142
959		431		4530587		140
960		433		4535307		142
961		428		4540026		142
962		419		4544746		138
963		421		4549466		138
964		423		4554185		137
965		421		4558904		137
966		431		4563624		141
967		425		4568343		143
968		424		4573063		145
969		429		4577783		143
970		430		4582503		145
971		429		4587223		145
972		429		4591943		147
973		426		4596663		147
974		426		4601382		147
975		427		4606100		143
976		430		4610819		145
977		430		4615539		143
978		433		4620259		140
979		431		4624979		142
980		434		4629697		145
981		434		4634417		143
982		425		4639137		142
983		427		4643857		142
984		429		4648576		146
985		428		4653296		147
986		427		4658016		146
987		427		4662736		142
988		424		4667456		142
989		423		4672175		142
990		424		4676895		144
991		425		4681615		147
992		422		4686335		146
993		424		4691053		144
994		425		4695773		146
995		429		4700493		144
996		425		4705213		147
997		424		4709933		145
998		426		4714653		145
999		422		4719371		145
