# Migration is number of nodes that have changed color.

Round		Edge-Cut		Swaps		Migrations		Skipped
0		8774		4720		2989
1		7964		9437		2990
2		7385		14156		3017
3		6947		18873		3032
4		6653		23587		3038
5		6491		28305		3052
6		6274		33019		3063
7		6088		37735		3037
8		5974		42449		3072
9		5845		47165		3066
10		5691		51878		3089
11		5571		56594		3102
12		5480		61310		3093
13		5413		66023		3091
14		5352		70734		3089
15		5237		75447		3099
16		5171		80163		3108
17		5104		84874		3115
18		5060		89592		3155
19		5024		94302		3117
20		4956		99016		3149
21		4950		103735		3143
22		4872		108448		3135
23		4832		113154		3115
24		4786		117867		3149
25		4746		122580		3151
26		4741		127296		3152
27		4729		132003		3156
28		4715		136716		3176
29		4665		141428		3165
30		4635		146143		3180
31		4593		150861		3174
32		4573		155574		3180
33		4572		160290		3188
34		4531		165008		3177
35		4534		169720		3174
36		4516		174437		3164
37		4492		179152		3158
38		4488		183861		3172
39		4454		188572		3194
40		4405		193282		3165
41		4423		197992		3178
42		4394		202704		3190
43		4400		207416		3173
44		4400		212128		3189
45		4415		216843		3184
46		4370		221559		3174
47		4375		226268		3175
48		4356		230982		3176
49		4323		235696		3179
50		4300		240409		3199
51		4318		245125		3194
52		4304		249839		3209
53		4336		254551		3197
54		4305		259264		3204
55		4319		263977		3191
56		4292		268692		3191
57		4270		273403		3198
58		4261		278116		3194
59		4256		282828		3206
60		4239		287541		3203
61		4213		292258		3193
62		4219		296974		3187
63		4202		301688		3211
64		4169		306402		3184
65		4176		311120		3207
66		4146		315830		3217
67		4164		320545		3204
68		4147		325252		3222
69		4151		329964		3206
70		4106		334674		3215
71		4080		339390		3233
72		4068		344109		3217
73		4078		348825		3197
74		4077		353539		3200
75		4045		358254		3212
76		4045		362966		3206
77		4025		367680		3197
78		4001		372394		3202
79		4039		377107		3207
80		4018		381816		3207
81		3997		386529		3210
82		3999		391244		3236
83		3991		395956		3236
84		3984		400671		3214
85		4017		405382		3208
86		3993		410096		3229
87		3973		414810		3243
88		3952		419526		3238
89		3952		424243		3230
90		3978		428954		3229
91		3962		433669		3224
92		3992		438383		3220
93		3952		443099		3236
94		3935		447813		3236
95		3943		452529		3238
96		3947		457240		3230
97		3964		461955		3231
98		3993		466667		3232
99		3946		471382		3243
100		3938		476098		3224
101		3936		480814		3227
102		3920		485527		3251
103		3921		490246		3231
104		3924		494962		3218
105		3878		499672		3220
106		3879		504390		3230
107		3873		509109		3229
108		3840		513822		3218
109		3855		518537		3229
110		3847		523251		3228
111		3820		527964		3226
112		3826		532680		3233
113		3842		537392		3236
114		3856		542106		3228
115		3838		546822		3229
116		3821		551535		3220
117		3816		556249		3236
118		3807		560965		3234
119		3782		565682		3222
120		3801		570398		3221
121		3791		575110		3229
122		3773		579824		3224
123		3789		584539		3213
124		3795		589250		3210
125		3793		593960		3223
126		3803		598671		3219
127		3783		603387		3217
128		3796		608097		3211
129		3769		612812		3222
130		3745		617525		3244
131		3743		622236		3233
132		3726		626951		3227
133		3738		631666		3226
134		3695		636379		3227
135		3702		641093		3215
136		3709		645806		3233
137		3710		650517		3221
138		3695		655233		3234
139		3680		659950		3214
140		3698		664661		3232
141		3690		669373		3233
142		3672		674085		3245
143		3690		678798		3250
144		3668		683513		3231
145		3639		688228		3254
146		3671		692942		3245
147		3674		697655		3237
148		3662		702368		3230
149		3663		707084		3236
150		3686		711799		3244
151		3638		716512		3258
152		3610		721226		3240
153		3636		725944		3227
154		3632		730655		3229
155		3613		735371		3221
156		3617		740082		3230
157		3622		744798		3232
158		3616		749512		3212
159		3630		754225		3201
160		3636		758937		3230
161		3619		763652		3219
162		3610		768367		3227
163		3597		773079		3216
164		3615		777793		3217
165		3576		782508		3219
166		3566		787218		3227
167		3573		791935		3227
168		3568		796650		3215
169		3539		801363		3222
170		3540		806075		3226
171		3531		810788		3242
172		3531		815505		3242
173		3546		820220		3220
174		3538		824935		3234
175		3526		829646		3238
176		3519		834361		3231
177		3531		839074		3238
178		3522		843788		3238
179		3550		848502		3247
180		3526		853220		3242
181		3520		857937		3248
182		3544		862653		3251
183		3499		867368		3235
184		3521		872084		3234
185		3537		876798		3222
186		3531		881513		3237
187		3520		886226		3235
188		3488		890944		3243
189		3487		895660		3247
190		3496		900377		3243
191		3502		905094		3223
192		3462		909807		3243
193		3483		914523		3262
194		3497		919237		3246
195		3466		923952		3249
196		3458		928665		3252
197		3454		933377		3244
198		3450		938091		3246
199		3456		942803		3253
200		3457		947516		3266
201		3456		952233		3265
202		3438		956943		3262
203		3429		961654		3249
204		3442		966367		3269
205		3459		971081		3278
206		3463		975794		3269
207		3406		980508		3273
208		3416		985224		3263
209		3420		989938		3281
210		3415		994651		3277
211		3407		999364		3272
212		3439		1004082		3271
213		3429		1008798		3275
214		3411		1013517		3276
215		3420		1018235		3265
216		3413		1022948		3268
217		3390		1027665		3256
218		3393		1032381		3253
219		3403		1037094		3257
220		3415		1041811		3248
221		3389		1046524		3270
222		3395		1051239		3246
223		3394		1055956		3245
224		3388		1060671		3251
225		3371		1065383		3236
226		3347		1070100		3247
227		3349		1074817		3246
228		3354		1079534		3258
229		3372		1084252		3256
230		3358		1088966		3249
231		3378		1093682		3268
232		3364		1098397		3268
233		3348		1103113		3271
234		3362		1107831		3275
235		3351		1112546		3288
236		3362		1117261		3265
237		3375		1121977		3265
238		3357		1126687		3254
239		3313		1131402		3269
240		3315		1136118		3270
241		3313		1140836		3259
242		3320		1145553		3271
243		3353		1150268		3268
244		3309		1154986		3286
245		3307		1159697		3293
246		3308		1164413		3279
247		3288		1169126		3272
248		3287		1173833		3266
249		3306		1178546		3266
250		3292		1183259		3275
251		3261		1187975		3275
252		3283		1192688		3285
253		3279		1197395		3267
254		3298		1202107		3273
255		3291		1206825		3257
256		3310		1211541		3260
257		3287		1216251		3259
258		3272		1220968		3261
259		3259		1225681		3254
260		3268		1230395		3234
261		3257		1235111		3241
262		3258		1239825		3246
263		3270		1244543		3251
264		3275		1249259		3247
265		3294		1253977		3255
266		3278		1258693		3253
267		3295		1263409		3268
268		3296		1268127		3259
269		3308		1272845		3252
270		3280		1277561		3274
271		3279		1282274		3242
272		3273		1286988		3249
273		3277		1291700		3252
274		3230		1296414		3253
275		3253		1301130		3248
276		3264		1305847		3257
277		3229		1310562		3257
278		3224		1315276		3248
279		3218		1319991		3261
280		3207		1324706		3245
281		3189		1329421		3254
282		3190		1334132		3249
283		3180		1338846		3246
284		3194		1343559		3255
285		3197		1348276		3261
286		3197		1352986		3250
287		3192		1357703		3237
288		3200		1362421		3248
289		3187		1367137		3247
290		3197		1371850		3250
291		3195		1376562		3242
292		3166		1381281		3242
293		3152		1385997		3252
294		3160		1390709		3245
295		3156		1395424		3254
296		3143		1400141		3256
297		3140		1404859		3258
298		3175		1409574		3266
299		3170		1414289		3264
300		3181		1419003		3264
301		3153		1423718		3283
302		3145		1428434		3273
303		3152		1433146		3264
304		3149		1437860		3269
305		3151		1442575		3270
306		3174		1447289		3264
307		3161		1452006		3260
308		3131		1456718		3254
309		3134		1461431		3256
310		3093		1466141		3252
311		3115		1470854		3254
312		3122		1475567		3256
313		3123		1480283		3254
314		3139		1484999		3256
315		3149		1489713		3274
316		3119		1494427		3250
317		3113		1499142		3261
318		3115		1503861		3259
319		3098		1508580		3251
320		3100		1513293		3253
321		3099		1518006		3262
322		3087		1522723		3252
323		3112		1527440		3263
324		3124		1532156		3267
325		3097		1536873		3276
326		3126		1541589		3260
327		3132		1546301		3266
328		3140		1551016		3273
329		3126		1555727		3260
330		3125		1560441		3265
331		3121		1565158		3275
332		3096		1569871		3267
333		3077		1574586		3256
334		3085		1579301		3269
335		3062		1584016		3275
336		3081		1588734		3286
337		3092		1593452		3274
338		3080		1598168		3265
339		3079		1602883		3269
340		3069		1607597		3279
341		3040		1612314		3275
342		3048		1617031		3270
343		3040		1621742		3276
344		3051		1626457		3276
345		3066		1631176		3289
346		3053		1635890		3289
347		3044		1640603		3283
348		3055		1645317		3285
349		3052		1650031		3300
350		3041		1654746		3293
351		3050		1659460		3304
352		3060		1664175		3303
353		3044		1668890		3301
354		3045		1673605		3286
355		3052		1678318		3292
356		3047		1683031		3286
357		3044		1687745		3288
358		3034		1692460		3296
359		3028		1697174		3289
360		3033		1701891		3275
361		3020		1706605		3295
362		3036		1711319		3294
363		3034		1716035		3277
364		3028		1720752		3283
365		3029		1725469		3294
366		3014		1730184		3293
367		3022		1734894		3289
368		3048		1739609		3280
369		3025		1744324		3287
370		3068		1749040		3306
371		3060		1753753		3299
372		3050		1758471		3267
373		3040		1763187		3273
374		3031		1767906		3287
375		3014		1772622		3297
376		3003		1777340		3283
377		2990		1782052		3287
378		2956		1786766		3287
379		2954		1791482		3287
380		2975		1796196		3291
381		2987		1800913		3296
382		2974		1805630		3288
383		2993		1810346		3304
384		2986		1815063		3304
385		2989		1819774		3300
386		2986		1824490		3305
387		2944		1829204		3306
388		2927		1833920		3299
389		2937		1838632		3303
390		2925		1843350		3306
391		2939		1848067		3293
392		2944		1852782		3288
393		2955		1857500		3296
394		2947		1862215		3300
395		2948		1866930		3293
396		2937		1871650		3303
397		2949		1876369		3296
398		2930		1881081		3309
399		2935		1885796		3293
400		2936		1890513		3295
401		2908		1895227		3304
402		2913		1899939		3306
403		2884		1904655		3320
404		2891		1909369		3294
405		2900		1914084		3299
406		2894		1918797		3308
407		2897		1923511		3310
408		2896		1928226		3311
409		2892		1932942		3304
410		2879		1937657		3306
411		2883		1942372		3308
412		2880		1947087		3302
413		2882		1951801		3289
414		2879		1956512		3302
415		2879		1961225		3301
416		2863		1965939		3300
417		2875		1970658		3313
418		2870		1975372		3300
419		2875		1980087		3308
420		2880		1984800		3312
421		2878		1989515		3305
422		2885		1994233		3300
423		2845		1998947		3293
424		2834		2003661		3290
425		2847		2008375		3289
426		2848		2013089		3285
427		2832		2017804		3287
428		2849		2022511		3290
429		2857		2027226		3287
430		2854		2031943		3293
431		2845		2036657		3292
432		2838		2041372		3297
433		2854		2046089		3277
434		2834		2050801		3281
435		2860		2055518		3280
436		2840		2060231		3293
437		2834		2064950		3282
438		2832		2069662		3303
439		2824		2074377		3295
440		2837		2079089		3307
441		2834		2083806		3311
442		2832		2088520		3296
443		2839		2093234		3286
444		2844		2097951		3290
445		2846		2102668		3283
446		2854		2107384		3290
447		2837		2112099		3293
448		2844		2116813		3297
449		2875		2121526		3293
450		2873		2126241		3280
451		2879		2130952		3304
452		2870		2135670		3292
453		2867		2140384		3279
454		2848		2145099		3300
455		2840		2149814		3291
456		2858		2154527		3305
457		2827		2159243		3289
458		2826		2163960		3292
459		2835		2168676		3289
460		2839		2173395		3289
461		2833		2178110		3291
462		2863		2182824		3287
463		2894		2187542		3297
464		2881		2192255		3298
465		2886		2196971		3285
466		2877		2201687		3292
467		2871		2206402		3295
468		2844		2211119		3286
469		2842		2215832		3291
470		2838		2220548		3293
471		2848		2225260		3297
472		2848		2229974		3297
473		2838		2234687		3293
474		2849		2239404		3300
475		2849		2244118		3302
476		2844		2248833		3312
477		2839		2253553		3308
478		2831		2258271		3305
479		2844		2262989		3299
480		2874		2267701		3312
481		2854		2272415		3302
482		2822		2277128		3306
483		2810		2281844		3289
484		2812		2286560		3302
485		2838		2291276		3303
486		2827		2295988		3313
487		2820		2300705		3304
488		2827		2305417		3301
489		2807		2310132		3315
490		2810		2314847		3295
491		2805		2319561		3294
492		2831		2324278		3315
493		2812		2328996		3310
494		2801		2333709		3304
495		2813		2338421		3299
496		2798		2343137		3302
497		2799		2347855		3308
498		2802		2352570		3303
499		2780		2357283		3310
500		2784		2362001		3302
501		2793		2366712		3309
502		2804		2371429		3318
503		2782		2376145		3309
504		2794		2380860		3295
505		2800		2385576		3309
506		2787		2390291		3298
507		2778		2395007		3305
508		2785		2399724		3299
509		2793		2404438		3304
510		2799		2409150		3305
511		2819		2413868		3304
512		2815		2418581		3293
513		2815		2423295		3306
514		2820		2428012		3294
515		2808		2432730		3294
516		2782		2437448		3299
517		2807		2442165		3301
518		2793		2446882		3300
519		2797		2451598		3293
520		2786		2456317		3288
521		2799		2461034		3282
522		2806		2465749		3291
523		2804		2470461		3300
524		2805		2475173		3297
525		2801		2479888		3289
526		2793		2484605		3279
527		2790		2489318		3293
528		2805		2494033		3300
529		2835		2498746		3307
530		2809		2503460		3308
531		2788		2508178		3300
532		2781		2512891		3283
533		2782		2517603		3291
534		2781		2522319		3291
535		2792		2527038		3297
536		2783		2531756		3286
537		2765		2536475		3292
538		2769		2541192		3289
539		2788		2545911		3293
540		2778		2550624		3301
541		2781		2555341		3293
542		2786		2560058		3299
543		2772		2564772		3287
544		2772		2569489		3277
545		2781		2574200		3272
546		2758		2578914		3280
547		2767		2583631		3280
548		2767		2588345		3279
549		2759		2593063		3267
550		2768		2597779		3277
551		2768		2602496		3290
552		2754		2607208		3280
553		2783		2611918		3285
554		2802		2616634		3282
555		2795		2621345		3277
556		2775		2626061		3285
557		2776		2630778		3291
558		2775		2635496		3285
559		2762		2640214		3280
560		2763		2644928		3299
561		2750		2649643		3290
562		2756		2654361		3292
563		2776		2659078		3289
564		2771		2663791		3303
565		2778		2668500		3296
566		2765		2673216		3294
567		2752		2677932		3291
568		2781		2682648		3306
569		2769		2687364		3303
570		2741		2692081		3290
571		2760		2696796		3284
572		2771		2701512		3282
573		2763		2706228		3282
574		2759		2710941		3286
575		2780		2715656		3287
576		2762		2720371		3290
577		2782		2725086		3294
578		2758		2729801		3291
579		2774		2734516		3298
580		2760		2739233		3303
581		2768		2743950		3298
582		2772		2748666		3296
583		2751		2753376		3294
584		2764		2758091		3314
585		2746		2762807		3304
586		2761		2767523		3306
587		2749		2772237		3301
588		2748		2776953		3296
589		2725		2781669		3297
590		2752		2786383		3307
591		2747		2791098		3310
592		2759		2795816		3305
593		2763		2800533		3298
594		2742		2805245		3303
595		2737		2809957		3297
596		2740		2814673		3295
597		2744		2819385		3296
598		2765		2824101		3286
599		2753		2828818		3283
600		2735		2833536		3292
601		2730		2838250		3297
602		2748		2842964		3297
603		2730		2847679		3298
604		2738		2852392		3297
605		2734		2857108		3301
606		2757		2861824		3299
607		2742		2866541		3304
608		2743		2871259		3301
609		2758		2875975		3296
610		2739		2880688		3295
611		2733		2885406		3297
612		2736		2890120		3299
613		2730		2894834		3296
614		2733		2899549		3294
615		2738		2904268		3288
616		2751		2908986		3301
617		2744		2913701		3306
618		2744		2918418		3309
619		2747		2923134		3295
620		2753		2927847		3303
621		2742		2932556		3292
622		2743		2937266		3295
623		2739		2941982		3299
624		2759		2946700		3301
625		2758		2951417		3295
626		2744		2956134		3297
627		2729		2960850		3296
628		2719		2965562		3289
629		2730		2970279		3294
630		2740		2974995		3292
631		2735		2979711		3293
632		2723		2984428		3299
633		2716		2989142		3298
634		2704		2993860		3286
635		2709		2998576		3290
636		2687		3003290		3301
637		2693		3008006		3292
638		2693		3012724		3292
639		2692		3017438		3292
640		2692		3022153		3290
641		2700		3026864		3297
642		2683		3031580		3289
643		2699		3036296		3296
644		2705		3041009		3301
645		2685		3045722		3287
646		2687		3050437		3300
647		2709		3055150		3303
648		2707		3059867		3307
649		2710		3064583		3308
650		2730		3069301		3301
651		2717		3074013		3306
652		2729		3078728		3312
653		2715		3083443		3310
654		2734		3088157		3307
655		2707		3092871		3303
656		2725		3097585		3292
657		2702		3102298		3300
658		2715		3107011		3298
659		2720		3111727		3298
660		2716		3116444		3293
661		2718		3121157		3300
662		2739		3125869		3290
663		2720		3130585		3292
664		2703		3135296		3288
665		2686		3140012		3296
666		2686		3144726		3286
667		2688		3149443		3285
668		2676		3154157		3277
669		2674		3158872		3279
670		2677		3163586		3289
671		2663		3168303		3294
672		2687		3173019		3287
673		2678		3177734		3293
674		2676		3182449		3307
675		2677		3187162		3308
676		2663		3191877		3302
677		2678		3196591		3305
678		2685		3201304		3301
679		2701		3206021		3306
680		2726		3210737		3302
681		2701		3215450		3300
682		2718		3220162		3311
683		2735		3224878		3302
684		2748		3229594		3292
685		2735		3234311		3296
686		2714		3239029		3301
687		2735		3243745		3310
688		2730		3248460		3302
689		2721		3253176		3297
690		2725		3257893		3289
691		2725		3262608		3298
692		2715		3267323		3295
693		2712		3272039		3302
694		2699		3276754		3291
695		2686		3281469		3287
696		2702		3286186		3282
697		2705		3290901		3298
698		2684		3295618		3297
699		2712		3300333		3303
700		2709		3305046		3295
701		2691		3309762		3300
702		2685		3314477		3283
703		2710		3319191		3297
704		2698		3323909		3290
705		2709		3328623		3287
706		2694		3333341		3292
707		2707		3338058		3287
708		2688		3342777		3295
709		2692		3347494		3297
710		2668		3352211		3291
711		2690		3356929		3295
712		2692		3361646		3298
713		2689		3366360		3305
714		2683		3371075		3299
715		2687		3375789		3299
716		2683		3380501		3298
717		2672		3385216		3295
718		2669		3389929		3282
719		2672		3394639		3295
720		2684		3399355		3303
721		2694		3404067		3297
722		2711		3408779		3286
723		2668		3413491		3295
724		2696		3418206		3302
725		2670		3422923		3292
726		2661		3427639		3287
727		2652		3432356		3290
728		2684		3437075		3292
729		2677		3441793		3305
730		2704		3446509		3293
731		2683		3451225		3309
732		2694		3455939		3305
733		2690		3460651		3307
734		2680		3465368		3294
735		2679		3470084		3304
736		2676		3474799		3301
737		2670		3479515		3292
738		2668		3484231		3295
739		2679		3488946		3304
740		2648		3493662		3305
741		2661		3498380		3299
742		2643		3503095		3306
743		2637		3507810		3309
744		2621		3512527		3309
745		2623		3517241		3297
746		2645		3521956		3300
747		2646		3526673		3308
748		2654		3531390		3308
749		2651		3536105		3313
750		2639		3540819		3310
751		2652		3545533		3316
752		2653		3550251		3312
753		2646		3554966		3311
754		2668		3559678		3304
755		2662		3564393		3307
756		2682		3569110		3306
757		2665		3573823		3299
758		2660		3578538		3314
759		2665		3583250		3314
760		2663		3587966		3292
761		2657		3592683		3293
762		2659		3597400		3302
763		2648		3602117		3302
764		2644		3606833		3294
765		2648		3611549		3308
766		2631		3616266		3303
767		2627		3620982		3297
768		2626		3625698		3297
769		2620		3630416		3289
770		2616		3635130		3292
771		2627		3639846		3299
772		2634		3644563		3302
773		2622		3649277		3293
774		2622		3653995		3302
775		2633		3658713		3293
776		2630		3663426		3294
777		2633		3668139		3297
778		2644		3672852		3287
779		2638		3677566		3274
780		2620		3682281		3288
781		2620		3686996		3284
782		2626		3691714		3293
783		2639		3696427		3287
784		2632		3701142		3284
785		2635		3705858		3291
786		2637		3710571		3286
787		2631		3715286		3285
788		2621		3720000		3280
789		2628		3724714		3279
790		2652		3729427		3279
791		2638		3734144		3303
792		2628		3738859		3287
793		2625		3743567		3282
794		2629		3748287		3300
795		2630		3753004		3296
796		2615		3757720		3288
797		2614		3762436		3295
798		2621		3767152		3287
799		2617		3771866		3293
800		2604		3776582		3300
801		2624		3781296		3292
802		2625		3786011		3300
803		2631		3790727		3286
804		2632		3795444		3293
805		2619		3800159		3281
806		2635		3804875		3299
807		2632		3809590		3292
808		2628		3814301		3291
809		2643		3819016		3284
810		2630		3823733		3296
811		2646		3828445		3295
812		2642		3833163		3295
813		2650		3837878		3310
814		2626		3842594		3297
815		2637		3847312		3305
816		2629		3852029		3292
817		2643		3856742		3294
818		2621		3861454		3304
819		2623		3866170		3291
820		2637		3870886		3295
821		2617		3875601		3303
822		2631		3880318		3294
823		2622		3885035		3303
824		2605		3889751		3289
825		2607		3894465		3306
826		2596		3899183		3311
827		2611		3903899		3312
828		2597		3908616		3303
829		2588		3913330		3315
830		2610		3918047		3309
831		2609		3922764		3315
832		2600		3927482		3304
833		2608		3932200		3309
834		2612		3936913		3310
835		2605		3941625		3301
836		2599		3946338		3304
837		2600		3951055		3308
838		2588		3955772		3309
839		2603		3960486		3306
840		2605		3965203		3318
841		2603		3969920		3323
842		2600		3974635		3318
843		2599		3979349		3320
844		2604		3984066		3315
845		2598		3988783		3334
846		2591		3993502		3312
847		2600		3998214		3298
848		2590		4002930		3308
849		2598		4007646		3300
850		2595		4012362		3317
851		2596		4017081		3308
852		2594		4021797		3320
853		2596		4026512		3315
854		2591		4031230		3309
855		2588		4035946		3307
856		2601		4040661		3306
857		2600		4045377		3308
858		2600		4050090		3313
859		2587		4054807		3319
860		2608		4059522		3316
861		2603		4064238		3317
862		2594		4068955		3321
863		2592		4073671		3304
864		2570		4078384		3299
865		2591		4083101		3313
866		2594		4087816		3310
867		2592		4092532		3316
868		2603		4097247		3313
869		2591		4101964		3300
870		2580		4106679		3309
871		2593		4111397		3312
872		2571		4116114		3322
873		2575		4120828		3317
874		2577		4125545		3320
875		2600		4130259		3324
876		2579		4134974		3314
877		2570		4139689		3323
878		2579		4144405		3333
879		2578		4149117		3334
880		2568		4153833		3328
881		2572		4158550		3322
882		2584		4163263		3331
883		2572		4167981		3323
884		2553		4172698		3324
885		2574		4177413		3322
886		2579		4182128		3325
887		2569		4186844		3313
888		2562		4191558		3324
889		2561		4196274		3327
890		2553		4200990		3323
891		2550		4205707		3310
892		2544		4210423		3327
893		2541		4215140		3322
894		2546		4219852		3328
895		2556		4224570		3306
896		2549		4229285		3319
897		2568		4234002		3318
898		2563		4238719		3317
899		2563		4243434		3312
900		2567		4248149		3312
901		2579		4252866		3310
902		2554		4257581		3309
903		2558		4262300		3308
904		2559		4267018		3312
905		2552		4271735		3312
906		2557		4276452		3314
907		2561		4281169		3318
908		2556		4285887		3328
909		2546		4290603		3316
910		2553		4295319		3311
911		2555		4300038		3321
912		2553		4304754		3321
913		2550		4309470		3322
914		2554		4314184		3317
915		2555		4318902		3310
916		2545		4323616		3313
917		2544		4328330		3316
918		2570		4333045		3320
919		2568		4337759		3306
920		2569		4342473		3328
921		2568		4347189		3324
922		2573		4351907		3324
923		2575		4356621		3323
924		2568		4361334		3332
925		2562		4366048		3324
926		2567		4370760		3322
927		2555		4375477		3318
928		2561		4380191		3313
929		2548		4384909		3330
930		2554		4389625		3317
931		2555		4394341		3310
932		2536		4399059		3312
933		2546		4403776		3308
934		2543		4408492		3305
935		2530		4413204		3310
936		2539		4417918		3317
937		2534		4422632		3305
938		2560		4427347		3315
939		2553		4432059		3303
940		2557		4436776		3324
941		2541		4441492		3312
942		2549		4446207		3311
943		2535		4450923		3314
944		2529		4455640		3318
945		2538		4460355		3307
946		2550		4465066		3309
947		2535		4469781		3309
948		2544		4474497		3322
949		2535		4479214		3323
950		2535		4483930		3310
951		2545		4488646		3309
952		2554		4493362		3312
953		2552		4498078		3315
954		2575		4502793		3314
955		2560		4507511		3312
956		2559		4512228		3311
957		2552		4516946		3321
958		2549		4521662		3333
959		2527		4526379		3325
960		2541		4531095		3318
961		2555		4535811		3317
962		2549		4540530		3312
963		2546		4545246		3308
964		2532		4549963		3311
965		2531		4554681		3317
966		2544		4559398		3322
967		2518		4564117		3326
968		2522		4568830		3312
969		2521		4573549		3324
970		2517		4578267		3323
971		2517		4582986		3315
972		2509		4587698		3308
973		2502		4592416		3313
974		2497		4597133		3311
975		2519		4601848		3325
976		2495		4606563		3328
977		2494		4611280		3330
978		2489		4615993		3319
979		2484		4620705		3315
980		2509		4625419		3323
981		2501		4630135		3328
982		2499		4634848		3326
983		2509		4639565		3334
984		2517		4644276		3324
985		2507		4648991		3339
986		2509		4653708		3331
987		2512		4658427		3322
988		2494		4663144		3318
989		2494		4667860		3319
990		2514		4672575		3321
991		2497		4677293		3328
992		2491		4682007		3327
993		2487		4686725		3316
994		2501		4691438		3319
995		2516		4696153		3324
996		2499		4700872		3325
997		2492		4705586		3316
998		2489		4710304		3324
999		2479		4715019		3325
1000		2469		4719731		3325
1001		2481		4724442		3323
1002		2473		4729161		3326
1003		2487		4733875		3319
1004		2501		4738591		3318
1005		2505		4743306		3316
1006		2494		4748020		3324
1007		2503		4752737		3323
1008		2508		4757451		3308
1009		2488		4762166		3325
1010		2490		4766880		3323
1011		2504		4771596		3317
1012		2493		4776314		3317
1013		2495		4781031		3326
1014		2488		4785747		3320
1015		2479		4790464		3325
1016		2459		4795182		3317
1017		2463		4799897		3319
1018		2487		4804614		3310
1019		2485		4809330		3299
1020		2472		4814049		3307
1021		2487		4818764		3312
1022		2472		4823479		3320
1023		2466		4828197		3318
1024		2473		4832913		3307
1025		2471		4837630		3324
1026		2471		4842346		3325
1027		2466		4847062		3309
1028		2454		4851778		3310
1029		2459		4856496		3302
1030		2473		4861214		3312
1031		2468		4865927		3306
1032		2458		4870644		3311
1033		2452		4875359		3312
1034		2452		4880076		3304
1035		2460		4884793		3299
1036		2453		4889507		3305
1037		2461		4894226		3312
1038		2466		4898945		3305
1039		2469		4903663		3314
1040		2471		4908380		3324
1041		2475		4913096		3329
1042		2447		4917812		3325
1043		2454		4922529		3338
1044		2470		4927245		3321
1045		2454		4931964		3329
1046		2445		4936683		3320
1047		2445		4941400		3331
1048		2432		4946117		3336
1049		2449		4950833		3333
1050		2453		4955549		3331
1051		2449		4960266		3332
1052		2471		4964982		3330
1053		2460		4969698		3346
1054		2446		4974414		3337
1055		2445		4979129		3337
1056		2445		4983844		3319
1057		2453		4988561		3323
1058		2462		4993278		3319
1059		2447		4997993		3330
1060		2470		5002707		3327
1061		2465		5007420		3326
1062		2473		5012139		3322
1063		2469		5016857		3319
1064		2456		5021574		3316
1065		2443		5026292		3319
1066		2423		5031010		3329
1067		2452		5035725		3319
1068		2447		5040440		3322
1069		2427		5045156		3324
1070		2420		5049874		3337
1071		2421		5054592		3326
1072		2450		5059311		3317
1073		2427		5064030		3318
1074		2430		5068741		3313
1075		2435		5073459		3322
1076		2435		5078177		3317
1077		2447		5082894		3317
1078		2446		5087612		3327
1079		2444		5092330		3330
1080		2451		5097044		3337
1081		2431		5101757		3327
1082		2446		5106473		3329
1083		2428		5111189		3338
1084		2435		5115905		3334
1085		2421		5120625		3333
1086		2420		5125340		3338
1087		2434		5130054		3333
1088		2449		5134773		3338
1089		2462		5139491		3332
1090		2470		5144209		3324
1091		2470		5148923		3333
1092		2467		5153638		3337
1093		2473		5158352		3332
1094		2454		5163071		3327
1095		2453		5167788		3331
1096		2444		5172507		3323
1097		2449		5177222		3323
1098		2426		5181939		3331
1099		2427		5186659		3338
1100		2450		5191373		3332
1101		2428		5196088		3342
1102		2437		5200804		3339
1103		2430		5205518		3330
1104		2411		5210234		3328
1105		2421		5214949		3334
1106		2411		5219666		3341
1107		2414		5224385		3340
1108		2424		5229102		3338
1109		2422		5233819		3334
1110		2430		5238533		3330
1111		2407		5243250		3336
1112		2420		5247969		3333
1113		2414		5252682		3319
1114		2417		5257395		3335
1115		2417		5262109		3326
1116		2419		5266825		3335
1117		2402		5271535		3342
1118		2411		5276248		3334
1119		2406		5280964		3339
1120		2383		5285679		3342
1121		2386		5290395		3342
1122		2390		5295113		3336
1123		2399		5299831		3337
1124		2385		5304546		3339
1125		2394		5309262		3332
1126		2393		5313980		3336
1127		2396		5318697		3342
1128		2386		5323413		3333
1129		2378		5328131		3335
1130		2386		5332844		3343
1131		2398		5337560		3355
1132		2379		5342275		3344
1133		2381		5346991		3343
1134		2382		5351707		3343
1135		2378		5356425		3346
1136		2377		5361141		3327
1137		2374		5365855		3337
1138		2387		5370569		3338
1139		2399		5375284		3344
1140		2384		5379996		3335
1141		2400		5384712		3339
1142		2420		5389426		3338
1143		2418		5394140		3336
1144		2397		5398848		3340
1145		2415		5403563		3345
1146		2418		5408278		3346
1147		2409		5412993		3349
1148		2408		5417706		3346
1149		2399		5422423		3334
1150		2391		5427138		3333
1151		2394		5431853		3326
1152		2396		5436572		3324
1153		2382		5441286		3333
1154		2390		5446001		3331
1155		2394		5450719		3330
1156		2392		5455432		3328
1157		2385		5460149		3324
1158		2389		5464864		3325
1159		2380		5469573		3323
1160		2371		5474290		3314
1161		2381		5479007		3322
1162		2375		5483722		3335
1163		2384		5488437		3321
1164		2381		5493156		3327
1165		2388		5497872		3329
1166		2393		5502585		3329
1167		2389		5507304		3337
1168		2388		5512021		3336
1169		2379		5516737		3337
1170		2386		5521450		3336
1171		2389		5526166		3339
1172		2382		5530879		3327
1173		2388		5535595		3327
1174		2388		5540314		3321
1175		2385		5545029		3327
1176		2403		5549744		3328
1177		2396		5554461		3336
1178		2397		5559176		3323
1179		2396		5563890		3318
1180		2405		5568607		3314
1181		2432		5573324		3323
1182		2412		5578040		3321
1183		2419		5582757		3344
1184		2424		5587473		3337
1185		2429		5592192		3338
1186		2401		5596908		3326
1187		2386		5601627		3330
1188		2397		5606346		3337
1189		2414		5611062		3330
1190		2429		5615779		3335
1191		2410		5620492		3323
1192		2414		5625209		3332
1193		2408		5629926		3334
1194		2406		5634642		3317
1195		2412		5639359		3332
1196		2421		5644073		3330
1197		2414		5648789		3325
1198		2422		5653501		3337
1199		2409		5658216		3339
1200		2398		5662932		3345
1201		2400		5667644		3343
1202		2407		5672360		3337
1203		2416		5677077		3338
1204		2425		5681793		3335
1205		2415		5686507		3329
1206		2422		5691220		3325
1207		2415		5695931		3328
1208		2415		5700646		3343
1209		2438		5705363		3319
1210		2420		5710077		3326
1211		2422		5714793		3326
1212		2431		5719509		3334
1213		2417		5724227		3321
1214		2413		5728946		3321
1215		2437		5733662		3327
1216		2420		5738381		3326
1217		2423		5743096		3318
1218		2421		5747812		3321
1219		2426		5752529		3321
1220		2414		5757246		3321
1221		2416		5761963		3329
1222		2415		5766680		3323
1223		2404		5771399		3320
1224		2407		5776112		3319
1225		2421		5780829		3319
1226		2419		5785546		3313
1227		2407		5790264		3329
1228		2418		5794981		3317
1229		2396		5799700		3319
1230		2410		5804416		3321
1231		2418		5809131		3323
1232		2438		5813847		3336
1233		2414		5818563		3328
1234		2423		5823278		3330
1235		2420		5827997		3335
1236		2413		5832714		3324
1237		2406		5837426		3323
1238		2397		5842141		3336
1239		2408		5846856		3339
1240		2380		5851567		3329
1241		2384		5856284		3334
1242		2389		5861002		3330
1243		2400		5865720		3325
1244		2393		5870436		3321
1245		2383		5875153		3318
1246		2363		5879870		3321
1247		2378		5884585		3324
1248		2391		5889305		3327
1249		2387		5894023		3332
1250		2397		5898738		3339
1251		2400		5903453		3324
1252		2405		5908172		3318
1253		2398		5912889		3311
1254		2407		5917606		3323
1255		2403		5922322		3325
1256		2389		5927036		3323
1257		2405		5931754		3334
1258		2398		5936472		3335
1259		2414		5941189		3340
1260		2416		5945906		3328
1261		2405		5950622		3322
1262		2403		5955334		3337
1263		2398		5960050		3339
1264		2402		5964768		3339
1265		2419		5969484		3335
1266		2438		5974200		3332
1267		2426		5978912		3325
1268		2433		5983626		3328
1269		2434		5988346		3324
1270		2421		5993065		3326
1271		2428		5997782		3333
1272		2430		6002497		3360
1273		2417		6007214		3356
1274		2405		6011932		3344
1275		2408		6016649		3329
1276		2406		6021367		3342
1277		2403		6026085		3347
1278		2395		6030805		3339
1279		2396		6035521		3335
1280		2371		6040235		3343
1281		2385		6044953		3342
1282		2381		6049666		3336
1283		2374		6054381		3326
1284		2392		6059101		3338
1285		2380		6063816		3330
1286		2377		6068531		3323
1287		2375		6073250		3339
1288		2389		6077965		3332
1289		2365		6082681		3330
1290		2357		6087397		3329
1291		2366		6092114		3337
1292		2354		6096831		3330
1293		2364		6101549		3336
1294		2343		6106266		3340
1295		2353		6110984		3336
1296		2348		6115700		3332
1297		2336		6120416		3338
1298		2346		6125133		3323
1299		2352		6129849		3339
1300		2360		6134562		3335
1301		2346		6139279		3327
1302		2368		6143996		3330
1303		2370		6148713		3341
1304		2335		6153429		3341
1305		2357		6158143		3340
1306		2352		6162856		3347
1307		2346		6167574		3345
1308		2356		6172288		3351
1309		2342		6177004		3345
1310		2352		6181718		3344
1311		2342		6186433		3338
1312		2341		6191148		3339
1313		2324		6195862		3329
1314		2323		6200580		3338
1315		2323		6205297		3338
1316		2322		6210011		3342
1317		2316		6214728		3343
1318		2319		6219442		3334
1319		2325		6224161		3342
1320		2333		6228877		3342
1321		2338		6233593		3343
1322		2342		6238311		3350
1323		2339		6243027		3345
1324		2332		6247745		3353
1325		2340		6252460		3353
1326		2347		6257175		3349
1327		2325		6261890		3344
1328		2308		6266608		3338
1329		2311		6271327		3343
1330		2314		6276046		3349
1331		2313		6280761		3345
1332		2312		6285479		3343
1333		2320		6290195		3344
1334		2313		6294910		3339
1335		2316		6299625		3337
1336		2312		6304340		3333
1337		2336		6309051		3340
1338		2311		6313769		3338
1339		2324		6318482		3332
1340		2315		6323201		3337
1341		2321		6327916		3334
1342		2330		6332631		3330
1343		2317		6337344		3331
1344		2326		6342059		3337
1345		2318		6346775		3329
1346		2304		6351492		3337
1347		2326		6356209		3336
1348		2330		6360928		3336
1349		2335		6365643		3325
1350		2311		6370361		3331
1351		2311		6375079		3334
1352		2304		6379796		3334
1353		2304		6384513		3337
1354		2304		6389229		3330
1355		2305		6393943		3341
1356		2306		6398657		3343
1357		2295		6403373		3341
1358		2303		6408089		3334
1359		2291		6412808		3337
1360		2309		6417526		3342
1361		2308		6422241		3331
1362		2290		6426955		3337
1363		2287		6431668		3337
1364		2298		6436383		3341
1365		2302		6441101		3335
1366		2292		6445820		3344
1367		2290		6450539		3340
1368		2286		6455257		3349
1369		2293		6459972		3359
1370		2277		6464690		3350
1371		2306		6469405		3342
1372		2305		6474122		3334
1373		2314		6478834		3334
1374		2321		6483550		3336
1375		2308		6488266		3346
1376		2302		6492986		3351
1377		2305		6497701		3343
1378		2288		6502418		3348
1379		2294		6507133		3351
1380		2317		6511849		3358
1381		2328		6516562		3352
1382		2317		6521274		3358
1383		2301		6525989		3348
1384		2295		6530709		3346
1385		2300		6535426		3339
1386		2312		6540141		3339
1387		2321		6544858		3345
1388		2320		6549575		3354
1389		2321		6554292		3358
1390		2319		6559010		3353
1391		2312		6563727		3360
1392		2323		6568444		3342
1393		2321		6573159		3345
1394		2336		6577876		3355
1395		2324		6582595		3353
1396		2337		6587308		3354
1397		2332		6592022		3342
1398		2340		6596734		3357
1399		2335		6601450		3357
1400		2326		6606165		3364
1401		2313		6610877		3372
1402		2314		6615593		3364
1403		2333		6620308		3357
1404		2324		6625023		3348
1405		2306		6629740		3348
1406		2295		6634457		3352
1407		2304		6639175		3346
1408		2314		6643890		3350
1409		2310		6648607		3361
1410		2297		6653320		3357
1411		2318		6658038		3359
1412		2340		6662750		3362
1413		2322		6667465		3352
1414		2312		6672182		3348
1415		2318		6676901		3347
1416		2316		6681617		3344
1417		2318		6686331		3344
1418		2309		6691047		3347
1419		2296		6695761		3357
1420		2305		6700478		3354
1421		2310		6705196		3355
1422		2304		6709915		3355
1423		2316		6714633		3352
1424		2312		6719349		3339
1425		2303		6724065		3345
1426		2299		6728783		3351
1427		2300		6733500		3348
1428		2283		6738218		3339
1429		2293		6742933		3357
1430		2289		6747651		3360
1431		2299		6752368		3352
1432		2306		6757086		3351
1433		2302		6761802		3345
1434		2289		6766518		3338
1435		2284		6771237		3351
1436		2287		6775955		3357
1437		2295		6780669		3342
1438		2304		6785382		3351
1439		2299		6790101		3346
1440		2295		6794818		3347
1441		2286		6799533		3352
1442		2277		6804249		3346
1443		2277		6808964		3349
1444		2264		6813682		3341
1445		2279		6818399		3346
1446		2274		6823116		3353
1447		2291		6827833		3342
1448		2278		6832548		3348
1449		2296		6837265		3343
1450		2301		6841980		3347
1451		2305		6846697		3353
1452		2307		6851415		3352
1453		2301		6856133		3353
1454		2305		6860847		3352
1455		2314		6865564		3346
1456		2325		6870279		3347
1457		2322		6874994		3343
1458		2306		6879712		3358
1459		2294		6884426		3344
1460		2303		6889143		3341
1461		2302		6893862		3354
1462		2302		6898576		3344
1463		2302		6903292		3339
1464		2289		6908009		3342
1465		2297		6912722		3347
1466		2297		6917440		3345
1467		2296		6922156		3353
1468		2314		6926875		3351
1469		2313		6931591		3342
1470		2297		6936308		3331
1471		2300		6941020		3342
1472		2317		6945733		3363
1473		2312		6950448		3358
1474		2305		6955162		3355
1475		2313		6959879		3352
1476		2308		6964599		3358
1477		2311		6969317		3352
1478		2314		6974034		3352
1479		2313		6978750		3359
1480		2311		6983467		3356
1481		2316		6988184		3350
1482		2320		6992896		3348
1483		2338		6997614		3349
1484		2339		7002331		3354
1485		2345		7007048		3344
1486		2358		7011767		3350
1487		2347		7016486		3368
1488		2349		7021203		3356
1489		2329		7025917		3368
1490		2350		7030634		3364
1491		2331		7035350		3357
1492		2330		7040065		3355
1493		2336		7044782		3345
1494		2334		7049501		3362
1495		2329		7054217		3374
1496		2335		7058935		3368
1497		2336		7063652		3372
1498		2322		7068366		3362
1499		2329		7073082		3358
1500		2328		7077797		3349
1501		2299		7082515		3363
1502		2310		7087234		3364
1503		2313		7091952		3351
1504		2322		7096669		3351
1505		2310		7101380		3341
1506		2313		7106097		3352
1507		2306		7110816		3349
1508		2295		7115534		3354
1509		2311		7120252		3356
1510		2319		7124969		3347
1511		2314		7129686		3354
1512		2302		7134404		3356
1513		2309		7139122		3358
1514		2307		7143838		3357
1515		2302		7148557		3350
1516		2314		7153274		3359
1517		2296		7157992		3362
1518		2318		7162709		3348
1519		2312		7167423		3348
1520		2323		7172140		3350
1521		2310		7176855		3350
1522		2300		7181572		3362
1523		2297		7186288		3359
1524		2308		7191004		3353
1525		2301		7195720		3364
1526		2293		7200437		3356
1527		2302		7205156		3352
1528		2308		7209873		3353
1529		2311		7214590		3353
1530		2313		7219308		3353
1531		2315		7224025		3344
1532		2307		7228740		3354
1533		2312		7233457		3354
1534		2314		7238173		3350
1535		2312		7242892		3350
1536		2315		7247609		3343
1537		2303		7252325		3353
1538		2299		7257042		3362
1539		2294		7261758		3361
1540		2297		7266475		3365
1541		2312		7271192		3356
1542		2301		7275910		3349
1543		2293		7280628		3347
1544		2311		7285345		3350
1545		2318		7290060		3344
1546		2323		7294777		3367
1547		2314		7299493		3371
1548		2327		7304210		3366
1549		2313		7308926		3356
1550		2327		7313639		3361
1551		2332		7318357		3357
1552		2309		7323072		3354
1553		2311		7327790		3346
1554		2311		7332502		3346
1555		2294		7337219		3348
1556		2309		7341932		3365
1557		2312		7346650		3352
1558		2306		7351367		3354
1559		2308		7356084		3359
1560		2311		7360802		3361
1561		2298		7365517		3369
1562		2301		7370233		3358
1563		2296		7374950		3358
1564		2297		7379666		3354
1565		2300		7384381		3356
1566		2328		7389097		3356
1567		2310		7393809		3359
1568		2316		7398525		3349
1569		2280		7403239		3347
1570		2289		7407953		3353
1571		2292		7412671		3361
1572		2306		7417389		3353
1573		2288		7422104		3358
1574		2281		7426820		3357
1575		2299		7431534		3354
1576		2307		7436252		3356
1577		2304		7440968		3364
1578		2301		7445684		3367
1579		2309		7450401		3365
1580		2302		7455116		3365
1581		2298		7459834		3361
1582		2293		7464554		3356
1583		2287		7469272		3366
1584		2275		7473988		3362
1585		2291		7478703		3364
1586		2309		7483419		3359
1587		2313		7488138		3370
1588		2293		7492856		3368
1589		2307		7497570		3348
1590		2301		7502288		3360
1591		2287		7507006		3358
1592		2298		7511723		3359
1593		2329		7516440		3354
1594		2303		7521158		3350
1595		2301		7525874		3341
1596		2297		7530593		3354
1597		2303		7535312		3356
1598		2305		7540030		3351
1599		2298		7544746		3363
1600		2291		7549466		3364
1601		2290		7554185		3357
1602		2271		7558897		3356
1603		2288		7563612		3362
1604		2287		7568330		3363
1605		2293		7573046		3353
1606		2280		7577765		3355
1607		2273		7582481		3356
1608		2294		7587200		3369
1609		2297		7591916		3359
1610		2265		7596635		3358
1611		2273		7601352		3368
1612		2290		7606069		3377
1613		2290		7610789		3377
1614		2293		7615507		3373
1615		2306		7620223		3369
1616		2310		7624939		3372
1617		2289		7629656		3375
1618		2273		7634372		3370
1619		2270		7639089		3365
1620		2274		7643803		3372
1621		2262		7648519		3383
1622		2277		7653235		3374
1623		2268		7657950		3371
1624		2263		7662667		3376
1625		2259		7667382		3383
1626		2269		7672099		3372
1627		2277		7676816		3373
1628		2268		7681534		3362
1629		2284		7686251		3362
1630		2278		7690971		3376
1631		2248		7695687		3362
1632		2240		7700406		3368
1633		2258		7705123		3373
1634		2264		7709839		3365
1635		2268		7714558		3362
1636		2279		7719277		3372
1637		2266		7723992		3383
1638		2260		7728705		3368
1639		2262		7733421		3369
1640		2282		7738136		3358
1641		2270		7742852		3363
1642		2280		7747568		3359
1643		2260		7752282		3357
1644		2271		7756998		3360
1645		2271		7761714		3357
1646		2268		7766431		3362
1647		2269		7771145		3354
1648		2273		7775861		3360
1649		2263		7780577		3366
1650		2278		7785295		3365
1651		2281		7790011		3365
1652		2258		7794731		3362
1653		2258		7799445		3364
1654		2251		7804163		3371
1655		2265		7808877		3365
1656		2273		7813592		3375
1657		2295		7818308		3362
1658		2280		7823025		3365
1659		2275		7827742		3377
1660		2285		7832460		3360
1661		2279		7837179		3357
1662		2287		7841899		3347
1663		2283		7846616		3361
1664		2291		7851335		3367
1665		2293		7856055		3381
1666		2261		7860768		3371
1667		2255		7865485		3368
1668		2263		7870204		3363
1669		2265		7874921		3369
1670		2255		7879636		3361
1671		2274		7884353		3362
1672		2272		7889072		3360
1673		2273		7893791		3362
1674		2287		7898506		3355
1675		2270		7903221		3360
1676		2276		7907939		3361
1677		2271		7912656		3355
1678		2261		7917374		3362
1679		2277		7922092		3365
1680		2296		7926809		3369
1681		2274		7931526		3367
1682		2271		7936243		3369
1683		2259		7940962		3368
1684		2268		7945679		3365
1685		2270		7950399		3370
1686		2262		7955116		3364
1687		2265		7959832		3381
1688		2256		7964550		3365
1689		2252		7969269		3355
1690		2269		7973985		3352
1691		2254		7978700		3364
1692		2260		7983416		3351
1693		2250		7988134		3367
1694		2249		7992854		3361
1695		2250		7997572		3369
1696		2257		8002288		3367
1697		2259		8007007		3361
1698		2268		8011725		3366
1699		2262		8016441		3360
1700		2257		8021158		3360
1701		2253		8025874		3361
1702		2246		8030589		3359
1703		2250		8035308		3370
1704		2250		8040022		3361
1705		2271		8044735		3360
1706		2270		8049453		3352
1707		2262		8054171		3358
1708		2268		8058890		3354
1709		2276		8063606		3350
1710		2276		8068317		3359
1711		2273		8073033		3361
1712		2282		8077751		3358
1713		2273		8082464		3364
1714		2267		8087179		3353
1715		2250		8091898		3358
1716		2272		8096616		3368
1717		2243		8101332		3365
1718		2250		8106047		3363
1719		2260		8110766		3354
1720		2263		8115484		3358
1721		2258		8120199		3356
1722		2260		8124916		3367
1723		2253		8129630		3358
1724		2253		8134348		3363
1725		2276		8139064		3360
1726		2271		8143781		3355
1727		2255		8148500		3356
1728		2265		8153217		3360
1729		2265		8157933		3368
1730		2252		8162652		3363
1731		2247		8167370		3354
1732		2247		8172087		3365
1733		2262		8176806		3372
1734		2253		8181526		3363
1735		2249		8186245		3365
1736		2233		8190961		3372
1737		2244		8195679		3360
1738		2249		8200395		3364
1739		2253		8205113		3358
1740		2251		8209832		3364
1741		2262		8214549		3365
1742		2256		8219266		3362
1743		2268		8223983		3355
1744		2271		8228701		3353
1745		2262		8233418		3348
1746		2265		8238136		3358
1747		2265		8242853		3354
1748		2253		8247573		3349
1749		2247		8252290		3356
1750		2243		8257009		3367
1751		2253		8261724		3364
1752		2251		8266439		3364
1753		2264		8271156		3367
1754		2236		8275876		3369
1755		2233		8280594		3364
1756		2247		8285311		3374
1757		2250		8290029		3375
1758		2246		8294746		3366
1759		2248		8299464		3372
1760		2223		8304181		3366
1761		2222		8308897		3360
1762		2227		8313613		3359
1763		2225		8318329		3352
1764		2225		8323047		3362
1765		2228		8327764		3362
1766		2219		8332476		3372
1767		2229		8337194		3368
1768		2239		8341912		3362
1769		2241		8346627		3371
1770		2250		8351347		3365
1771		2240		8356064		3369
1772		2243		8360780		3355
1773		2237		8365498		3356
1774		2230		8370214		3355
1775		2234		8374933		3365
1776		2234		8379647		3359
1777		2232		8384364		3362
1778		2243		8389084		3364
1779		2238		8393800		3355
1780		2242		8398519		3359
1781		2239		8403237		3365
1782		2239		8407957		3357
1783		2243		8412676		3359
1784		2247		8417394		3349
1785		2258		8422109		3361
1786		2240		8426825		3369
1787		2223		8431543		3344
1788		2216		8436260		3357
1789		2227		8440976		3362
1790		2234		8445693		3361
1791		2218		8450410		3358
1792		2208		8455124		3349
1793		2213		8459842		3362
1794		2214		8464560		3365
1795		2220		8469278		3365
1796		2214		8473994		3355
1797		2213		8478711		3361
1798		2220		8483427		3349
1799		2225		8488145		3358
1800		2214		8492862		3346
1801		2230		8497579		3360
1802		2231		8502296		3355
1803		2225		8507013		3367
1804		2217		8511727		3358
1805		2223		8516442		3352
1806		2208		8521155		3361
1807		2227		8525869		3364
1808		2233		8530588		3357
1809		2222		8535304		3357
1810		2216		8540021		3355
1811		2223		8544739		3358
1812		2240		8549458		3359
1813		2239		8554174		3359
1814		2240		8558889		3362
1815		2244		8563607		3358
1816		2224		8568322		3364
1817		2252		8573038		3355
1818		2255		8577757		3369
1819		2235		8582475		3355
1820		2227		8587192		3350
1821		2224		8591907		3345
1822		2252		8596625		3350
1823		2245		8601339		3359
1824		2243		8606057		3355
1825		2235		8610776		3365
1826		2239		8615495		3366
1827		2246		8620214		3363
1828		2238		8624931		3342
1829		2237		8629647		3344
1830		2250		8634364		3356
1831		2236		8639082		3353
1832		2244		8643799		3363
1833		2237		8648515		3360
1834		2236		8653231		3357
1835		2231		8657947		3362
1836		2228		8662663		3356
1837		2219		8667380		3348
1838		2231		8672096		3346
1839		2235		8676809		3354
1840		2246		8681524		3343
1841		2232		8686239		3343
1842		2217		8690954		3345
1843		2212		8695673		3350
1844		2215		8700388		3352
1845		2214		8705107		3341
1846		2222		8709822		3352
1847		2235		8714539		3359
1848		2229		8719257		3356
1849		2238		8723975		3351
1850		2248		8728691		3356
1851		2250		8733405		3346
1852		2249		8738122		3358
1853		2252		8742838		3360
1854		2253		8747554		3357
1855		2258		8752271		3352
1856		2256		8756990		3347
1857		2249		8761706		3344
1858		2246		8766421		3342
1859		2245		8771137		3355
1860		2242		8775855		3346
1861		2238		8780574		3339
1862		2257		8785294		3355
1863		2230		8790011		3348
1864		2244		8794728		3347
1865		2248		8799447		3348
1866		2252		8804165		3333
1867		2235		8808882		3350
1868		2248		8813600		3345
1869		2259		8818316		3352
1870		2232		8823028		3349
1871		2214		8827744		3349
1872		2227		8832458		3349
1873		2242		8837176		3352
1874		2239		8841892		3345
1875		2231		8846610		3350
1876		2229		8851325		3345
1877		2216		8856042		3352
1878		2213		8860758		3346
1879		2195		8865477		3347
1880		2201		8870194		3349
1881		2196		8874911		3359
1882		2222		8879628		3357
1883		2224		8884345		3363
1884		2223		8889064		3360
1885		2232		8893783		3352
1886		2209		8898499		3364
1887		2195		8903216		3376
1888		2189		8907933		3371
1889		2194		8912650		3366
1890		2203		8917366		3366
1891		2193		8922078		3373
1892		2197		8926796		3375
1893		2195		8931513		3360
1894		2206		8936229		3370
1895		2214		8940946		3363
1896		2210		8945665		3370
1897		2222		8950382		3373
1898		2228		8955097		3366
1899		2216		8959815		3364
1900		2210		8964531		3359
1901		2190		8969248		3354
1902		2201		8973966		3351
1903		2207		8978682		3354
1904		2212		8983400		3357
1905		2215		8988115		3357
1906		2192		8992833		3338
1907		2209		8997547		3345
1908		2203		9002262		3360
1909		2187		9006978		3353
1910		2180		9011695		3352
1911		2193		9016411		3350
1912		2200		9021127		3359
1913		2209		9025845		3351
1914		2229		9030561		3349
1915		2229		9035279		3353
1916		2223		9039995		3349
1917		2202		9044711		3359
1918		2204		9049429		3350
1919		2201		9054141		3347
1920		2204		9058859		3354
1921		2200		9063578		3353
1922		2209		9068290		3358
1923		2187		9073007		3357
1924		2194		9077723		3352
1925		2189		9082442		3355
1926		2208		9087156		3371
1927		2207		9091870		3363
1928		2195		9096585		3362
1929		2198		9101299		3364
1930		2190		9106013		3347
1931		2204		9110732		3350
1932		2192		9115449		3357
1933		2191		9120164		3363
1934		2186		9124882		3356
1935		2171		9129599		3349
1936		2172		9134318		3357
1937		2173		9139033		3373
1938		2177		9143748		3366
1939		2181		9148464		3366
1940		2175		9153182		3369
1941		2185		9157899		3371
1942		2180		9162615		3374
1943		2186		9167328		3351
1944		2194		9172041		3361
1945		2188		9176758		3356
1946		2195		9181477		3357
1947		2201		9186195		3361
1948		2192		9190910		3362
1949		2186		9195625		3363
1950		2180		9200345		3357
1951		2174		9205063		3359
1952		2174		9209780		3356
1953		2173		9214493		3356
1954		2167		9219212		3359
1955		2170		9223927		3350
1956		2177		9228643		3351
1957		2164		9233360		3361
1958		2173		9238078		3351
1959		2173		9242795		3348
1960		2162		9247510		3355
1961		2152		9252228		3351
1962		2170		9256945		3357
1963		2183		9261660		3365
1964		2177		9266378		3357
1965		2167		9271093		3358
1966		2166		9275808		3351
1967		2171		9280525		3360
1968		2186		9285241		3355
1969		2184		9289960		3357
1970		2175		9294679		3360
1971		2172		9299395		3363
1972		2182		9304112		3359
1973		2184		9308830		3355
1974		2180		9313549		3365
1975		2167		9318268		3367
1976		2160		9322987		3373
1977		2150		9327706		3366
1978		2157		9332422		3379
1979		2157		9337137		3376
1980		2163		9341850		3380
1981		2170		9346569		3369
1982		2175		9351284		3364
1983		2175		9355996		3359
1984		2183		9360716		3360
1985		2173		9365429		3363
1986		2158		9370148		3364
1987		2172		9374865		3365
1988		2176		9379580		3372
1989		2178		9384296		3359
1990		2182		9389014		3358
1991		2167		9393730		3361
1992		2181		9398448		3355
1993		2179		9403166		3363
1994		2186		9407881		3373
1995		2188		9412599		3365
1996		2191		9417314		3364
1997		2194		9422030		3356
1998		2193		9426748		3357
1999		2192		9431465		3376
