# Migration is number of nodes that have changed color.

Round		Edge-Cut		Swaps		Migrations		Skipped
0		8904		4719		3001
1		8313		9439		3014
2		7823		14159		3106
3		7424		18879		3080
4		7168		23599		3123
5		6901		28319		3178
6		6698		33039		3201
7		6600		37758		3199
8		6480		42477		3194
9		6314		47196		3229
10		6209		51913		3229
11		6076		56633		3205
12		5995		61352		3209
13		5889		66070		3158
14		5815		70789		3222
15		5778		75508		3230
16		5701		80227		3214
17		5595		84946		3246
18		5524		89666		3200
19		5472		94386		3240
20		5394		99104		3266
21		5386		103823		3240
22		5206		108543		3244
23		5227		113261		3282
24		5208		117981		3257
25		5152		122700		3239
26		5110		127419		3256
27		5066		132138		3248
28		4970		136858		3249
29		4980		141577		3243
30		4936		146295		3267
31		4894		151014		3235
32		4791		155732		3245
33		4786		160447		3254
34		4838		165164		3260
35		4795		169882		3250
36		4758		174598		3279
37		4741		179317		3253
38		4740		184037		3249
39		4690		188757		3254
40		4684		193475		3244
41		4673		198194		3260
42		4616		202914		3252
43		4585		207633		3246
44		4624		212350		3251
45		4611		217069		3255
46		4625		221789		3247
47		4576		226507		3247
48		4482		231226		3260
49		4512		235942		3251
50		4532		240661		3266
51		4537		245380		3245
52		4468		250099		3245
53		4489		254816		3263
54		4447		259536		3273
55		4506		264255		3289
56		4446		268972		3290
57		4473		273691		3286
58		4438		278410		3262
59		4370		283130		3262
60		4423		287849		3257
61		4313		292567		3272
62		4320		297285		3278
63		4326		302004		3269
64		4303		306723		3258
65		4370		311442		3270
66		4369		316162		3252
67		4247		320880		3261
68		4243		325597		3233
69		4248		330315		3219
70		4224		335033		3250
71		4277		339750		3226
72		4246		344467		3256
73		4237		349186		3238
74		4289		353905		3246
75		4207		358624		3256
76		4217		363341		3295
77		4195		368060		3288
78		4227		372778		3258
79		4183		377497		3256
80		4167		382216		3281
81		4181		386934		3267
82		4137		391652		3281
83		4165		396370		3292
84		4136		401090		3307
85		4120		405809		3295
86		4128		410527		3283
87		4121		415241		3296
88		4148		419958		3274
89		4116		424673		3273
90		4068		429391		3271
91		4004		434111		3264
92		4019		438830		3298
93		4017		443549		3301
94		3998		448267		3280
95		4037		452986		3268
96		4031		457705		3283
97		4063		462422		3291
98		3997		467138		3288
99		4008		471855		3283
100		4008		476572		3284
101		3995		481292		3278
102		3965		486012		3285
103		4000		490731		3320
104		4061		495448		3315
105		3991		500167		3313
106		4013		504885		3329
107		3971		509604		3305
108		3982		514320		3302
109		3900		519040		3304
110		3910		523759		3296
111		3872		528477		3294
112		3841		533194		3277
113		3822		537912		3288
114		3803		542629		3324
115		3807		547348		3316
116		3818		552064		3298
117		3832		556779		3304
118		3834		561497		3316
119		3780		566216		3304
120		3799		570935		3328
121		3776		575653		3309
122		3799		580370		3298
123		3776		585088		3309
124		3802		589807		3328
125		3804		594526		3317
126		3805		599246		3344
127		3740		603964		3328
128		3781		608682		3322
129		3759		613399		3319
130		3780		618116		3326
131		3721		622836		3328
132		3698		627554		3313
133		3706		632274		3321
134		3713		636991		3317
135		3693		641707		3302
136		3725		646425		3312
137		3727		651142		3336
138		3721		655857		3320
139		3713		660575		3318
140		3720		665294		3325
141		3712		670010		3309
142		3699		674728		3302
143		3682		679447		3324
144		3666		684165		3319
145		3651		688879		3321
146		3651		693599		3325
147		3657		698312		3314
148		3670		703026		3330
149		3592		707741		3321
150		3600		712460		3320
151		3619		717179		3324
152		3598		721896		3327
153		3591		726614		3338
154		3545		731332		3334
155		3575		736051		3336
156		3568		740765		3331
157		3577		745483		3329
158		3581		750200		3322
159		3572		754918		3322
160		3584		759634		3326
161		3545		764353		3322
162		3594		769069		3337
163		3583		773788		3292
164		3545		778508		3310
165		3530		783221		3314
166		3521		787939		3324
167		3532		792653		3320
168		3506		797371		3319
169		3498		802086		3337
170		3479		806804		3334
171		3502		811519		3349
172		3524		816235		3359
173		3525		820953		3338
174		3501		825671		3323
175		3496		830386		3336
176		3512		835102		3349
177		3487		839820		3352
178		3496		844535		3356
179		3439		849249		3329
180		3448		853967		3340
181		3431		858685		3334
182		3446		863401		3320
183		3435		868119		3345
184		3480		872836		3344
185		3446		877555		3347
186		3459		882272		3352
187		3492		886989		3340
188		3455		891708		3349
189		3413		896427		3349
190		3430		901145		3335
191		3426		905861		3354
192		3387		910579		3355
193		3382		915296		3335
194		3422		920015		3358
195		3413		924729		3339
196		3439		929446		3335
197		3404		934164		3348
198		3384		938882		3349
199		3411		943600		3339
200		3428		948320		3353
201		3409		953036		3349
202		3402		957754		3357
203		3406		962470		3362
204		3426		967185		3350
205		3462		971903		3347
206		3428		976620		3352
207		3420		981332		3353
208		3406		986048		3334
209		3382		990766		3335
210		3359		995481		3337
211		3371		1000194		3331
212		3364		1004911		3311
213		3338		1009627		3327
214		3311		1014345		3321
215		3316		1019060		3331
216		3321		1023778		3327
217		3304		1028490		3347
218		3298		1033209		3349
219		3316		1037924		3348
220		3290		1042638		3334
221		3278		1047356		3342
222		3292		1052072		3338
223		3310		1056788		3327
224		3305		1061506		3348
225		3298		1066222		3356
226		3303		1070938		3357
227		3290		1075656		3357
228		3325		1080373		3335
229		3282		1085085		3350
230		3290		1089800		3360
231		3270		1094518		3331
232		3253		1099235		3343
233		3247		1103950		3343
234		3208		1108664		3344
235		3197		1113378		3342
236		3197		1118094		3330
237		3198		1122810		3350
238		3178		1127526		3346
239		3185		1132241		3336
240		3212		1136955		3345
241		3211		1141667		3345
242		3206		1146385		3327
243		3214		1151101		3336
244		3198		1155811		3325
245		3208		1160528		3331
246		3216		1165245		3322
247		3204		1169960		3330
248		3229		1174674		3321
249		3190		1179386		3336
250		3183		1184099		3341
251		3187		1188815		3327
252		3184		1193534		3340
253		3184		1198252		3319
254		3186		1202968		3335
255		3186		1207680		3320
256		3182		1212397		3325
257		3223		1217114		3336
258		3201		1221830		3319
259		3202		1226540		3323
260		3158		1231252		3333
261		3180		1235970		3321
262		3184		1240687		3321
263		3176		1245396		3331
264		3173		1250107		3335
265		3182		1254818		3320
266		3167		1259529		3331
267		3200		1264243		3322
268		3203		1268954		3328
269		3198		1273669		3323
270		3177		1278384		3332
271		3182		1283101		3327
272		3176		1287819		3321
273		3161		1292533		3315
274		3184		1297249		3332
275		3203		1301967		3330
276		3200		1306682		3322
277		3194		1311398		3310
278		3193		1316113		3325
279		3156		1320827		3334
280		3156		1325540		3337
281		3176		1330256		3331
282		3172		1334973		3328
283		3154		1339689		3327
284		3140		1344404		3327
285		3122		1349117		3326
286		3102		1353831		3329
287		3118		1358540		3320
288		3123		1363252		3318
289		3126		1367964		3324
290		3132		1372678		3323
291		3142		1377393		3333
292		3148		1382108		3326
293		3132		1386827		3328
294		3140		1391544		3332
295		3122		1396260		3340
296		3134		1400975		3339
297		3130		1405689		3325
298		3128		1410407		3323
299		3100		1415120		3324
300		3135		1419832		3327
301		3118		1424547		3316
302		3107		1429263		3315
303		3105		1433978		3328
304		3093		1438693		3326
305		3116		1443407		3317
306		3109		1448117		3321
307		3120		1452831		3319
308		3117		1457548		3315
309		3098		1462267		3318
310		3113		1466981		3315
311		3114		1471690		3305
312		3128		1476405		3306
313		3130		1481120		3304
314		3115		1485833		3307
315		3107		1490549		3315
316		3127		1495264		3328
317		3127		1499977		3312
318		3120		1504692		3329
319		3102		1509410		3319
320		3090		1514125		3322
321		3102		1518841		3318
322		3095		1523553		3322
323		3089		1528268		3330
324		3078		1532982		3332
325		3095		1537695		3325
326		3119		1542415		3326
327		3117		1547129		3329
328		3090		1551846		3319
329		3097		1556560		3310
330		3105		1561275		3314
331		3091		1565991		3330
332		3101		1570704		3314
333		3088		1575422		3316
334		3070		1575656		3310
335		3054		1575900		3316
336		3052		1576125		3314
337		3002		1576336		3325
338		2981		1576535		3317
339		2966		1576705		3313
340		2945		1576846		3309
341		2923		1576999		3316
342		2897		1577157		3325
343		2882		1577285		3322
344		2856		1577419		3325
345		2865		1577536		3332
346		2868		1577654		3325
347		2854		1577778		3323
348		2845		1577902		3319
349		2826		1578017		3311
350		2808		1578113		3312
351		2800		1578219		3311
352		2790		1578300		3322
353		2767		1578385		3316
354		2762		1578445		3317
355		2762		1578523		3311
356		2762		1578601		3317
357		2755		1578674		3319
358		2747		1578770		3314
359		2733		1578829		3317
360		2720		1578879		3316
361		2712		1578920		3314
362		2710		1578954		3316
363		2708		1578983		3323
364		2711		1579036		3323
365		2710		1579077		3319
366		2707		1579107		3317
367		2710		1579144		3322
368		2701		1579179		3323
369		2686		1579203		3321
370		2673		1579234		3319
371		2676		1579252		3327
372		2675		1579288		3320
373		2670		1579309		3324
374		2664		1579332		3319
375		2665		1579351		3314
376		2660		1579371		3316
377		2650		1579385		3316
378		2649		1579397		3320
379		2645		1579409		3318
380		2646		1579412		3319
381		2647		1579422		3319
382		2649		1579436		3318
383		2649		1579445		3319
384		2654		1579461		3316
385		2657		1579495		3324
386		2652		1579514		3322
387		2650		1579540		3320
388		2648		1579565		3321
389		2646		1579576		3319
390		2647		1579592		3321
391		2642		1579613		3325
392		2648		1579626		3328
393		2645		1579640		3324
394		2644		1579659		3327
395		2640		1579676		3325
396		2644		1579685		3326
397		2640		1579699		3325
398		2640		1579707		3324
399		2639		1579719		3328
400		2638		1579725		3328
401		2711		1584443		3326
402		2763		1589162		3323
403		2812		1593879		3327
404		2791		1598597		3342
405		2806		1603314		3331
406		2842		1608032		3316
407		2823		1612751		3329
408		2866		1617467		3336
409		2859		1622186		3332
410		2878		1626903		3344
411		2836		1631621		3350
412		2905		1636339		3341
413		2885		1641055		3322
414		2926		1645775		3331
415		2916		1650494		3334
416		2884		1655213		3342
417		2893		1659931		3348
418		2877		1664651		3353
419		2891		1669371		3356
420		2890		1674090		3377
421		2898		1678810		3355
422		2920		1683527		3353
423		2907		1688244		3357
424		2939		1692962		3337
425		2941		1697680		3336
426		2939		1702397		3340
427		2951		1707114		3340
428		2966		1711834		3348
429		2998		1716553		3345
430		3012		1721272		3345
431		2983		1725992		3340
432		2982		1730712		3342
433		2978		1735431		3347
434		2972		1740149		3340
435		2964		1744867		3349
436		2949		1749585		3354
437		2981		1754304		3365
438		2980		1759023		3353
439		2986		1763741		3353
440		2975		1768459		3362
441		2962		1773177		3378
442		2983		1777896		3361
443		2989		1782616		3374
444		3006		1787335		3335
445		3015		1792055		3350
446		2981		1796774		3330
447		2997		1801493		3338
448		3010		1806209		3343
449		3030		1810929		3354
450		2974		1815648		3327
451		3006		1820368		3356
452		2993		1825088		3321
453		2989		1829806		3354
454		2995		1834525		3349
455		3008		1839245		3339
456		2995		1843964		3357
457		2964		1848682		3355
458		2981		1853401		3356
459		2985		1858119		3358
460		2994		1862839		3358
461		2944		1867557		3360
462		2944		1872275		3354
463		2962		1876994		3358
464		2981		1881712		3346
465		2980		1886430		3352
466		2967		1891150		3360
467		2933		1895869		3357
468		2951		1900587		3370
469		2938		1905307		3362
470		2933		1910021		3358
471		2927		1914741		3352
472		2891		1919460		3353
473		2897		1924180		3350
474		2917		1928899		3364
475		2935		1933618		3353
476		2913		1938332		3365
477		2952		1943048		3363
478		2949		1947763		3376
479		2924		1952482		3381
480		2958		1957199		3387
481		2947		1961916		3376
482		2961		1966633		3366
483		2968		1971351		3357
484		2964		1976070		3360
485		2940		1980789		3357
486		2911		1985508		3373
487		2899		1990224		3359
488		2934		1994940		3372
489		2940		1999658		3363
490		2941		2004375		3356
491		2916		2009094		3354
492		2913		2013811		3371
493		2914		2018529		3368
494		2929		2023248		3373
495		2887		2027965		3382
496		2908		2032682		3371
497		2915		2037399		3386
498		2868		2042115		3373
499		2918		2046832		3381
500		2929		2051547		3371
501		2843		2056265		3375
502		2898		2060984		3359
503		2887		2065701		3362
504		2890		2070419		3358
505		2901		2075138		3353
506		2868		2079855		3349
507		2866		2084571		3372
508		2912		2089287		3378
509		2894		2094006		3364
510		2893		2098724		3376
511		2887		2103442		3368
512		2916		2108162		3370
513		2895		2112882		3352
514		2880		2117601		3389
515		2906		2122318		3360
516		2876		2127036		3371
517		2876		2131754		3366
518		2868		2136472		3353
519		2900		2141192		3351
520		2874		2145910		3356
521		2884		2150627		3339
522		2871		2155346		3350
523		2882		2160065		3364
524		2885		2164781		3356
525		2916		2169499		3354
526		2922		2174218		3364
527		2889		2178936		3365
528		2858		2183655		3358
529		2843		2188373		3362
530		2852		2193091		3367
531		2872		2197808		3362
532		2881		2202527		3374
533		2846		2207246		3379
534		2826		2211963		3374
535		2841		2216681		3375
536		2822		2221399		3367
537		2827		2226113		3363
538		2822		2230830		3373
539		2843		2235548		3366
540		2834		2240263		3367
541		2852		2244976		3360
542		2851		2249692		3360
543		2836		2254411		3360
544		2847		2259129		3353
545		2886		2263845		3358
546		2837		2268564		3375
547		2825		2273283		3369
548		2810		2278001		3363
549		2827		2282718		3368
550		2840		2287431		3372
551		2821		2292148		3381
552		2826		2296866		3369
553		2799		2301586		3372
554		2812		2306306		3365
555		2823		2311023		3363
556		2802		2315738		3369
557		2797		2320456		3360
558		2816		2325172		3354
559		2788		2329888		3357
560		2816		2334604		3346
561		2799		2339321		3344
562		2798		2344039		3354
563		2809		2348755		3363
564		2817		2353472		3355
565		2810		2358191		3363
566		2789		2362909		3344
567		2786		2367626		3355
568		2794		2372344		3362
569		2788		2377060		3354
570		2790		2381779		3350
571		2793		2386497		3366
572		2790		2391214		3352
573		2784		2395934		3354
574		2788		2400652		3370
575		2776		2405370		3362
576		2798		2410088		3339
577		2804		2414806		3352
578		2781		2419525		3368
579		2787		2424242		3345
580		2806		2428961		3359
581		2836		2433679		3341
582		2816		2438397		3359
583		2808		2443114		3382
584		2780		2447831		3366
585		2784		2452547		3367
586		2799		2457266		3351
587		2784		2461983		3355
588		2805		2466702		3344
589		2812		2471422		3353
590		2813		2476142		3354
591		2801		2480861		3361
592		2808		2485578		3342
593		2770		2490296		3356
594		2780		2495016		3352
595		2804		2499734		3338
596		2783		2504451		3340
597		2797		2509164		3357
598		2776		2513883		3361
599		2778		2518601		3355
600		2801		2523321		3351
601		2793		2528040		3373
602		2792		2532757		3367
603		2796		2537476		3365
604		2786		2542195		3362
605		2792		2546912		3352
606		2762		2551631		3360
607		2772		2556349		3357
608		2785		2561066		3340
609		2780		2565784		3355
610		2779		2570500		3349
611		2764		2575216		3331
612		2754		2579934		3337
613		2761		2584652		3347
614		2755		2589365		3352
615		2766		2594083		3351
616		2750		2598797		3351
617		2749		2603516		3350
618		2737		2608234		3344
619		2739		2612948		3350
620		2740		2617663		3351
621		2738		2622380		3346
622		2704		2627096		3348
623		2718		2631811		3350
624		2714		2636530		3346
625		2701		2641249		3348
626		2721		2645964		3349
627		2708		2650680		3352
628		2719		2655395		3355
629		2718		2660113		3346
630		2708		2664831		3351
631		2725		2669548		3340
632		2698		2674263		3345
633		2730		2678981		3337
634		2697		2683699		3355
635		2679		2688415		3348
636		2708		2693131		3352
637		2681		2697845		3347
638		2673		2702559		3344
639		2689		2707278		3343
640		2657		2711995		3322
641		2671		2716713		3326
642		2664		2721432		3339
643		2654		2726149		3339
644		2657		2730867		3334
645		2644		2735584		3336
646		2640		2740302		3332
647		2653		2745020		3336
648		2668		2749739		3327
649		2658		2754457		3332
650		2662		2759172		3330
651		2653		2763888		3335
652		2662		2768606		3326
653		2690		2773322		3337
654		2688		2778036		3326
655		2679		2782751		3339
656		2698		2787465		3344
657		2670		2792181		3338
658		2668		2796897		3323
659		2676		2801616		3335
660		2681		2806332		3338
661		2681		2811047		3342
662		2659		2815761		3328
663		2658		2820475		3350
664		2649		2825191		3344
665		2659		2829910		3331
666		2682		2834626		3341
667		2659		2839340		3340
668		2662		2844055		3332
669		2654		2848773		3342
670		2666		2853490		3346
671		2668		2858203		3351
672		2675		2862920		3351
673		2689		2867636		3362
674		2670		2872351		3362
675		2655		2877065		3357
676		2670		2881779		3353
677		2663		2886495		3351
678		2659		2891211		3354
679		2652		2895924		3355
680		2666		2900642		3361
681		2663		2905359		3371
682		2662		2910077		3371
683		2642		2914790		3361
684		2639		2919506		3369
685		2645		2924218		3365
686		2647		2928933		3355
687		2662		2933650		3361
688		2628		2938367		3368
689		2617		2943082		3368
690		2620		2947798		3370
691		2619		2952514		3370
692		2629		2957229		3369
693		2615		2961945		3364
694		2625		2966662		3378
695		2633		2971375		3369
696		2635		2976089		3358
697		2642		2980807		3380
698		2639		2985522		3365
699		2633		2990237		3353
700		2639		2994951		3362
701		2619		2999666		3364
702		2637		3004380		3353
703		2622		3009094		3359
704		2602		3013811		3356
705		2605		3018526		3369
706		2616		3023238		3374
707		2633		3027955		3363
708		2642		3032667		3371
709		2648		3037384		3372
710		2618		3042102		3358
711		2644		3046819		3361
712		2637		3051534		3358
713		2617		3056249		3367
714		2608		3060963		3372
715		2620		3065682		3380
716		2617		3070401		3353
717		2630		3075118		3363
718		2628		3079835		3362
719		2629		3084554		3359
720		2626		3089268		3366
721		2617		3093984		3360
722		2611		3098700		3363
723		2595		3103414		3361
724		2596		3108127		3356
725		2603		3112839		3351
726		2592		3117557		3349
727		2575		3122273		3363
728		2574		3126987		3355
729		2590		3131701		3356
730		2606		3136418		3358
731		2622		3141134		3358
732		2620		3145851		3358
733		2608		3150568		3367
734		2585		3150752		3364
735		2599		3150909		3356
736		2569		3151045		3360
737		2553		3151164		3363
738		2540		3151311		3358
739		2506		3151407		3364
740		2494		3151488		3364
741		2488		3151566		3373
742		2489		3151656		3372
743		2491		3151758		3367
744		2487		3151843		3373
745		2469		3151930		3372
746		2464		3152006		3367
747		2467		3152075		3368
748		2461		3152121		3369
749		2460		3152178		3369
750		2453		3152234		3367
751		2448		3152291		3377
752		2434		3152331		3374
753		2440		3152369		3379
754		2425		3152419		3379
755		2424		3152453		3379
756		2423		3152499		3378
757		2415		3152539		3378
758		2415		3152592		3378
759		2417		3152642		3380
760		2417		3152713		3385
761		2414		3152772		3378
762		2400		3152825		3381
763		2387		3152861		3381
764		2388		3152886		3386
765		2386		3152906		3382
766		2377		3152933		3382
767		2378		3152943		3384
768		2378		3152967		3381
769		2381		3152990		3386
770		2376		3153010		3384
771		2375		3153023		3386
772		2377		3153039		3387
773		2374		3153063		3387
774		2375		3153084		3390
775		2373		3153104		3385
776		2371		3153130		3388
777		2366		3153140		3386
778		2359		3153152		3385
779		2360		3153160		3381
780		2363		3153172		3385
781		2363		3153191		3379
782		2362		3153202		3381
783		2361		3153212		3380
784		2366		3153238		3381
785		2361		3153260		3383
786		2351		3153274		3384
787		2357		3153289		3385
788		2357		3153305		3383
789		2355		3153317		3389
790		2352		3153330		3390
791		2356		3153344		3391
792		2358		3153358		3390
793		2356		3153371		3391
794		2356		3153388		3394
795		2357		3153401		3393
796		2355		3153411		3397
797		2351		3153421		3393
798		2350		3153429		3393
799		2344		3153443		3394
800		2344		3153448		3394
801		2410		3158163		3395
802		2449		3162879		3384
803		2485		3167597		3388
804		2498		3172315		3373
805		2516		3177034		3379
806		2519		3181751		3379
807		2548		3186469		3395
808		2580		3191188		3371
809		2547		3195907		3382
810		2542		3200625		3382
811		2529		3205343		3386
812		2570		3210062		3389
813		2572		3214781		3373
814		2586		3219495		3392
815		2609		3224214		3386
816		2598		3228934		3399
817		2626		3233652		3390
818		2624		3238371		3387
819		2629		3243090		3389
820		2594		3247809		3388
821		2598		3252528		3401
822		2614		3257246		3380
823		2631		3261966		3386
824		2642		3266685		3373
825		2630		3271403		3388
826		2613		3276122		3372
827		2605		3280839		3376
828		2600		3285557		3371
829		2608		3290276		3371
830		2642		3294995		3388
831		2642		3299714		3387
832		2627		3304433		3388
833		2600		3309149		3406
834		2616		3313868		3390
835		2617		3318587		3394
836		2644		3323304		3390
837		2625		3328023		3404
838		2662		3332740		3390
839		2656		3337459		3398
840		2654		3342175		3400
841		2674		3346895		3385
842		2695		3351615		3398
843		2641		3356332		3401
844		2698		3361050		3389
845		2675		3365767		3386
846		2685		3370486		3391
847		2668		3375206		3386
848		2703		3379925		3373
849		2656		3384642		3397
850		2671		3389361		3391
851		2667		3394079		3368
852		2642		3398796		3386
853		2673		3403514		3383
854		2685		3408230		3377
855		2703		3412948		3391
856		2669		3417664		3379
857		2681		3422381		3376
858		2678		3427100		3387
859		2643		3431817		3381
860		2656		3436535		3377
861		2609		3441254		3384
862		2611		3445972		3369
863		2635		3450690		3379
864		2663		3455409		3388
865		2656		3460127		3385
866		2664		3464845		3396
867		2642		3469564		3393
868		2639		3474283		3391
869		2638		3479003		3397
870		2652		3483721		3387
871		2646		3488440		3405
872		2658		3493160		3396
873		2677		3497878		3394
874		2660		3502595		3387
875		2635		3507313		3400
876		2613		3512032		3406
877		2636		3516748		3389
878		2683		3521466		3411
879		2636		3526185		3394
880		2666		3530903		3390
881		2657		3535622		3390
882		2634		3540340		3383
883		2635		3545058		3380
884		2635		3549777		3379
885		2662		3554496		3383
886		2670		3559214		3386
887		2635		3563932		3391
888		2629		3568650		3394
889		2585		3573369		3406
890		2602		3578087		3390
891		2624		3582804		3385
892		2628		3587520		3374
893		2632		3592239		3395
894		2593		3596957		3383
895		2614		3601677		3380
896		2627		3606394		3387
897		2619		3611112		3386
898		2617		3615831		3392
899		2649		3620549		3393
900		2634		3625269		3378
901		2607		3629987		3384
902		2650		3634707		3373
903		2631		3639427		3373
904		2632		3644147		3367
905		2608		3648866		3367
906		2619		3653585		3370
907		2585		3658304		3367
908		2606		3663024		3372
909		2626		3667742		3371
910		2659		3672461		3363
911		2669		3677177		3358
912		2664		3681893		3364
913		2640		3686611		3368
914		2635		3691330		3370
915		2639		3696048		3368
916		2633		3700768		3369
917		2661		3705485		3374
918		2620		3710201		3389
919		2617		3714921		3376
920		2627		3719640		3377
921		2630		3724356		3365
922		2615		3729075		3381
923		2604		3733793		3384
924		2573		3738510		3378
925		2581		3743228		3363
926		2575		3747945		3373
927		2592		3752663		3391
928		2586		3757382		3377
929		2608		3762100		3378
930		2612		3766820		3377
931		2574		3771538		3387
932		2558		3776257		3364
933		2552		3780976		3376
934		2528		3785693		3372
935		2538		3790412		3387
936		2526		3795130		3368
937		2546		3799847		3374
938		2545		3804564		3378
939		2509		3809282		3373
940		2502		3814001		3364
941		2496		3818715		3375
942		2511		3823432		3384
943		2532		3828151		3370
944		2502		3832868		3385
945		2516		3837585		3381
946		2520		3842304		3371
947		2521		3847022		3382
948		2531		3851740		3376
949		2500		3856459		3375
950		2507		3861177		3369
951		2512		3865895		3373
952		2497		3870613		3378
953		2497		3875332		3383
954		2477		3880050		3382
955		2471		3884769		3372
956		2471		3889486		3378
957		2468		3894204		3380
958		2448		3898921		3384
959		2444		3903637		3379
960		2462		3908354		3370
961		2454		3913072		3364
962		2427		3917789		3371
963		2431		3922506		3372
964		2442		3927223		3365
965		2440		3931941		3363
966		2447		3936659		3368
967		2427		3941377		3360
968		2456		3946095		3366
969		2439		3950813		3354
970		2437		3955532		3345
971		2441		3960247		3370
972		2433		3964964		3372
973		2447		3969681		3371
974		2446		3974400		3369
975		2422		3979117		3374
976		2438		3983835		3381
977		2466		3988553		3374
978		2424		3993269		3383
979		2430		3997989		3380
980		2449		4002707		3376
981		2447		4007422		3378
982		2462		4012137		3392
983		2439		4016856		3387
984		2413		4021573		3391
985		2413		4026288		3394
986		2415		4031005		3406
987		2419		4035723		3386
988		2411		4040439		3391
989		2398		4045157		3371
990		2427		4049874		3383
991		2411		4054594		3389
992		2397		4059308		3392
993		2386		4064025		3390
994		2420		4068744		3405
995		2403		4073463		3395
996		2404		4078180		3392
997		2406		4082895		3387
998		2412		4087614		3384
999		2420		4092330		3392
