# Migration is number of nodes that have changed color.

Round		Edge-Cut		Swaps		Migrations		Skipped
0		543		4720		58
1		536		9439		67
2		527		14159		70
3		534		18878		75
4		532		23597		73
5		533		28317		79
6		530		33037		82
7		546		37756		85
8		542		42476		85
9		536		47195		81
10		537		51914		79
11		544		56634		81
12		532		61354		83
13		542		66074		90
14		543		70793		93
15		532		75513		91
16		537		80232		85
17		535		84952		88
18		530		89671		88
19		532		94391		96
20		529		99110		91
21		533		103829		93
22		538		108549		87
23		540		113268		97
24		533		117988		97
25		527		122707		94
26		518		127427		94
27		514		132146		99
28		519		136866		100
29		516		141586		100
30		521		146306		104
31		518		151026		105
32		514		155745		100
33		512		160463		94
34		519		165182		99
35		517		169901		98
36		508		174621		94
37		512		179340		95
38		508		184060		94
39		510		188780		106
40		512		193499		101
41		512		198219		98
42		513		202939		105
43		509		207658		106
44		502		212376		101
45		515		217096		105
46		514		221816		100
47		508		226534		94
48		508		231254		98
49		510		235972		95
50		512		240690		100
51		514		245408		101
52		513		250127		102
53		501		254846		97
54		506		259566		100
55		497		264286		97
56		494		269005		99
57		496		273722		99
58		501		278440		102
59		497		283159		99
60		495		287879		100
61		504		292597		103
62		504		297317		105
63		497		302037		103
64		492		306757		101
65		502		311475		103
66		505		316195		107
67		508		320915		115
68		506		325634		108
69		493		330353		109
70		499		335073		111
71		495		339792		112
72		500		344512		114
73		500		349231		108
74		506		353950		117
75		495		358670		112
76		499		363390		116
77		493		368110		110
78		495		372830		109
79		489		377550		103
80		497		382270		100
81		498		386990		106
82		490		391709		104
83		490		396429		103
84		494		401146		106
85		498		405866		109
86		488		410586		108
87		495		415305		105
88		496		420024		108
89		483		424744		102
90		486		429463		106
91		486		434180		102
92		476		438899		98
93		485		443619		98
94		488		448338		96
95		486		453058		102
96		491		457778		105
97		483		462498		103
98		477		467218		102
99		476		471937		101
100		483		476657		107
101		486		481376		105
102		486		486093		106
103		494		490813		110
104		495		495533		114
105		488		500250		115
106		480		504970		107
107		483		509690		109
108		480		514409		103
109		481		519129		105
110		482		523848		103
111		491		528568		101
112		482		533287		102
113		491		538007		105
114		501		542727		111
115		484		547447		102
116		490		552167		104
117		488		556887		103
118		488		561606		105
119		486		566326		103
120		481		571046		102
121		483		575765		103
122		496		580484		111
123		486		585204		108
124		483		589922		108
125		482		594642		109
126		480		599361		103
127		482		604080		105
128		485		608800		105
129		485		613519		113
130		494		618239		115
131		484		622959		111
132		485		627679		116
133		487		632398		116
134		483		637118		118
135		484		641838		118
136		477		646557		114
137		477		651277		111
138		481		655996		112
139		490		660715		119
140		490		665435		115
141		494		670154		121
142		488		674874		117
143		491		679592		121
144		496		684311		121
145		497		689031		119
146		492		693751		122
147		500		698471		121
148		494		703190		117
149		491		707910		119
150		495		712630		119
151		490		717349		118
152		492		722069		121
153		485		726789		112
154		482		731509		110
155		485		736228		112
156		490		740947		115
157		493		745666		119
158		495		750386		118
159		492		755106		117
160		490		759826		118
161		496		764546		121
162		494		769266		115
163		489		773985		116
164		489		778702		115
165		485		783420		117
166		482		788139		115
167		483		792858		114
168		488		797578		119
169		483		802298		118
170		490		807018		121
171		489		811737		122
172		495		816457		115
173		491		821175		118
174		488		825895		120
175		490		830615		118
176		492		835335		117
177		490		840054		121
178		492		844773		125
179		491		849493		124
180		488		854213		123
181		484		858932		123
182		485		863651		127
183		481		868370		126
184		483		873090		128
185		485		877809		126
186		486		882528		127
187		480		887248		125
188		483		891967		128
189		480		896687		123
190		478		901407		124
191		470		906127		120
192		468		910847		116
193		462		915567		115
194		464		920286		119
195		465		925006		115
196		469		929725		117
197		467		934445		119
198		467		939165		118
199		466		943885		115
200		472		948605		110
201		468		953324		116
202		471		958043		115
203		473		962762		117
204		470		967482		112
205		476		972201		114
206		471		976920		114
207		471		981640		120
208		469		986359		122
209		475		991078		122
210		469		995798		119
211		474		1000516		128
212		471		1005236		125
213		466		1009955		124
214		471		1014675		123
215		478		1019395		128
216		471		1024114		126
217		468		1028833		128
218		470		1033553		127
219		467		1038272		125
220		466		1042992		127
221		464		1047712		131
222		468		1052432		126
223		468		1057152		132
224		470		1061871		132
225		466		1066591		129
226		469		1071310		128
227		466		1076029		124
228		465		1080749		131
229		467		1085469		127
230		468		1090189		128
231		470		1094909		129
232		464		1099629		133
233		467		1104349		132
234		464		1109068		133
235		474		1113788		134
236		476		1118508		134
237		471		1123228		128
238		460		1127948		131
239		465		1132667		131
240		463		1137387		133
241		467		1142106		135
242		465		1146826		132
243		468		1151545		130
244		465		1156265		130
245		467		1160984		130
246		461		1165704		130
247		470		1170424		133
248		462		1175143		129
249		463		1179863		128
250		465		1184583		126
251		465		1189303		126
252		471		1194023		125
253		475		1198741		132
254		471		1203460		129
255		468		1208180		130
256		469		1212900		131
257		474		1217619		136
258		464		1222339		134
259		466		1227057		132
260		460		1231777		130
261		462		1236497		134
262		462		1241217		132
263		463		1245936		131
264		459		1250656		134
265		456		1255376		131
266		455		1260096		133
267		459		1264816		132
268		456		1269536		131
269		460		1274255		131
270		457		1278975		131
271		462		1283695		134
272		459		1288415		132
273		462		1293135		134
274		464		1297855		140
275		465		1302574		138
276		466		1307294		140
277		465		1312014		140
278		461		1316734		138
279		457		1321453		138
280		462		1326173		143
281		463		1330893		140
282		458		1335612		142
283		454		1340331		137
284		457		1345050		139
285		455		1349769		139
286		462		1354489		141
287		459		1359207		142
288		458		1363927		141
289		459		1368647		140
290		465		1373367		142
291		468		1378087		141
292		463		1382806		139
293		464		1387524		139
294		464		1392243		137
295		467		1396963		137
296		467		1401683		135
297		470		1406403		141
298		471		1411123		137
299		466		1415842		137
300		461		1420562		131
301		466		1425282		135
302		466		1430001		134
303		465		1434721		136
304		461		1439439		140
305		462		1444158		138
306		459		1448877		134
307		456		1453597		135
308		454		1458317		132
309		456		1463037		131
310		463		1467757		132
311		462		1472477		132
312		469		1477197		134
313		461		1481917		131
314		462		1486637		133
315		462		1491356		130
316		465		1496074		133
317		471		1500792		140
318		458		1505511		133
319		459		1510231		134
320		453		1514951		134
321		454		1519671		134
322		450		1524390		136
323		451		1529110		135
324		450		1533829		133
325		451		1538549		133
326		453		1543268		129
327		450		1547988		127
328		453		1552708		130
329		455		1557428		133
330		450		1562148		131
331		451		1566868		129
332		451		1571586		131
333		451		1576305		132
334		450		1581024		131
335		455		1585744		130
336		456		1590462		131
337		453		1595182		130
338		453		1599902		133
339		451		1604621		134
340		452		1609340		134
341		460		1614059		132
342		453		1618778		131
343		456		1623498		131
344		457		1628218		127
345		451		1632938		127
346		447		1637658		127
347		450		1642378		130
348		452		1647098		134
349		455		1651818		141
350		454		1656538		140
351		454		1661258		135
352		454		1665977		137
353		452		1670697		137
354		452		1675417		136
355		448		1680137		133
356		444		1684856		134
357		448		1689576		136
358		449		1694295		136
359		452		1699014		134
360		454		1703734		134
361		448		1708454		136
362		442		1713174		134
363		446		1717891		134
364		447		1722610		134
365		449		1727329		137
366		447		1732047		135
367		439		1736766		132
368		440		1741483		132
369		442		1746203		134
370		442		1750923		135
371		445		1755641		131
372		443		1760361		135
373		442		1765080		138
374		443		1769799		136
375		449		1774519		136
376		451		1779239		136
377		447		1783959		138
378		448		1788679		138
379		445		1793399		137
380		442		1798119		137
381		441		1802839		135
382		440		1807559		135
383		440		1812279		135
384		440		1816999		137
385		446		1821719		137
386		447		1826439		135
387		443		1831159		133
388		445		1835878		135
389		444		1840598		133
390		442		1845317		135
391		439		1850037		133
392		445		1854757		133
393		447		1859476		136
394		445		1864196		138
395		448		1868916		140
396		444		1873635		137
397		447		1878355		139
398		446		1883075		139
399		446		1887795		138
400		446		1892515		139
401		446		1897235		139
402		444		1901955		141
403		442		1906674		137
404		448		1911394		139
405		453		1916114		136
406		450		1920834		138
407		453		1925554		137
408		449		1930273		138
409		448		1934993		136
410		444		1939713		137
411		449		1944433		140
412		439		1949153		140
413		446		1953872		140
414		448		1958590		140
415		445		1963310		142
416		443		1968028		140
417		434		1972748		135
418		439		1977468		137
419		437		1982186		137
420		437		1986906		139
421		438		1991626		137
422		436		1996345		137
423		439		2001065		137
424		440		2005785		137
425		437		2010505		138
426		443		2015225		139
427		439		2019945		138
428		433		2024665		138
429		433		2029385		136
430		434		2034104		134
431		430		2038823		136
432		434		2043542		136
433		437		2048262		134
434		434		2052982		134
435		433		2057702		132
436		435		2062422		132
437		427		2067142		130
438		435		2071862		136
439		436		2076582		136
440		432		2081301		134
441		431		2086020		132
442		437		2090739		134
443		435		2095458		136
444		434		2100177		132
445		430		2104897		130
446		431		2109617		134
447		431		2114337		132
448		436		2119057		132
449		439		2123777		134
450		439		2128496		134
451		435		2133215		132
452		441		2137935		134
453		437		2142655		134
454		435		2147375		132
455		436		2152095		131
456		438		2156815		130
457		439		2161535		132
458		448		2166255		135
459		440		2170974		136
460		448		2175694		134
461		448		2180414		136
462		445		2185133		134
463		441		2189853		135
464		447		2194573		135
465		445		2199291		135
466		443		2204010		136
467		450		2208730		138
468		443		2213450		132
469		439		2218170		133
470		438		2222890		133
471		434		2227610		131
472		434		2232330		131
473		438		2237049		133
474		439		2241768		133
475		436		2246488		135
476		438		2251208		135
477		436		2255928		135
478		435		2260648		133
479		436		2265368		133
480		436		2270088		133
481		432		2274808		131
482		436		2279528		129
483		436		2284248		133
484		434		2288968		129
485		441		2293688		136
486		439		2298408		136
487		436		2303128		135
488		437		2307847		133
489		446		2312566		136
490		449		2317286		136
491		447		2322006		136
492		446		2326726		136
493		443		2331446		134
494		437		2336164		138
495		436		2340884		134
496		435		2345604		136
497		444		2350324		141
498		446		2355044		143
499		449		2359764		143
500		442		2364484		141
501		437		2369204		139
502		441		2373924		143
503		442		2378644		142
504		441		2383364		141
505		444		2388084		138
506		434		2392804		135
507		433		2397524		136
508		437		2402244		135
509		434		2406964		134
510		435		2411683		136
511		429		2416403		134
512		432		2421122		132
513		433		2425842		135
514		431		2430562		135
515		434		2435282		134
516		434		2440002		134
517		432		2444722		136
518		430		2449442		134
519		440		2454162		140
520		440		2458882		139
521		440		2463602		139
522		436		2468322		134
523		431		2473041		137
524		435		2477761		139
525		433		2482481		138
526		432		2487201		140
527		442		2491919		139
528		442		2496638		140
529		441		2501358		143
530		438		2506078		137
531		433		2510798		134
532		434		2515518		134
533		430		2520238		134
534		436		2524958		133
535		434		2529678		133
536		436		2534396		137
537		442		2539116		137
538		434		2543836		133
539		443		2548556		136
540		440		2553275		136
541		435		2557995		136
542		433		2562714		134
543		435		2567433		139
544		440		2572153		139
545		436		2576872		140
546		436		2581591		138
547		432		2586311		136
548		430		2591031		136
549		432		2595751		135
550		436		2600471		136
551		434		2605191		138
552		437		2609911		140
553		440		2614629		139
554		440		2619349		138
555		435		2624069		138
556		435		2628789		138
557		432		2633508		136
558		431		2638227		133
559		431		2642947		133
560		431		2647666		133
561		435		2652386		132
562		431		2657106		130
563		433		2661825		133
564		436		2666545		133
565		436		2671265		135
566		435		2675984		135
567		436		2680704		135
568		432		2685424		137
569		430		2690144		133
570		428		2694863		133
571		431		2699583		133
572		426		2704303		131
573		427		2709023		131
574		430		2713743		131
575		428		2718463		131
576		429		2723183		131
577		429		2727903		133
578		434		2732623		133
579		433		2737343		135
580		436		2742063		135
581		440		2746781		137
582		441		2751499		134
583		447		2756219		138
584		444		2760937		136
585		443		2765656		135
586		439		2770375		133
587		435		2775094		133
588		434		2779814		131
589		434		2784534		130
590		429		2789254		129
591		427		2793973		129
592		435		2798693		129
593		441		2803412		133
594		439		2808132		133
595		443		2812852		132
596		443		2817572		132
597		443		2822291		137
598		448		2827011		141
599		447		2831731		134
600		439		2836451		136
601		442		2841171		134
602		438		2845890		137
603		436		2850610		137
604		439		2855329		134
605		433		2860049		133
606		439		2864769		135
607		435		2869489		133
608		434		2874209		133
609		436		2878928		133
610		432		2883646		133
611		435		2888366		135
612		441		2893086		134
613		439		2897806		135
614		437		2902525		135
615		433		2907245		133
616		433		2911964		134
617		433		2916684		133
618		433		2921404		133
619		431		2926122		133
620		431		2930842		133
621		434		2935561		133
622		436		2940281		137
623		434		2945000		137
624		428		2949720		136
625		430		2954439		136
626		428		2959159		136
627		436		2963878		136
628		429		2968596		134
629		429		2973316		136
630		435		2978036		136
631		435		2982756		134
632		429		2987476		134
633		435		2992196		134
634		436		2996916		134
635		431		3001635		138
636		431		3006355		140
637		430		3011075		139
638		430		3015795		139
639		436		3020515		139
640		433		3025233		137
641		434		3029952		137
642		433		3034671		139
643		434		3039391		141
644		431		3044111		141
645		433		3048831		139
646		433		3053551		143
647		434		3058269		137
648		434		3062988		140
649		433		3067708		140
650		429		3072428		140
651		430		3077148		137
652		431		3081868		137
653		430		3086587		137
654		432		3091305		139
655		431		3096024		140
656		430		3100744		140
657		433		3105464		139
658		431		3110183		137
659		432		3114903		137
660		431		3119622		139
661		429		3124342		139
662		433		3129062		143
663		429		3133782		139
664		430		3138501		139
665		427		3143221		139
666		430		3147940		141
667		434		3152660		142
668		436		3157379		142
669		441		3162098		140
670		436		3166818		142
671		438		3171536		143
672		439		3176256		141
673		437		3180976		145
674		442		3185696		145
675		438		3190415		142
676		434		3195135		142
677		433		3199855		144
678		433		3204575		142
679		431		3209295		142
680		432		3214015		140
681		433		3218735		142
682		433		3223455		142
683		436		3228175		139
684		431		3232895		140
685		435		3237614		140
686		435		3242334		140
687		430		3247054		140
688		434		3251774		140
689		432		3256494		139
690		432		3261212		141
691		435		3265932		141
692		439		3270652		144
693		439		3275372		142
694		437		3280091		144
695		434		3284811		142
696		433		3289529		142
697		431		3294249		144
698		434		3298968		145
699		436		3303687		143
700		435		3308406		140
701		432		3313124		140
702		433		3317844		142
703		435		3322563		146
704		438		3327283		146
705		439		3332003		149
706		435		3336722		145
707		435		3341442		145
708		435		3346161		145
709		431		3350881		143
710		431		3355601		144
711		430		3360320		144
712		432		3365040		144
713		430		3369759		141
714		429		3374479		143
715		430		3379198		139
716		436		3383918		144
717		442		3388636		146
718		438		3393356		143
719		434		3398076		143
720		429		3402796		143
721		433		3407516		143
722		438		3412236		145
723		435		3416956		143
724		435		3421675		144
725		435		3426395		144
726		437		3431115		144
727		435		3435834		144
728		437		3440554		142
729		434		3445274		144
730		434		3449994		144
731		438		3454713		144
732		435		3459432		146
733		429		3464152		144
734		435		3468871		147
735		431		3473591		144
736		432		3478310		144
737		431		3483030		144
738		430		3487750		141
739		431		3492468		141
740		429		3497188		141
741		429		3501908		141
742		429		3506628		141
743		431		3511348		141
744		432		3516068		141
745		432		3520788		141
746		432		3525507		142
747		436		3530227		146
748		431		3534947		145
749		431		3539667		146
750		434		3544386		148
751		433		3549106		146
752		433		3553826		145
753		440		3558545		145
754		436		3563265		147
755		433		3567984		145
756		439		3572703		146
757		434		3577423		145
758		430		3582142		146
759		430		3586862		144
760		432		3591582		146
761		434		3596301		142
762		438		3601021		142
763		436		3605741		144
764		435		3610459		144
765		438		3615179		142
766		435		3619898		142
767		435		3624617		142
768		439		3629336		144
769		443		3634056		146
770		439		3638775		145
771		436		3643495		143
772		440		3648215		144
773		439		3652934		145
774		433		3657653		142
775		436		3662373		142
776		442		3667093		148
777		438		3671813		144
778		437		3676533		146
779		437		3681253		145
780		441		3685972		146
781		442		3690692		144
782		437		3695412		145
783		443		3700129		147
784		442		3704849		149
785		446		3709568		150
786		436		3714288		145
787		437		3719008		143
788		436		3723728		143
789		438		3728448		146
790		438		3733168		147
791		437		3737888		147
792		438		3742608		143
793		446		3747328		146
794		445		3752047		148
795		449		3756767		142
796		450		3761487		143
797		442		3766207		142
798		444		3770927		143
799		437		3775647		145
800		439		3780365		142
801		439		3785082		141
802		433		3789800		145
803		438		3794520		143
804		432		3799240		144
805		433		3803960		144
806		433		3808680		146
807		430		3813400		144
808		435		3818120		141
809		429		3822840		142
810		430		3827559		142
811		432		3832278		142
812		435		3836998		142
813		431		3841717		144
814		436		3846436		144
815		435		3851154		145
816		436		3855874		146
817		439		3860594		146
818		434		3865314		146
819		429		3870033		144
820		434		3874753		146
821		433		3879473		144
822		430		3884192		146
823		432		3888911		146
824		434		3893631		146
825		433		3898351		146
826		431		3903071		144
827		439		3907791		146
828		438		3912511		146
829		443		3917231		146
830		431		3921951		146
831		430		3926669		148
832		431		3931389		148
833		431		3936108		150
834		431		3940826		148
835		435		3945546		148
836		435		3950266		148
837		431		3954986		148
838		432		3959704		148
839		429		3964424		146
840		434		3969144		145
841		426		3973863		144
842		428		3978583		146
843		432		3983303		145
844		432		3988022		148
845		435		3992741		146
846		436		3997461		148
847		436		4002179		148
848		429		4006898		144
849		432		4011617		143
850		432		4016337		144
851		429		4021057		146
852		427		4025777		146
853		431		4030496		146
854		431		4035216		145
855		433		4039936		146
856		432		4044656		146
857		434		4049376		145
858		431		4054095		143
859		434		4058815		146
860		435		4063534		147
861		430		4068254		147
862		429		4072974		147
863		427		4077694		147
864		432		4082413		145
865		431		4087133		145
866		432		4091853		146
867		435		4096573		145
868		436		4101293		147
869		437		4106011		143
870		433		4110731		143
871		437		4115451		145
872		436		4120169		144
873		436		4124889		145
874		438		4129609		145
875		441		4134329		144
876		442		4139049		144
877		443		4143769		144
878		444		4148489		144
879		442		4153208		145
880		440		4157928		146
881		440		4162648		146
882		447		4167368		147
883		444		4172088		147
884		445		4176807		144
885		447		4181526		148
886		448		4186245		148
887		443		4190965		146
888		441		4195684		146
889		446		4200404		148
890		441		4205124		149
891		443		4209844		149
892		440		4214562		150
893		442		4219280		150
894		443		4223999		148
895		442		4228719		150
896		446		4233438		146
897		448		4238158		148
898		450		4242877		148
899		448		4247597		148
900		452		4252317		148
901		454		4257037		149
902		451		4261757		150
903		443		4266477		150
904		447		4271196		151
905		444		4275916		151
906		446		4280636		151
907		444		4285356		152
908		446		4290074		149
909		442		4294794		149
910		452		4299513		150
911		439		4304232		150
912		436		4308952		146
913		435		4313672		146
914		437		4318391		146
915		437		4323111		146
916		440		4327830		146
917		439		4332549		145
918		441		4337269		146
919		440		4341988		145
920		437		4346708		145
921		441		4351428		145
922		436		4356148		146
923		439		4360868		151
924		437		4365587		147
925		436		4370306		148
926		440		4375026		148
927		442		4379746		148
928		443		4384465		150
929		440		4389184		150
930		440		4393903		150
931		441		4398623		148
932		449		4403343		151
933		443		4408063		150
934		444		4412782		150
935		443		4417500		150
936		442		4422220		150
937		441		4426939		150
938		445		4431658		150
939		444		4436378		152
940		441		4441098		152
941		440		4445818		150
942		438		4450538		150
943		436		4455258		149
944		437		4459978		150
945		433		4464698		150
946		434		4469418		149
947		436		4474137		146
948		443		4478856		147
949		443		4483576		143
950		437		4488295		145
951		437		4493014		144
952		435		4497733		145
953		433		4502453		143
954		436		4507173		144
955		437		4511892		143
956		433		4516612		144
957		431		4521332		143
958		432		4526052		143
959		435		4530771		145
960		438		4535491		145
961		434		4540211		143
962		445		4544931		144
963		439		4549650		143
964		435		4554370		142
965		432		4559089		142
966		441		4563808		145
967		438		4568528		145
968		437		4573247		140
969		433		4577967		137
970		431		4582687		139
971		434		4587407		139
972		432		4592127		139
973		433		4596847		140
974		431		4601565		139
975		437		4606285		140
976		434		4611004		137
977		441		4615723		141
978		435		4620443		141
979		436		4625163		141
980		433		4629883		139
981		434		4634603		139
982		433		4639323		139
983		441		4644042		135
984		440		4648762		137
985		440		4653482		139
986		437		4658201		139
987		437		4662920		139
988		434		4667640		137
989		433		4672359		137
990		431		4677079		134
991		434		4681799		136
992		430		4686517		136
993		431		4691237		138
994		432		4695957		137
995		432		4700677		140
996		430		4705397		138
997		433		4710116		141
998		434		4714836		141
999		432		4719556		138
1000		431		4724276		140
1001		432		4728996		138
1002		435		4733716		142
1003		432		4738436		140
1004		430		4743155		138
1005		434		4747874		138
1006		433		4752594		138
1007		428		4757314		138
1008		435		4762033		140
1009		438		4766753		138
1010		432		4771473		136
1011		428		4776192		136
1012		433		4780912		138
1013		431		4785632		138
1014		429		4790352		136
1015		433		4795072		136
1016		430		4799791		136
1017		430		4804511		136
1018		436		4809230		133
1019		434		4813950		135
1020		438		4818670		137
1021		441		4823390		138
1022		435		4828110		138
1023		432		4832829		137
1024		435		4837548		140
1025		437		4842267		140
1026		433		4846986		137
1027		434		4851705		138
1028		429		4856423		137
1029		435		4861142		135
1030		436		4865862		133
1031		434		4870582		135
1032		434		4875302		134
1033		433		4880022		134
1034		433		4884742		135
1035		433		4889461		134
1036		429		4894180		133
1037		430		4898898		134
1038		428		4903618		137
1039		431		4908337		135
1040		435		4913057		134
1041		440		4917775		139
1042		429		4922493		137
1043		433		4927212		140
1044		432		4931930		138
1045		437		4936650		136
1046		441		4941369		136
1047		437		4946089		138
1048		439		4950808		138
1049		436		4955527		137
1050		436		4960247		137
1051		438		4964966		137
1052		436		4969685		137
1053		439		4974404		140
1054		440		4979123		135
1055		439		4983842		137
1056		436		4988561		134
1057		440		4993280		136
1058		434		4998000		131
1059		432		5002720		133
1060		432		5007440		133
1061		429		5012160		130
1062		427		5016879		132
1063		428		5021598		133
1064		429		5026318		132
1065		424		5031038		133
1066		426		5035758		131
1067		422		5040476		131
1068		415		5045196		131
1069		419		5049916		133
1070		417		5054635		135
1071		420		5059354		135
1072		420		5064073		135
1073		422		5068793		137
1074		423		5073513		141
1075		419		5078233		137
1076		419		5082952		137
1077		416		5087669		137
1078		420		5092388		141
1079		415		5097108		135
1080		417		5101826		135
1081		416		5106545		135
1082		414		5111261		133
1083		419		5115981		134
1084		418		5120701		134
1085		416		5125421		134
1086		419		5130140		135
1087		415		5134860		135
1088		417		5139579		135
1089		415		5144299		133
1090		419		5149018		137
1091		415		5153737		134
1092		421		5158457		138
1093		416		5163176		138
1094		416		5167894		136
1095		418		5172614		134
1096		421		5177333		134
1097		416		5182052		136
1098		417		5186771		134
1099		420		5191490		134
1100		427		5196210		136
1101		420		5200930		134
1102		413		5205650		133
1103		422		5210369		135
1104		420		5215088		131
1105		415		5219807		131
1106		415		5224527		131
1107		415		5229247		131
1108		417		5233967		131
1109		418		5238686		131
1110		421		5243406		137
1111		418		5248124		133
1112		421		5252844		135
1113		420		5257564		134
1114		422		5262283		135
1115		420		5267003		135
1116		423		5271723		135
1117		420		5276442		134
1118		423		5281161		132
1119		424		5285881		134
1120		431		5290601		138
1121		421		5295321		138
1122		420		5300041		138
1123		422		5304761		133
1124		419		5309481		132
1125		427		5314201		137
1126		422		5318920		135
1127		425		5323639		135
1128		427		5328359		140
1129		424		5333078		137
1130		425		5337798		135
1131		423		5342517		134
1132		427		5347236		137
1133		428		5351955		137
1134		425		5356675		136
1135		430		5361394		138
1136		430		5366113		138
1137		423		5370833		137
1138		424		5375552		137
1139		422		5380270		137
1140		422		5384990		137
1141		422		5389710		137
1142		427		5394430		137
1143		423		5399150		137
1144		430		5403869		137
1145		427		5408587		139
1146		432		5413306		139
1147		428		5418026		139
1148		426		5422746		139
1149		430		5427466		141
1150		429		5432185		140
1151		432		5436905		138
1152		433		5441625		140
1153		426		5446345		139
1154		431		5451065		142
1155		427		5455785		140
1156		425		5460505		140
1157		428		5465223		139
1158		426		5469943		140
1159		425		5474662		140
1160		428		5479380		140
1161		426		5484098		139
1162		424		5488816		144
1163		425		5493536		142
1164		424		5498255		142
1165		425		5502974		141
1166		427		5507693		141
1167		427		5512413		140
1168		430		5517133		140
1169		426		5521851		141
1170		428		5526570		139
1171		427		5531290		139
1172		427		5536009		139
1173		431		5540729		141
1174		429		5545449		141
1175		431		5550169		143
1176		425		5554887		140
1177		426		5559607		138
1178		436		5564325		138
1179		420		5569045		138
1180		422		5573763		140
1181		425		5578483		140
1182		420		5583203		140
1183		416		5587923		139
1184		420		5592641		138
1185		422		5597359		139
1186		417		5602078		139
1187		416		5606798		139
1188		421		5611518		139
1189		419		5616235		140
1190		428		5620955		137
1191		421		5625675		138
1192		422		5630395		137
1193		420		5635115		138
1194		422		5639834		137
1195		418		5644553		139
1196		419		5649273		139
1197		421		5653993		139
1198		422		5658713		137
1199		418		5663433		138
1200		415		5668152		137
1201		420		5672870		136
1202		418		5677590		137
1203		421		5682308		137
1204		423		5687027		137
1205		418		5691746		137
1206		419		5696466		139
1207		419		5701186		139
1208		426		5705906		139
1209		421		5710625		137
1210		422		5715345		137
1211		422		5720064		137
1212		424		5724782		137
1213		418		5729501		137
1214		421		5734221		137
1215		428		5738941		137
1216		423		5743661		137
1217		423		5748381		137
1218		421		5753101		137
1219		423		5757821		137
1220		426		5762540		139
1221		422		5767260		138
1222		427		5771980		138
1223		425		5776699		140
1224		425		5781418		140
1225		424		5786138		138
1226		428		5790857		138
1227		423		5795576		140
1228		422		5800295		138
1229		423		5805015		138
1230		416		5809734		137
1231		420		5814453		137
1232		420		5819172		138
1233		424		5823892		140
1234		420		5828612		140
1235		421		5833332		142
1236		417		5838051		140
1237		418		5842771		140
1238		419		5847491		140
1239		419		5852210		138
1240		421		5856930		139
1241		431		5861650		140
1242		428		5866370		140
1243		429		5871090		140
1244		429		5875810		141
1245		423		5880529		141
1246		425		5885248		140
1247		424		5889967		141
1248		417		5894686		141
1249		416		5899406		139
1250		413		5904126		141
1251		415		5908845		141
1252		419		5913564		139
1253		418		5918283		141
1254		422		5923002		141
1255		418		5927722		143
1256		419		5932441		144
1257		418		5937161		144
1258		417		5941881		144
1259		413		5946600		141
1260		416		5951319		141
1261		419		5956038		141
1262		425		5960757		142
1263		420		5965476		144
1264		420		5970196		144
1265		419		5974914		146
1266		421		5979633		142
1267		422		5984352		143
1268		421		5989072		145
1269		417		5993791		143
1270		416		5998511		141
1271		411		6003231		141
1272		418		6007951		142
1273		418		6012671		141
1274		420		6017391		145
1275		421		6022110		141
1276		418		6026829		141
1277		421		6031549		143
1278		420		6036268		143
1279		419		6040987		143
1280		423		6045705		145
1281		417		6050424		145
1282		423		6055144		145
1283		421		6059864		145
1284		418		6064584		145
1285		419		6069304		141
1286		416		6074024		142
1287		414		6078744		142
1288		419		6083463		142
1289		416		6088182		144
1290		413		6092901		142
1291		415		6097619		140
1292		412		6102339		140
1293		411		6107059		140
1294		412		6111778		140
1295		415		6116498		140
1296		418		6121218		140
1297		423		6125938		138
1298		416		6130658		138
1299		413		6135377		138
1300		419		6140096		138
1301		420		6144815		140
1302		418		6149533		140
1303		419		6154252		140
1304		412		6158971		138
1305		413		6163691		138
1306		414		6168411		138
1307		415		6173131		138
1308		410		6177851		138
1309		411		6182571		138
1310		409		6187291		138
1311		412		6192011		140
1312		413		6196731		140
1313		412		6201450		138
1314		411		6206170		138
1315		418		6210890		140
1316		417		6215608		140
1317		413		6220328		138
1318		413		6225047		138
1319		414		6229767		138
1320		411		6234487		137
1321		414		6239206		137
1322		411		6243925		137
1323		414		6248642		137
1324		414		6253361		139
1325		409		6258081		139
1326		409		6262800		139
1327		415		6267520		141
1328		413		6272240		139
1329		411		6276959		139
1330		412		6281679		141
1331		419		6286397		141
1332		418		6291117		142
1333		415		6295837		141
1334		408		6300556		139
1335		409		6305276		141
1336		409		6309996		141
1337		409		6314716		141
1338		412		6319436		139
1339		408		6324156		138
1340		410		6328876		137
1341		415		6333596		138
1342		413		6338315		138
1343		408		6343033		137
1344		408		6347753		138
1345		408		6352473		138
1346		409		6357193		139
1347		408		6361913		139
1348		413		6366633		141
1349		411		6371353		144
1350		406		6376073		139
1351		413		6380792		139
1352		414		6385512		140
1353		414		6390232		139
1354		407		6394952		138
1355		407		6399672		138
1356		407		6404391		139
1357		410		6409111		139
1358		411		6413830		139
1359		408		6418550		141
1360		410		6423270		141
1361		411		6427990		140
1362		411		6432708		140
1363		412		6437427		140
1364		414		6442146		140
1365		411		6446865		142
1366		411		6451583		142
1367		413		6456303		144
1368		410		6461021		143
1369		409		6465741		144
1370		408		6470461		142
1371		412		6475181		142
1372		410		6479901		142
1373		412		6484621		142
1374		412		6489341		142
1375		410		6494061		143
1376		408		6498781		143
1377		410		6503500		145
1378		410		6508219		143
1379		412		6512938		143
1380		414		6517658		143
1381		412		6522378		142
1382		412		6527097		144
1383		412		6531816		144
1384		414		6536536		144
1385		412		6541256		142
1386		414		6545976		142
1387		414		6550695		143
1388		412		6555414		143
1389		416		6560133		143
1390		420		6564853		144
1391		417		6569573		144
1392		418		6574292		148
1393		418		6579012		150
1394		416		6583731		150
1395		412		6588451		149
1396		415		6593170		149
1397		418		6597890		149
1398		414		6602609		149
1399		412		6607328		149
1400		409		6612048		151
1401		415		6616768		151
1402		414		6621487		152
1403		412		6626207		154
1404		409		6630927		154
1405		409		6635647		154
1406		409		6640367		155
1407		413		6645087		157
1408		413		6649806		157
1409		413		6654526		158
1410		412		6659246		157
1411		410		6663965		157
1412		416		6668685		156
1413		409		6673403		156
1414		411		6678123		156
1415		413		6682843		156
1416		419		6687562		155
1417		412		6692282		154
1418		417		6697002		154
1419		417		6701722		155
1420		416		6706442		156
1421		415		6711162		154
1422		412		6715882		154
1423		410		6720602		154
1424		414		6725322		154
1425		414		6730042		156
1426		409		6734761		156
1427		414		6739480		159
1428		413		6744200		159
1429		413		6748920		158
1430		416		6753640		156
1431		414		6758359		154
1432		412		6763078		154
1433		414		6767798		154
1434		415		6772518		156
1435		414		6777238		155
1436		411		6781958		156
1437		408		6786677		156
1438		410		6791397		156
1439		415		6796117		157
1440		415		6800837		155
1441		411		6805557		156
1442		415		6810277		156
1443		411		6814997		156
1444		411		6819717		156
1445		413		6824437		156
1446		410		6829157		155
1447		409		6833876		155
1448		412		6838596		156
1449		414		6843316		153
1450		410		6848036		155
1451		413		6852755		156
1452		413		6857475		156
1453		412		6862195		154
1454		412		6866915		152
1455		412		6871635		154
1456		412		6876355		154
1457		418		6881075		155
1458		417		6885794		157
1459		412		6890514		157
1460		413		6895233		157
1461		410		6899953		155
1462		413		6904673		158
1463		413		6909393		158
1464		411		6914113		160
1465		411		6918832		160
1466		413		6923552		160
1467		417		6928272		160
1468		415		6932992		160
1469		413		6937712		160
1470		413		6942430		160
1471		415		6947149		161
1472		413		6951869		161
1473		413		6956589		161
1474		413		6961309		161
1475		411		6966029		160
1476		415		6970748		159
1477		411		6975467		160
1478		413		6980187		164
1479		413		6984906		165
1480		412		6989626		164
1481		408		6994346		162
1482		411		6999066		161
1483		416		7003786		162
1484		416		7008505		162
1485		418		7013225		162
1486		418		7017945		160
1487		417		7022665		161
1488		415		7027385		161
1489		414		7032105		160
1490		414		7036824		160
1491		416		7041543		160
1492		410		7046263		158
1493		411		7050982		161
1494		413		7055702		161
1495		410		7060422		158
1496		406		7065141		156
1497		408		7069861		160
1498		407		7074581		157
1499		405		7079301		157
1500		407		7084020		157
1501		405		7088740		157
1502		407		7093460		157
1503		405		7098180		157
1504		412		7102899		157
1505		411		7107619		159
1506		411		7112338		157
1507		411		7117058		155
1508		415		7121778		157
1509		413		7126498		155
1510		405		7131218		157
1511		409		7135938		159
1512		409		7140658		159
1513		408		7145378		159
1514		410		7150098		156
1515		407		7154818		159
1516		412		7159538		159
1517		408		7164257		161
1518		411		7168977		159
1519		410		7173697		159
1520		411		7178417		157
1521		411		7183136		155
1522		413		7187856		157
1523		409		7192576		157
1524		414		7197295		157
1525		412		7202015		158
1526		413		7206735		158
1527		407		7211455		156
1528		405		7216174		154
1529		405		7220894		154
1530		413		7225614		156
1531		413		7230333		153
1532		409		7235052		157
1533		415		7239772		157
1534		414		7244492		154
1535		413		7249212		153
1536		411		7253932		154
1537		412		7258652		154
1538		409		7263372		154
1539		417		7268091		154
1540		418		7272811		154
1541		416		7277531		154
1542		418		7282250		154
1543		411		7286969		154
1544		411		7291688		154
1545		410		7296408		154
1546		413		7301128		159
1547		411		7305848		154
1548		407		7310567		153
1549		407		7315287		153
1550		411		7320007		153
1551		409		7324727		153
1552		408		7329447		155
1553		413		7334167		154
1554		408		7338887		156
1555		410		7343607		158
1556		410		7348327		159
1557		411		7353047		157
1558		410		7357766		157
1559		410		7362486		155
1560		408		7367206		155
1561		411		7371926		155
1562		406		7376646		155
1563		406		7381366		155
1564		407		7386085		154
1565		408		7390805		154
1566		405		7395525		154
1567		409		7400244		156
1568		411		7404964		158
1569		408		7409684		155
1570		407		7414404		155
1571		407		7419123		155
1572		410		7423842		155
1573		409		7428562		151
1574		408		7433282		152
1575		409		7438001		152
1576		405		7442720		152
1577		403		7447440		152
1578		409		7452160		155
1579		408		7456879		153
1580		414		7461599		152
1581		408		7466319		152
1582		407		7471039		152
1583		405		7475755		152
1584		404		7480475		152
1585		406		7485195		154
1586		412		7489914		154
1587		410		7494633		154
1588		410		7499352		154
1589		412		7504069		154
1590		412		7508789		154
1591		410		7513509		154
1592		410		7518229		155
1593		412		7522949		155
1594		415		7527668		154
1595		412		7532388		154
1596		411		7537108		154
1597		410		7541828		154
1598		408		7546548		154
1599		409		7551268		154
1600		410		7555988		153
1601		409		7560708		153
1602		408		7565427		153
1603		411		7570147		154
1604		408		7574866		154
1605		410		7579586		154
1606		413		7584305		154
1607		415		7589025		154
1608		414		7593745		155
1609		410		7598464		156
1610		410		7603184		156
1611		407		7607904		155
1612		408		7612624		156
1613		410		7617343		156
1614		410		7622063		156
1615		409		7626783		155
1616		409		7631503		155
1617		411		7636223		154
1618		414		7640943		153
1619		410		7645663		153
1620		412		7650381		153
1621		413		7655101		152
1622		416		7659821		155
1623		411		7664540		153
1624		413		7669259		155
1625		412		7673978		154
1626		417		7678698		154
1627		411		7683418		155
1628		415		7688138		155
1629		414		7692857		155
1630		414		7697577		153
1631		412		7702297		153
1632		410		7707016		157
1633		411		7711736		156
1634		409		7716456		156
1635		410		7721176		155
1636		407		7725895		154
1637		410		7730615		155
1638		408		7735335		155
1639		405		7740052		153
1640		407		7744772		152
1641		406		7749491		153
1642		405		7754211		153
1643		405		7758930		152
1644		405		7763650		153
1645		412		7768370		154
1646		413		7773090		153
1647		409		7777810		156
1648		408		7782528		156
1649		408		7787248		155
1650		406		7791967		155
1651		405		7796687		156
1652		406		7801407		156
1653		405		7806127		158
1654		407		7810847		157
1655		411		7815567		157
1656		408		7820286		160
1657		405		7825005		160
1658		405		7829724		158
1659		410		7834444		161
1660		405		7839164		160
1661		404		7843883		161
1662		406		7848602		161
1663		408		7853322		161
1664		407		7858042		160
1665		407		7862761		160
1666		411		7867481		161
1667		413		7872201		161
1668		409		7876920		161
1669		411		7881640		159
1670		412		7886360		159
1671		410		7891080		160
1672		412		7895799		160
1673		409		7900519		160
1674		410		7905239		161
1675		408		7909958		160
1676		402		7914676		160
1677		403		7919396		159
1678		399		7924115		159
1679		402		7928834		159
1680		398		7933553		158
1681		399		7938273		158
1682		400		7942993		158
1683		400		7947712		160
1684		402		7952432		160
1685		402		7957152		160
1686		405		7961872		161
1687		406		7966592		161
1688		405		7971312		160
1689		402		7976032		160
1690		404		7980752		160
1691		404		7985471		160
1692		407		7990190		162
1693		405		7994910		163
1694		405		7999629		163
1695		408		8004349		163
1696		408		8009069		163
1697		403		8013789		161
1698		406		8018509		162
1699		401		8023228		162
1700		403		8027947		160
1701		405		8032667		162
1702		409		8037387		161
1703		406		8042107		159
1704		409		8046826		159
1705		401		8051546		157
1706		403		8056265		157
1707		397		8060984		157
1708		399		8065704		156
1709		402		8070424		158
1710		398		8075143		156
1711		400		8079863		154
1712		398		8084582		154
1713		400		8089302		154
1714		400		8094022		154
1715		400		8098742		154
1716		397		8103461		154
1717		397		8108181		153
1718		401		8112900		155
1719		404		8117620		153
1720		399		8122340		153
1721		396		8127060		152
1722		400		8131779		153
1723		396		8136498		152
1724		400		8141218		152
1725		402		8145938		152
1726		403		8150657		152
1727		400		8155377		149
1728		399		8160096		150
1729		401		8164816		150
1730		395		8169536		146
1731		393		8174255		146
1732		393		8178975		146
1733		393		8183695		146
1734		396		8188414		147
1735		395		8193134		147
1736		396		8197852		147
1737		394		8202570		149
1738		395		8207290		150
1739		391		8212010		150
1740		391		8216730		153
1741		392		8221450		149
1742		393		8226169		149
1743		398		8230889		151
1744		395		8235609		149
1745		393		8240328		149
1746		392		8245048		147
1747		392		8249768		149
1748		389		8254488		149
1749		391		8259208		149
1750		391		8263928		149
1751		389		8268647		149
1752		394		8273367		151
1753		395		8278085		152
1754		395		8282805		154
1755		394		8287525		152
1756		395		8292245		152
1757		396		8296965		151
1758		399		8301684		151
1759		399		8306403		156
1760		406		8311122		156
1761		401		8315841		153
1762		395		8320561		151
1763		396		8325281		151
1764		394		8330000		151
1765		392		8334720		150
1766		390		8339439		151
1767		394		8344159		151
1768		391		8348878		150
1769		393		8353598		150
1770		395		8358318		150
1771		395		8363037		149
1772		399		8367756		148
1773		395		8372476		148
1774		395		8377196		149
1775		397		8381914		149
1776		397		8386634		149
1777		395		8391353		149
1778		395		8396073		148
1779		395		8400793		148
1780		396		8405512		148
1781		396		8410231		148
1782		398		8414951		148
1783		398		8419670		150
1784		396		8424389		148
1785		397		8429109		148
1786		404		8433828		150
1787		405		8438548		151
1788		405		8443268		153
1789		400		8447988		151
1790		396		8452708		153
1791		398		8457427		151
1792		400		8462146		151
1793		398		8466865		152
1794		394		8471585		152
1795		394		8476305		152
1796		398		8481025		153
1797		395		8485743		153
1798		397		8490463		153
1799		395		8495183		152
1800		392		8499903		152
1801		394		8504622		151
1802		394		8509342		149
1803		394		8514061		149
1804		391		8518780		149
1805		392		8523500		149
1806		389		8528219		149
1807		390		8532938		149
1808		394		8537658		150
1809		394		8542378		151
1810		398		8547098		152
1811		394		8551818		152
1812		396		8556538		152
1813		398		8561258		153
1814		400		8565976		152
1815		397		8570695		152
1816		390		8575415		150
1817		397		8580134		152
1818		396		8584854		153
1819		398		8589573		154
1820		396		8594293		154
1821		396		8599013		153
1822		399		8603732		153
1823		396		8608451		152
1824		394		8613170		152
1825		394		8617890		154
1826		392		8622609		154
1827		391		8627328		155
1828		394		8632048		155
1829		394		8636768		155
1830		394		8641488		155
1831		392		8646208		156
1832		393		8650928		155
1833		393		8655648		155
1834		390		8660366		155
1835		392		8665086		154
1836		390		8669806		152
1837		390		8674525		152
1838		390		8679244		152
1839		392		8683964		152
1840		388		8688684		152
1841		390		8693404		152
1842		392		8698124		151
1843		390		8702844		151
1844		394		8707564		151
1845		396		8712282		151
1846		393		8717002		151
1847		388		8721722		151
1848		388		8726442		151
1849		390		8731162		152
1850		388		8735881		153
1851		390		8740598		153
1852		398		8745318		154
1853		392		8750038		154
1854		390		8754758		154
1855		390		8759478		154
1856		390		8764197		154
1857		388		8768917		154
1858		388		8773637		154
1859		394		8778357		154
1860		394		8783077		154
1861		390		8787797		156
1862		394		8792517		156
1863		392		8797237		156
1864		392		8801956		156
1865		397		8806676		155
1866		394		8811396		153
1867		391		8816115		155
1868		390		8820834		155
1869		394		8825554		158
1870		395		8830273		157
1871		395		8834992		155
1872		393		8839712		155
1873		398		8844431		157
1874		394		8849150		159
1875		397		8853870		161
1876		402		8858590		155
1877		401		8863310		152
1878		395		8868029		151
1879		389		8872747		151
1880		392		8877466		153
1881		392		8882186		151
1882		392		8886906		150
1883		389		8891626		151
1884		391		8896345		153
1885		398		8901065		154
1886		399		8905784		157
1887		401		8910504		159
1888		397		8915224		158
1889		398		8919944		156
1890		399		8924664		155
1891		398		8929384		156
1892		397		8934104		156
1893		399		8938823		156
1894		402		8943542		160
1895		399		8948262		157
1896		400		8952982		156
1897		395		8957701		154
1898		395		8962420		156
1899		392		8967139		152
1900		394		8971858		152
1901		390		8976578		152
1902		396		8981297		151
1903		396		8986015		151
1904		394		8990735		152
1905		390		8995454		154
1906		392		9000174		152
1907		391		9004894		153
1908		393		9009614		155
1909		395		9014334		155
1910		393		9019052		155
1911		398		9023772		156
1912		396		9028492		157
1913		389		9033212		156
1914		391		9037932		156
1915		393		9042651		156
1916		396		9047368		155
1917		395		9052087		156
1918		391		9056807		158
1919		392		9061527		158
1920		390		9066247		158
1921		390		9070966		156
1922		392		9075685		155
1923		392		9080405		153
1924		390		9085124		156
1925		387		9089844		157
1926		387		9094564		157
1927		390		9099283		157
1928		386		9104003		157
1929		385		9108723		157
1930		385		9113443		157
1931		388		9118162		157
1932		384		9122882		157
1933		384		9127601		157
1934		386		9132321		157
1935		385		9137040		157
1936		388		9141760		157
1937		387		9146480		157
1938		387		9151200		157
1939		391		9155919		157
1940		391		9160639		158
1941		389		9165358		156
1942		389		9170077		156
1943		390		9174796		155
1944		395		9179516		153
1945		389		9184235		154
1946		391		9188955		154
1947		396		9193675		157
1948		394		9198395		155
1949		388		9203114		155
1950		388		9207834		157
1951		388		9212554		157
1952		386		9217274		157
1953		388		9221994		157
1954		393		9226714		157
1955		395		9231432		158
1956		391		9236152		158
1957		390		9240872		158
1958		388		9245591		158
1959		395		9250311		159
1960		394		9255031		159
1961		388		9259750		158
1962		385		9264468		158
1963		387		9269187		157
1964		385		9273907		158
1965		386		9278627		159
1966		386		9283345		158
1967		393		9288065		159
1968		395		9292784		158
1969		393		9297503		159
1970		394		9302223		157
1971		395		9306943		158
1972		396		9311663		158
1973		393		9316383		157
1974		396		9321101		157
1975		397		9325821		156
1976		394		9330541		157
1977		398		9335260		158
1978		393		9339978		159
1979		395		9344697		161
1980		403		9349417		161
1981		401		9354137		157
1982		398		9358857		156
1983		394		9363577		157
1984		401		9368297		156
1985		394		9373017		156
1986		396		9377735		154
1987		398		9382452		154
1988		397		9387170		154
1989		396		9391890		154
1990		394		9396610		156
1991		390		9401330		154
1992		386		9406050		154
1993		388		9410770		154
1994		387		9415490		154
1995		388		9420209		154
1996		395		9424929		153
1997		394		9429649		155
1998		393		9434368		159
1999		400		9439086		157
