# Migration is number of nodes that have changed color.

Round		Edge-Cut		Swaps		Migrations		Skipped
0		557		4014		71
1		549		7738		73
2		543		11138		74
3		536		13969		89
4		550		16364		93
5		534		18235		89
6		534		19611		94
7		532		20503		107
8		515		21058		103
9		513		21381		99
10		513		21590		101
11		515		21695		104
12		504		21771		98
13		495		21827		104
14		496		21913		102
15		494		21965		100
16		486		22001		96
17		480		22046		95
18		476		22088		96
19		473		22140		98
20		463		22178		95
21		456		22217		92
22		454		22243		96
23		455		22273		92
24		455		22305		96
25		455		22322		101
26		454		22359		97
27		449		22386		91
28		448		22422		95
29		448		22449		95
30		449		22475		93
31		442		22498		96
32		440		22518		98
33		438		22537		97
34		438		22565		101
35		442		22584		100
36		437		22609		99
37		437		22638		99
38		440		22663		103
39		434		22689		100
40		434		22704		100
41		436		22722		103
42		434		22746		104
43		431		22762		105
44		436		22792		105
45		436		22820		107
46		435		22840		108
47		440		22886		108
48		440		22904		108
49		440		22928		113
50		440		22947		109
51		435		22995		109
52		437		23016		109
53		442		23039		113
54		443		23066		110
55		442		23089		112
56		436		23114		105
57		439		23129		104
58		438		23150		104
59		434		23184		107
60		430		23199		105
61		426		23218		108
62		425		23249		107
63		426		23260		105
64		426		23272		109
65		427		23284		109
66		425		23300		109
67		425		23311		109
68		424		23325		109
69		426		23343		110
70		426		23378		112
71		425		23408		111
72		424		23434		107
73		423		23455		103
74		417		23472		107
75		421		23488		108
76		419		23505		108
77		418		23519		108
78		414		23530		109
79		415		23554		106
80		414		23564		106
81		414		23573		107
82		414		23583		106
83		414		23594		106
84		415		23602		106
85		414		23612		106
86		414		23623		108
87		414		23631		107
88		409		23650		106
89		407		23659		103
90		408		23664		104
91		408		23672		105
92		409		23682		104
93		409		23698		105
94		410		23709		106
95		402		23726		105
96		403		23735		105
97		402		23745		107
98		405		23752		109
99		404		23757		109
100		403		23765		105
101		405		23770		105
102		401		23781		105
103		398		23786		104
104		398		23788		104
105		399		23795		106
106		400		23804		105
107		402		23811		105
108		399		23826		105
109		398		23829		104
110		400		23835		106
111		400		23842		106
112		401		23844		106
113		401		23850		106
114		400		23856		106
115		401		23865		106
116		398		23875		105
117		397		23885		105
118		397		23887		105
119		395		23890		106
120		395		23908		106
121		395		23912		106
122		395		23919		106
123		395		23924		106
124		395		23926		106
125		395		23932		106
126		395		23935		106
127		395		23940		106
128		395		23943		106
129		395		23946		106
130		395		23950		106
131		394		23953		106
132		394		23957		106
133		394		23961		106
134		394		23965		108
135		399		23972		108
136		397		23981		106
137		397		23998		109
138		400		24013		112
139		398		24019		110
140		399		24025		110
141		402		24039		111
142		401		24044		111
143		404		24051		109
144		403		24060		111
145		404		24077		111
146		399		24087		110
147		397		24094		107
148		397		24105		109
149		398		24114		109
150		399		24121		109
151		398		24134		111
152		397		24144		113
153		399		24158		111
154		397		24172		110
155		396		24184		113
156		394		24193		112
157		395		24200		112
158		395		24210		111
159		393		24220		113
160		398		24228		113
161		397		24238		115
162		396		24248		116
163		394		24253		117
164		392		24272		119
165		391		24274		117
166		390		24275		117
167		390		24276		117
168		390		24277		117
169		390		24279		117
170		391		24283		119
171		393		24287		119
172		393		24288		119
173		393		24289		119
174		390		24290		117
175		391		24291		117
176		393		24296		117
177		393		24299		117
178		393		24305		117
179		392		24309		119
180		392		24314		119
181		394		24319		119
182		392		24326		119
183		392		24331		118
184		392		24335		119
185		389		24338		119
186		387		24340		119
187		387		24343		119
188		387		24345		119
189		387		24347		119
190		387		24348		119
191		385		24351		120
192		385		24352		120
193		383		24353		120
194		383		24353		120
195		383		24353		120
196		381		24354		121
197		381		24354		121
198		381		24354		121
199		381		24354		121
200		381		24354		121
201		381		24354		121
202		381		24354		121
203		381		24354		121
204		381		24354		121
205		381		24354		121
206		381		24354		121
207		381		24354		121
208		381		24354		121
209		381		24354		121
210		381		24354		121
211		381		24354		121
212		381		24354		121
213		381		24354		121
214		381		24354		121
215		381		24354		121
216		381		24354		121
217		381		24354		121
218		381		24354		121
219		381		24354		121
220		382		24355		121
221		383		24356		121
222		382		24360		121
223		383		24361		121
224		385		24362		120
225		387		24366		121
226		385		24367		120
227		385		24369		120
228		384		24374		121
229		382		24377		121
230		382		24377		121
231		382		24377		121
232		382		24377		121
233		382		24377		121
234		382		24377		121
235		382		24377		121
236		382		24377		121
237		382		24377		121
238		382		24377		121
239		382		24377		121
240		382		24377		121
241		382		24377		121
242		382		24377		121
243		382		24377		121
244		382		24377		121
245		382		24377		121
246		382		24377		121
247		382		24377		121
248		382		24377		121
249		382		24377		121
250		382		24377		121
251		382		24377		121
252		382		24377		121
253		382		24377		121
254		382		24377		121
255		382		24377		121
256		382		24377		121
257		382		24377		121
258		382		24377		121
259		382		24377		121
260		382		24377		121
261		382		24377		121
262		382		24377		121
263		382		24377		121
264		382		24377		121
265		382		24377		121
266		382		24377		121
267		382		24377		121
268		382		24377		121
269		382		24377		121
270		382		24377		121
271		382		24377		121
272		382		24377		121
273		382		24377		121
274		382		24377		121
275		382		24377		121
276		382		24377		121
277		382		24377		121
278		382		24377		121
279		382		24377		121
280		382		24377		121
281		382		24377		121
282		382		24377		121
283		382		24377		121
284		382		24377		121
285		382		24377		121
286		382		24377		121
287		382		24377		121
288		382		24377		121
289		382		24377		121
290		382		24377		121
291		382		24377		121
292		382		24377		121
293		382		24377		121
294		382		24377		121
295		382		24377		121
296		382		24377		121
297		382		24377		121
298		382		24377		121
299		382		24377		121
300		382		24377		121
301		382		24379		122
302		381		24382		121
303		382		24383		122
304		381		24384		122
305		382		24387		122
306		381		24390		121
307		382		24391		122
308		381		24392		122
309		382		24395		122
310		381		24398		121
311		382		24399		122
312		382		24400		122
313		382		24401		122
314		382		24402		122
315		382		24405		122
316		381		24406		122
317		382		24409		122
318		382		24410		122
319		382		24411		122
320		382		24412		122
321		382		24413		122
322		382		24415		122
323		381		24418		121
324		381		24420		121
325		382		24421		122
326		382		24423		122
327		382		24425		122
328		381		24426		122
329		382		24429		122
330		381		24430		122
331		381		24432		122
332		382		24435		122
333		381		24438		121
334		381		24440		121
335		381		24442		121
336		382		24443		122
337		382		24445		122
338		381		24448		121
339		382		24449		122
340		382		24451		122
341		381		24452		122
342		381		24454		122
343		381		24456		122
344		382		24457		122
345		382		24459		122
346		381		24460		122
347		381		24462		121
348		381		24464		121
349		381		24466		121
350		382		24467		122
351		382		24468		122
352		381		24472		121
353		384		24475		123
354		384		24479		123
355		390		24502		125
356		390		24519		125
357		389		24522		125
358		390		24524		125
359		386		24528		123
360		386		24529		123
361		386		24541		123
362		382		24547		123
363		382		24547		123
364		380		24548		124
365		380		24548		124
366		380		24548		124
367		380		24548		124
368		380		24548		124
369		380		24548		124
370		380		24548		124
371		380		24548		124
372		380		24548		124
373		380		24548		124
374		380		24548		124
375		380		24548		124
376		380		24548		124
377		380		24548		124
378		380		24548		124
379		380		24548		124
380		380		24548		124
381		380		24548		124
382		380		24548		124
383		380		24548		124
384		380		24548		124
385		380		24548		124
386		380		24548		124
387		380		24548		124
388		380		24548		124
389		380		24548		124
390		380		24548		124
391		380		24548		124
392		380		24548		124
393		380		24548		124
394		380		24548		124
395		380		24548		124
396		380		24548		124
397		380		24548		124
398		380		24548		124
399		380		24548		124
400		380		24548		124
401		380		24548		124
402		380		24548		124
403		380		24548		124
404		380		24548		124
405		380		24548		124
406		380		24548		124
407		380		24548		124
408		380		24548		124
409		380		24548		124
410		380		24548		124
411		380		24548		124
412		380		24548		124
413		380		24548		124
414		380		24548		124
415		380		24548		124
416		380		24548		124
417		380		24548		124
418		380		24548		124
419		380		24548		124
420		380		24548		124
421		380		24548		124
422		380		24548		124
423		380		24548		124
424		380		24548		124
425		380		24548		124
426		380		24548		124
427		380		24548		124
428		380		24548		124
429		380		24548		124
430		380		24548		124
431		380		24548		124
432		380		24548		124
433		380		24548		124
434		380		24548		124
435		380		24548		124
436		380		24548		124
437		380		24548		124
438		380		24548		124
439		380		24548		124
440		380		24548		124
441		380		24548		124
442		380		24548		124
443		380		24548		124
444		380		24548		124
445		380		24548		124
446		380		24548		124
447		380		24548		124
448		380		24548		124
449		380		24548		124
450		380		24548		124
451		380		24548		124
452		380		24548		124
453		380		24548		124
454		380		24548		124
455		380		24548		124
456		380		24548		124
457		380		24548		124
458		380		24548		124
459		380		24548		124
460		380		24548		124
461		380		24548		124
462		380		24548		124
463		380		24548		124
464		380		24548		124
465		380		24548		124
466		380		24548		124
467		380		24548		124
468		380		24548		124
469		380		24548		124
470		380		24548		124
471		380		24548		124
472		380		24548		124
473		380		24548		124
474		380		24548		124
475		380		24548		124
476		380		24548		124
477		380		24548		124
478		380		24548		124
479		380		24548		124
480		380		24548		124
481		380		24548		124
482		380		24548		124
483		380		24548		124
484		380		24548		124
485		380		24548		124
486		380		24548		124
487		380		24548		124
488		380		24548		124
489		380		24548		124
490		380		24548		124
491		380		24548		124
492		380		24548		124
493		380		24548		124
494		380		24548		124
495		380		24548		124
496		380		24548		124
497		380		24548		124
498		380		24548		124
499		380		24548		124
500		378		24549		123
501		378		24549		123
502		378		24549		123
503		378		24549		123
504		378		24549		123
505		378		24549		123
506		378		24549		123
507		378		24549		123
508		378		24549		123
509		378		24549		123
510		378		24549		123
511		378		24549		123
512		378		24549		123
513		378		24549		123
514		378		24549		123
515		378		24549		123
516		378		24549		123
517		378		24549		123
518		378		24549		123
519		378		24549		123
520		378		24549		123
521		378		24549		123
522		378		24549		123
523		378		24549		123
524		378		24549		123
525		378		24549		123
526		378		24549		123
527		378		24549		123
528		378		24549		123
529		378		24549		123
530		378		24549		123
531		378		24549		123
532		378		24549		123
533		378		24549		123
534		378		24549		123
535		378		24549		123
536		378		24549		123
537		378		24549		123
538		378		24549		123
539		378		24549		123
540		378		24549		123
541		378		24549		123
542		378		24549		123
543		378		24549		123
544		378		24549		123
545		378		24549		123
546		378		24549		123
547		378		24549		123
548		378		24549		123
549		378		24549		123
550		378		24549		123
551		378		24549		123
552		378		24549		123
553		378		24549		123
554		378		24549		123
555		378		24549		123
556		378		24549		123
557		378		24549		123
558		378		24549		123
559		378		24549		123
560		378		24549		123
561		378		24549		123
562		378		24549		123
563		378		24549		123
564		378		24549		123
565		378		24549		123
566		378		24549		123
567		378		24549		123
568		378		24549		123
569		378		24549		123
570		378		24549		123
571		378		24549		123
572		378		24549		123
573		378		24549		123
574		378		24549		123
575		378		24549		123
576		378		24549		123
577		378		24549		123
578		378		24549		123
579		378		24549		123
580		378		24549		123
581		378		24549		123
582		378		24549		123
583		378		24549		123
584		378		24549		123
585		378		24549		123
586		378		24549		123
587		378		24549		123
588		378		24549		123
589		378		24549		123
590		378		24549		123
591		378		24549		123
592		378		24549		123
593		378		24549		123
594		378		24549		123
595		378		24549		123
596		378		24549		123
597		378		24549		123
598		378		24549		123
599		378		24549		123
600		378		24549		123
601		378		24549		123
602		378		24549		123
603		378		24549		123
604		378		24549		123
605		378		24549		123
606		378		24549		123
607		378		24549		123
608		378		24549		123
609		378		24549		123
610		378		24549		123
611		378		24549		123
612		378		24549		123
613		378		24549		123
614		378		24549		123
615		378		24549		123
616		378		24549		123
617		378		24549		123
618		378		24549		123
619		378		24549		123
620		378		24549		123
621		378		24549		123
622		378		24549		123
623		378		24549		123
624		378		24549		123
625		378		24549		123
626		378		24549		123
627		378		24549		123
628		378		24549		123
629		378		24549		123
630		378		24549		123
631		378		24549		123
632		378		24549		123
633		378		24549		123
634		378		24549		123
635		378		24549		123
636		378		24549		123
637		378		24549		123
638		378		24549		123
639		378		24549		123
640		378		24549		123
641		378		24549		123
642		378		24549		123
643		378		24549		123
644		378		24549		123
645		378		24549		123
646		378		24549		123
647		378		24549		123
648		378		24549		123
649		378		24549		123
650		378		24549		123
651		378		24549		123
652		378		24549		123
653		378		24549		123
654		378		24549		123
655		378		24549		123
656		378		24549		123
657		378		24549		123
658		378		24549		123
659		378		24549		123
660		378		24549		123
661		378		24549		123
662		378		24549		123
663		378		24549		123
664		378		24549		123
665		378		24549		123
666		378		24549		123
667		378		24549		123
668		378		24549		123
669		378		24549		123
670		378		24549		123
671		378		24549		123
672		378		24549		123
673		378		24549		123
674		378		24549		123
675		378		24549		123
676		378		24549		123
677		378		24549		123
678		378		24549		123
679		378		24549		123
680		378		24549		123
681		378		24549		123
682		378		24549		123
683		378		24549		123
684		378		24549		123
685		378		24549		123
686		378		24549		123
687		378		24549		123
688		378		24549		123
689		378		24549		123
690		378		24549		123
691		378		24549		123
692		378		24549		123
693		378		24549		123
694		378		24549		123
695		378		24549		123
696		378		24549		123
697		378		24549		123
698		378		24549		123
699		378		24549		123
700		378		24549		123
701		378		24549		123
702		378		24549		123
703		378		24549		123
704		378		24549		123
705		378		24549		123
706		378		24549		123
707		378		24549		123
708		378		24549		123
709		378		24549		123
710		378		24549		123
711		378		24549		123
712		378		24549		123
713		378		24549		123
714		378		24549		123
715		378		24549		123
716		378		24549		123
717		378		24549		123
718		378		24549		123
719		378		24549		123
720		378		24549		123
721		378		24549		123
722		378		24549		123
723		378		24549		123
724		378		24549		123
725		378		24549		123
726		378		24549		123
727		378		24549		123
728		378		24549		123
729		378		24549		123
730		378		24549		123
731		378		24549		123
732		378		24549		123
733		378		24549		123
734		378		24549		123
735		378		24549		123
736		378		24549		123
737		378		24549		123
738		378		24549		123
739		378		24549		123
740		378		24549		123
741		378		24549		123
742		378		24549		123
743		378		24549		123
744		378		24549		123
745		378		24549		123
746		378		24549		123
747		378		24549		123
748		378		24549		123
749		378		24549		123
750		378		24549		123
751		378		24549		123
752		378		24549		123
753		378		24549		123
754		378		24549		123
755		378		24549		123
756		378		24549		123
757		378		24549		123
758		378		24549		123
759		378		24549		123
760		378		24549		123
761		378		24549		123
762		378		24549		123
763		378		24549		123
764		378		24549		123
765		378		24549		123
766		378		24549		123
767		378		24549		123
768		378		24549		123
769		378		24549		123
770		378		24549		123
771		378		24549		123
772		378		24549		123
773		378		24549		123
774		378		24549		123
775		378		24549		123
776		378		24549		123
777		378		24549		123
778		378		24549		123
779		378		24549		123
780		378		24549		123
781		378		24549		123
782		378		24549		123
783		378		24549		123
784		378		24549		123
785		378		24549		123
786		378		24549		123
787		378		24549		123
788		378		24549		123
789		378		24549		123
790		378		24549		123
791		378		24549		123
792		378		24549		123
793		378		24549		123
794		378		24549		123
795		378		24549		123
796		378		24549		123
797		378		24549		123
798		378		24549		123
799		378		24549		123
800		378		24549		123
801		378		24549		123
802		378		24549		123
803		378		24549		123
804		378		24549		123
805		378		24549		123
806		378		24549		123
807		378		24549		123
808		378		24549		123
809		378		24549		123
810		378		24549		123
811		378		24549		123
812		378		24549		123
813		378		24549		123
814		378		24549		123
815		378		24549		123
816		378		24549		123
817		378		24549		123
818		378		24549		123
819		378		24549		123
820		378		24549		123
821		378		24549		123
822		378		24549		123
823		378		24549		123
824		378		24549		123
825		378		24549		123
826		378		24549		123
827		378		24549		123
828		378		24549		123
829		378		24549		123
830		378		24549		123
831		378		24549		123
832		378		24549		123
833		378		24549		123
834		378		24549		123
835		378		24549		123
836		378		24549		123
837		378		24549		123
838		378		24549		123
839		378		24549		123
840		378		24549		123
841		378		24549		123
842		378		24549		123
843		378		24549		123
844		378		24549		123
845		378		24549		123
846		378		24549		123
847		378		24549		123
848		378		24549		123
849		378		24549		123
850		378		24549		123
851		378		24549		123
852		378		24549		123
853		378		24549		123
854		378		24549		123
855		378		24549		123
856		378		24549		123
857		378		24549		123
858		378		24549		123
859		378		24549		123
860		378		24549		123
861		378		24549		123
862		378		24549		123
863		378		24549		123
864		378		24549		123
865		378		24549		123
866		378		24549		123
867		378		24549		123
868		378		24549		123
869		378		24549		123
870		378		24549		123
871		378		24549		123
872		378		24549		123
873		378		24549		123
874		378		24549		123
875		378		24549		123
876		378		24549		123
877		378		24549		123
878		378		24549		123
879		378		24549		123
880		378		24549		123
881		378		24549		123
882		378		24549		123
883		378		24549		123
884		378		24549		123
885		378		24549		123
886		378		24549		123
887		378		24549		123
888		378		24549		123
889		378		24549		123
890		378		24549		123
891		378		24549		123
892		378		24549		123
893		378		24549		123
894		378		24549		123
895		378		24549		123
896		378		24549		123
897		378		24549		123
898		378		24549		123
899		378		24549		123
900		378		24549		123
901		378		24549		123
902		378		24549		123
903		378		24549		123
904		378		24549		123
905		378		24549		123
906		378		24549		123
907		378		24549		123
908		378		24549		123
909		378		24549		123
910		378		24549		123
911		378		24549		123
912		378		24549		123
913		378		24549		123
914		378		24549		123
915		378		24549		123
916		378		24549		123
917		378		24549		123
918		378		24549		123
919		378		24549		123
920		378		24549		123
921		378		24549		123
922		378		24549		123
923		378		24549		123
924		378		24549		123
925		378		24549		123
926		378		24549		123
927		378		24549		123
928		378		24549		123
929		378		24549		123
930		378		24549		123
931		378		24549		123
932		378		24549		123
933		378		24549		123
934		378		24549		123
935		378		24549		123
936		378		24549		123
937		378		24549		123
938		378		24549		123
939		378		24549		123
940		378		24549		123
941		378		24549		123
942		378		24549		123
943		378		24549		123
944		378		24549		123
945		378		24549		123
946		378		24549		123
947		378		24549		123
948		378		24549		123
949		378		24549		123
950		378		24549		123
951		378		24549		123
952		378		24549		123
953		378		24549		123
954		378		24549		123
955		378		24549		123
956		378		24549		123
957		378		24549		123
958		378		24549		123
959		378		24549		123
960		378		24549		123
961		378		24549		123
962		378		24549		123
963		378		24549		123
964		378		24549		123
965		378		24549		123
966		378		24549		123
967		378		24549		123
968		378		24549		123
969		378		24549		123
970		378		24549		123
971		378		24549		123
972		378		24549		123
973		378		24549		123
974		378		24549		123
975		378		24549		123
976		378		24549		123
977		378		24549		123
978		378		24549		123
979		378		24549		123
980		378		24549		123
981		378		24549		123
982		378		24549		123
983		378		24549		123
984		378		24549		123
985		378		24549		123
986		378		24549		123
987		378		24549		123
988		378		24549		123
989		378		24549		123
990		378		24549		123
991		378		24549		123
992		378		24549		123
993		378		24549		123
994		378		24549		123
995		378		24549		123
996		378		24549		123
997		378		24549		123
998		378		24549		123
999		378		24549		123
