# Migration is number of nodes that have changed color.

Round		Edge-Cut		Swaps		Migrations		Skipped
0		543		4720		58
1		536		9439		67
2		527		14159		72
3		535		18878		77
4		530		23597		72
5		531		28317		80
6		527		33037		84
7		528		37756		87
8		522		42476		87
9		521		47196		85
10		524		51915		90
11		522		56635		87
12		519		61355		88
13		514		66075		89
14		510		70795		84
15		510		75514		81
16		522		80231		89
17		516		84950		90
18		521		89670		91
19		513		94390		88
20		506		99110		86
21		518		103830		95
22		516		108550		93
23		509		113269		96
24		512		117989		94
25		511		122709		94
26		497		127429		88
27		497		132149		88
28		496		136868		83
29		494		141587		89
30		495		146305		92
31		498		151025		90
32		499		155744		88
33		493		160462		89
34		493		165181		91
35		491		169899		95
36		490		174619		94
37		489		179339		92
38		487		184059		95
39		488		188778		92
40		491		193496		97
41		486		198215		90
42		489		202935		96
43		493		207655		93
44		485		212371		91
45		490		217091		98
46		483		221811		94
47		490		226531		97
48		485		231251		95
49		487		235969		97
50		486		240689		98
51		495		245408		100
52		486		250128		99
53		487		254848		104
54		484		259568		100
55		481		264288		97
56		489		269007		101
57		499		273727		107
58		485		278447		103
59		480		283166		100
60		478		287885		99
61		478		292605		101
62		479		297324		100
63		489		302044		104
64		485		306764		103
65		484		311484		102
66		485		316204		100
67		492		320922		105
68		494		325642		98
69		496		330362		100
70		490		335082		99
71		499		339802		102
72		493		344522		98
73		503		349241		108
74		499		353961		109
75		502		358680		113
76		501		363400		109
77		502		368119		112
78		499		372839		109
79		487		377559		111
80		483		382279		107
81		484		386998		108
82		488		391717		105
83		499		396436		109
84		493		401155		107
85		491		405873		107
86		496		410593		106
87		505		415313		111
88		503		420030		107
89		499		424749		109
90		500		429469		107
91		504		434189		111
92		497		438909		109
93		499		443629		109
94		492		448348		105
95		490		453068		105
96		491		457786		107
97		491		462505		107
98		490		467224		102
99		486		471943		107
100		488		476662		106
101		480		481380		105
102		484		486100		104
103		480		490820		107
104		474		495540		102
105		477		500260		104
106		476		504979		103
107		476		509699		105
108		477		514418		103
109		480		519138		103
110		486		523858		106
111		486		528576		108
112		487		533295		110
113		486		538015		112
114		490		542735		112
115		487		547455		115
116		488		552174		115
117		492		556893		115
118		486		561613		111
119		489		566333		115
120		485		571052		110
121		497		575771		113
122		491		580491		107
123		492		585210		107
124		509		589929		113
125		498		594648		110
126		497		599368		109
127		496		604088		115
128		497		608806		118
129		498		613526		120
130		502		618245		118
131		498		622965		116
132		494		627685		114
133		494		632404		113
134		494		637123		115
135		503		641843		116
136		496		646563		113
137		496		651283		110
138		503		656003		113
139		499		660723		115
140		500		665442		117
141		506		670162		118
142		489		674882		118
143		494		679601		118
144		490		684321		119
145		479		689040		118
146		474		693757		118
147		479		698476		113
148		476		703195		115
149		478		707915		119
150		481		712634		121
151		486		717354		118
152		481		722074		116
153		487		726794		116
154		489		731513		118
155		477		736233		115
156		477		740953		115
157		482		745672		112
158		478		750392		112
159		478		755112		116
160		484		759832		113
161		482		764552		118
162		476		769272		117
163		474		773991		115
164		471		778710		113
165		473		783430		113
166		464		788150		109
167		465		792870		112
168		475		797589		116
169		471		802308		116
170		476		807027		121
171		479		811746		118
172		476		816466		117
173		473		821186		115
174		477		825906		119
175		469		830626		116
176		472		835345		117
177		475		840065		119
178		471		844784		117
179		467		849503		118
180		469		854223		116
181		466		858943		114
182		467		863662		119
183		466		868381		112
184		470		873101		110
185		477		877819		117
186		471		882539		115
187		474		887259		117
188		471		891979		119
189		478		896699		126
190		471		901419		118
191		476		906138		117
192		474		910858		116
193		474		915578		120
194		481		920298		122
195		474		925018		120
196		477		929737		118
197		473		934457		117
198		482		939176		120
199		484		943896		122
200		485		948616		121
201		479		953336		116
202		481		958056		120
203		475		962776		121
204		479		967496		120
205		485		972216		119
206		485		976935		124
207		475		981655		122
208		474		986374		122
209		471		991094		120
210		469		995814		120
211		470		1000532		118
212		475		1005252		120
213		470		1009971		120
214		477		1014691		120
215		478		1019411		118
216		482		1024131		120
217		484		1028849		118
218		481		1033569		118
219		483		1038287		124
220		479		1043005		121
221		476		1047725		125
222		482		1052444		122
223		477		1057163		118
224		480		1061882		120
225		473		1066600		121
226		478		1071319		121
227		481		1076039		123
228		479		1080757		124
229		475		1085477		122
230		477		1090197		123
231		473		1094917		121
232		477		1099637		121
233		474		1104357		121
234		473		1109075		122
235		474		1113794		123
236		483		1118514		122
237		477		1123234		123
238		474		1127954		118
239		479		1132674		118
240		473		1137394		118
241		469		1142114		116
242		474		1146834		120
243		479		1151554		121
244		475		1156273		119
245		474		1160992		119
246		482		1165712		122
247		482		1170432		122
248		482		1175152		122
249		482		1179872		125
250		475		1184592		119
251		480		1189312		123
252		476		1194032		123
253		476		1198752		122
254		485		1203472		122
255		474		1208191		121
256		484		1212911		125
257		486		1217631		123
258		483		1222351		127
259		483		1227070		124
260		478		1231790		124
261		478		1236510		120
262		476		1241229		120
263		479		1245949		122
264		474		1250669		120
265		479		1255389		120
266		476		1260107		120
267		478		1264827		120
268		475		1269546		124
269		466		1274265		122
270		473		1278984		124
271		469		1283703		120
272		462		1288422		114
273		468		1293142		114
274		473		1297862		112
275		471		1302582		112
276		477		1307302		115
277		475		1312021		114
278		472		1316741		111
279		471		1321461		109
280		474		1326181		113
281		470		1330900		111
282		475		1335619		113
283		461		1340339		113
284		462		1345059		111
285		459		1349779		109
286		461		1354498		110
287		464		1359215		111
288		464		1363934		109
289		465		1368654		109
290		466		1373374		109
291		469		1378093		109
292		474		1382812		111
293		480		1387532		112
294		472		1392252		110
295		476		1396972		116
296		472		1401692		112
297		478		1406410		113
298		476		1411129		111
299		477		1415848		112
300		469		1420568		109
301		472		1425288		109
302		469		1430007		106
303		468		1434725		114
304		473		1439444		109
305		470		1444162		111
306		466		1448882		111
307		460		1453601		111
308		454		1458320		114
309		454		1463038		113
310		460		1467758		114
311		463		1472478		113
312		467		1477197		113
313		455		1481917		117
314		455		1486636		122
315		456		1491356		121
316		460		1496076		117
317		459		1500796		121
318		458		1505516		120
319		459		1510236		116
320		463		1514956		120
321		466		1519675		119
322		463		1524393		117
323		455		1529112		113
324		456		1533831		116
325		456		1538551		117
326		455		1543271		119
327		457		1547991		119
328		452		1552711		119
329		462		1557431		117
330		463		1562151		119
331		456		1566871		117
332		456		1571591		114
333		457		1576311		115
334		460		1581031		117
335		453		1585750		117
336		450		1590468		117
337		451		1595188		120
338		464		1599908		121
339		455		1604628		118
340		451		1609348		119
341		452		1614067		119
342		451		1618787		119
343		448		1623507		117
344		454		1628227		120
345		452		1632947		120
346		459		1637666		120
347		461		1642385		124
348		459		1647105		124
349		451		1651825		118
350		450		1656544		119
351		448		1661264		119
352		452		1665983		117
353		445		1670703		115
354		455		1675421		117
355		450		1680140		116
356		451		1684860		116
357		453		1689579		115
358		458		1694299		117
359		448		1699018		117
360		448		1703737		116
361		454		1708457		116
362		453		1713177		116
363		450		1717897		116
364		445		1722617		117
365		443		1727337		116
366		441		1732057		114
367		440		1736776		116
368		442		1741495		116
369		447		1746214		118
370		453		1750934		116
371		452		1755653		121
372		453		1760372		118
373		458		1765092		122
374		455		1769812		120
375		457		1774532		116
376		452		1779252		118
377		459		1783972		119
378		460		1788691		123
379		455		1793411		119
380		455		1798129		118
381		455		1802849		118
382		448		1807568		118
383		451		1812288		120
384		450		1817007		122
385		451		1821727		124
386		459		1826446		122
387		455		1831166		124
388		456		1835885		120
389		458		1840605		120
390		460		1845325		120
391		460		1850045		118
392		465		1854764		121
393		459		1859484		118
394		457		1864204		118
395		458		1868924		116
396		455		1873643		115
397		449		1878362		113
398		452		1883082		115
399		454		1887801		116
400		451		1892521		115
401		453		1897241		113
402		448		1901960		113
403		456		1906680		115
404		459		1911399		115
405		456		1916119		113
406		458		1920839		112
407		457		1925559		112
408		450		1930279		114
409		451		1934999		116
410		451		1939719		118
411		449		1944439		116
412		451		1949159		117
413		449		1953879		116
414		446		1958599		117
415		449		1963318		116
416		450		1968038		117
417		454		1972758		118
418		452		1977477		116
419		448		1982197		115
420		451		1986916		119
421		443		1991636		113
422		440		1996355		113
423		439		2001074		111
424		441		2005792		111
425		440		2010512		112
426		438		2015232		114
427		440		2019952		114
428		437		2024671		116
429		438		2029389		118
430		436		2034107		116
431		440		2038827		120
432		441		2043547		116
433		440		2048266		116
434		442		2052986		119
435		437		2057705		116
436		440		2062425		116
437		441		2067145		113
438		439		2071864		118
439		436		2076584		118
440		441		2081304		118
441		450		2086024		121
442		449		2090744		119
443		451		2095464		120
444		448		2100181		117
445		443		2104901		120
446		446		2109620		120
447		442		2114340		119
448		446		2119060		120
449		452		2123779		119
450		445		2128499		121
451		452		2133219		120
452		449		2137939		122
453		455		2142659		124
454		455		2147379		120
455		456		2152099		123
456		452		2156819		121
457		451		2161539		118
458		452		2166257		118
459		451		2170977		118
460		448		2175697		116
461		450		2180417		117
462		448		2185136		120
463		451		2189856		120
464		443		2194576		116
465		450		2199296		116
466		450		2204015		116
467		449		2208735		116
468		450		2213454		117
469		448		2218174		120
470		452		2222894		120
471		455		2227614		123
472		458		2232334		125
473		450		2237053		123
474		458		2241773		123
475		461		2246493		123
476		457		2251213		122
477		454		2255933		123
478		450		2260652		121
479		451		2265372		119
480		446		2270092		117
481		451		2274810		116
482		450		2279530		115
483		451		2284250		115
484		450		2288970		114
485		456		2293690		116
486		451		2298410		115
487		447		2303128		115
488		446		2307846		117
489		450		2312565		115
490		455		2317284		119
491		451		2322004		122
492		452		2326724		121
493		448		2331442		119
494		449		2336162		119
495		448		2340881		117
496		447		2345601		123
497		448		2350321		127
498		452		2355041		127
499		441		2359761		127
500		447		2364481		131
501		445		2369201		125
502		441		2373920		121
503		448		2378640		122
504		447		2383360		120
505		439		2388080		124
506		440		2392799		122
507		444		2397519		124
508		441		2402239		122
509		442		2406959		122
510		445		2411679		126
511		437		2416398		126
512		437		2421117		124
513		439		2425836		124
514		435		2430556		124
515		441		2435271		126
516		436		2439991		122
517		443		2444711		120
518		444		2449431		126
519		446		2454151		126
520		444		2458871		124
521		442		2463591		122
522		440		2468311		120
523		441		2473030		120
524		445		2477750		123
525		446		2482469		123
526		448		2487189		124
527		448		2491909		124
528		456		2496629		126
529		445		2501348		124
530		446		2506067		124
531		443		2510786		122
532		441		2515506		125
533		443		2520226		125
534		443		2524945		125
535		442		2529663		125
536		445		2534382		124
537		446		2539102		129
538		444		2543822		129
539		442		2548542		128
540		438		2553260		126
541		445		2557980		129
542		446		2562699		131
543		444		2567419		129
544		442		2572139		131
545		446		2576859		130
546		449		2581579		129
547		445		2586298		126
548		446		2591018		126
549		448		2595737		124
550		451		2600456		123
551		442		2605176		125
552		444		2609896		127
553		448		2614615		129
554		448		2619333		125
555		444		2624051		125
556		450		2628771		128
557		442		2633490		125
558		444		2638210		127
559		449		2642930		128
560		444		2647650		126
561		440		2652370		126
562		438		2657088		122
563		439		2661806		124
564		440		2666526		124
565		441		2671246		123
566		442		2675966		124
567		446		2680685		122
568		440		2685405		122
569		438		2690124		120
570		436		2694844		122
571		434		2699561		122
572		438		2704280		123
573		434		2709000		121
574		434		2713717		121
575		444		2718437		125
576		441		2723157		126
577		441		2727876		128
578		441		2732595		128
579		434		2737314		126
580		443		2742034		129
581		444		2746754		125
582		434		2751474		126
583		434		2756194		128
584		445		2760912		129
585		440		2765632		125
586		441		2770352		131
587		443		2775070		125
588		443		2779789		126
589		444		2784508		126
590		435		2789228		124
591		437		2793947		122
592		440		2798667		124
593		434		2803386		124
594		436		2808106		126
595		437		2812826		125
596		438		2817546		125
597		436		2822266		125
598		446		2826985		128
599		440		2831704		126
600		440		2836424		125
601		442		2841141		127
602		443		2845860		129
603		446		2850579		129
604		444		2855299		128
605		443		2860019		128
606		439		2864738		128
607		440		2869458		126
608		442		2874177		127
609		442		2878896		129
610		445		2883615		129
611		445		2888335		129
612		450		2893055		131
613		440		2897775		126
614		441		2902494		127
615		438		2907213		127
616		441		2911933		127
617		444		2916653		129
618		442		2921372		127
619		442		2926091		128
620		449		2930811		131
621		449		2935530		128
622		452		2940249		129
623		445		2944969		124
624		446		2949687		126
625		445		2954406		126
626		439		2959126		124
627		434		2963846		121
628		430		2968566		121
629		430		2973285		121
630		432		2978004		121
631		433		2982724		120
632		428		2987444		118
633		436		2992164		120
634		438		2996883		120
635		442		3001602		123
636		441		3006321		123
637		437		3011040		119
638		439		3015759		120
639		442		3020478		122
640		441		3025198		124
641		438		3029918		120
642		438		3034637		121
643		441		3039356		120
644		447		3044076		122
645		439		3048796		120
646		442		3053515		122
647		442		3058235		122
648		442		3062955		120
649		437		3067674		118
650		438		3072394		118
651		440		3077114		119
652		438		3081834		123
653		438		3086554		122
654		445		3091273		122
655		442		3095992		122
656		439		3100712		122
657		440		3105432		121
658		441		3110151		125
659		440		3114871		124
660		442		3119591		124
661		438		3124311		128
662		442		3129030		128
663		442		3133750		127
664		443		3138469		125
665		448		3143188		127
666		448		3147908		129
667		449		3152627		131
668		444		3157347		131
669		443		3162067		128
670		444		3166786		131
671		444		3171505		133
672		439		3176224		128
673		442		3180944		129
674		438		3185664		129
675		434		3190384		129
676		438		3195104		130
677		440		3199824		130
678		441		3204543		132
679		441		3209263		128
680		441		3213981		136
681		441		3218701		136
682		445		3223421		138
683		438		3228141		134
684		435		3232860		133
685		438		3237579		135
686		443		3242299		135
687		436		3247018		129
688		438		3251737		130
689		431		3256455		130
690		430		3261174		131
691		427		3265894		132
692		434		3270612		130
693		434		3275332		132
694		431		3280052		131
695		431		3284772		128
696		426		3289491		128
697		424		3294211		128
698		428		3298929		130
699		426		3303649		125
700		427		3308369		127
701		420		3313089		127
702		422		3317809		126
703		420		3322529		125
704		424		3327247		125
705		431		3331966		125
706		431		3336685		128
707		432		3341405		128
708		430		3346125		128
709		429		3350844		132
710		431		3355563		132
711		429		3360282		132
712		429		3365001		130
713		429		3369720		130
714		425		3374439		130
715		434		3379159		134
716		431		3383877		136
717		430		3388596		132
718		426		3393315		130
719		430		3398035		130
720		427		3402755		134
721		434		3407475		134
722		435		3412195		136
723		433		3416915		135
724		434		3421634		134
725		431		3426354		134
726		427		3431074		133
727		425		3435792		133
728		432		3440511		132
729		434		3445231		132
730		434		3449949		134
731		437		3454668		134
732		426		3459387		132
733		432		3464106		133
734		430		3468825		133
735		428		3473545		135
736		428		3478265		132
737		430		3482984		133
738		428		3487704		131
739		426		3492424		132
740		427		3497144		132
741		427		3501863		133
742		429		3506582		133
743		430		3511302		135
744		423		3516021		130
745		423		3520741		129
746		426		3525459		126
747		427		3530179		129
748		421		3534898		127
749		418		3539617		127
750		423		3544336		129
751		422		3549055		129
752		421		3553774		129
753		421		3558494		129
754		426		3563213		131
755		425		3567931		131
756		423		3572651		129
757		423		3577370		127
758		427		3582089		131
759		425		3586809		135
760		431		3591528		133
761		434		3596247		136
762		432		3600967		138
763		436		3605687		136
764		432		3610407		138
765		434		3615127		136
766		432		3619847		136
767		432		3624566		136
768		433		3629286		134
769		435		3634006		136
770		438		3638726		136
771		441		3643446		137
772		437		3648164		138
773		442		3652881		136
774		441		3657599		136
775		434		3662318		132
776		440		3667038		134
777		432		3671758		132
778		435		3676478		132
779		438		3681197		131
780		433		3685917		134
781		432		3690636		132
782		430		3695355		131
783		429		3700075		132
784		430		3704793		134
785		432		3709512		134
786		431		3714231		132
787		437		3718950		131
788		441		3723670		134
789		433		3728390		135
790		433		3733108		132
791		430		3737827		132
792		431		3742547		132
793		435		3747266		132
794		429		3751986		133
795		432		3756706		132
796		433		3761426		138
797		437		3766146		140
798		432		3770864		138
799		436		3775583		136
800		439		3780303		134
801		441		3785022		137
802		434		3789741		135
803		438		3794461		135
804		434		3799181		132
805		429		3803901		133
806		434		3808621		137
807		426		3813341		133
808		430		3818061		135
809		433		3822781		135
810		429		3827498		133
811		430		3832217		134
812		429		3836936		135
813		429		3841655		134
814		426		3846374		128
815		430		3851094		134
816		427		3855814		133
817		426		3860534		133
818		427		3865254		133
819		429		3869974		131
820		425		3874694		133
821		424		3879414		133
822		432		3884134		135
823		433		3888854		134
824		426		3893574		134
825		431		3898293		138
826		426		3903012		137
827		428		3907732		136
828		434		3912452		138
829		433		3917172		138
830		436		3921891		136
831		429		3926609		137
832		430		3931329		136
833		432		3936048		137
834		427		3940767		137
835		424		3945485		137
836		422		3950204		136
837		426		3954923		138
838		426		3959643		134
839		425		3964362		134
840		425		3969082		132
841		429		3973802		132
842		430		3978519		132
843		426		3983238		136
844		419		3987957		132
845		416		3992677		132
846		416		3997397		132
847		417		4002117		129
848		425		4006837		128
849		422		4011556		132
850		420		4016276		128
851		422		4020996		126
852		421		4025716		130
853		428		4030436		130
854		426		4035156		130
855		423		4039876		128
856		427		4044595		126
857		428		4049315		128
858		433		4054035		128
859		431		4058755		129
860		429		4063474		128
861		428		4068194		126
862		426		4072914		126
863		431		4077634		128
864		430		4082354		130
865		432		4087074		129
866		427		4091794		126
867		428		4096514		124
868		433		4101234		131
869		434		4105953		125
870		428		4110672		128
871		433		4115392		131
872		431		4120112		132
873		429		4124832		128
874		427		4129552		130
875		423		4134272		132
876		423		4138991		128
877		424		4143710		129
878		423		4148430		129
879		418		4153150		127
880		424		4157870		131
881		418		4162590		129
882		414		4167310		127
883		414		4172030		129
884		417		4176749		123
885		416		4181469		129
886		411		4186189		129
887		415		4190909		127
888		415		4195629		127
889		411		4200349		125
890		412		4205069		123
891		416		4209789		129
892		413		4214508		125
893		418		4219227		123
894		413		4223947		121
895		417		4228667		127
896		414		4233386		127
897		411		4238105		125
898		417		4242824		123
899		417		4247544		123
900		414		4252263		125
901		418		4256982		121
902		410		4261702		121
903		410		4266421		121
904		409		4271141		119
905		406		4275861		121
906		412		4280581		125
907		408		4285301		123
908		406		4290021		121
909		412		4294741		125
910		411		4299460		125
911		413		4304180		125
912		413		4308899		124
913		421		4313619		126
914		420		4318339		128
915		422		4323059		133
916		421		4327779		131
917		414		4332499		128
918		413		4337219		126
919		412		4341939		124
920		413		4346659		124
921		410		4351379		124
922		412		4356099		124
923		410		4360819		124
924		417		4365539		127
925		420		4370259		121
926		419		4374979		123
927		421		4379699		123
928		427		4384419		130
929		422		4389139		124
930		416		4393859		126
931		417		4398579		130
932		421		4403299		132
933		418		4408018		131
934		421		4412738		131
935		426		4417458		134
936		415		4422178		132
937		415		4426897		128
938		413		4431617		126
939		410		4436337		128
940		415		4441057		126
941		412		4445777		126
942		414		4450497		128
943		411		4455217		128
944		417		4459937		130
945		418		4464656		132
946		418		4469376		134
947		414		4474095		132
948		418		4478815		126
949		410		4483535		128
950		414		4488255		128
951		410		4492975		126
952		408		4497694		126
953		412		4502414		128
954		410		4507134		126
955		413		4511854		128
956		415		4516574		126
957		411		4521294		126
958		410		4526014		126
959		410		4530734		126
960		409		4535454		128
961		410		4540173		128
962		414		4544893		129
963		419		4549613		129
964		423		4554333		129
965		420		4559053		129
966		415		4563773		127
967		411		4568493		127
968		415		4573213		127
969		417		4577933		127
970		415		4582653		123
971		425		4587373		127
972		418		4592092		125
973		417		4596812		125
974		419		4601532		127
975		417		4606251		125
976		415		4610971		125
977		415		4615689		127
978		419		4620407		127
979		417		4625127		125
980		419		4629847		125
981		413		4634567		129
982		413		4639287		129
983		418		4644007		129
984		420		4648727		129
985		419		4653447		133
986		423		4658166		133
987		420		4662885		133
988		423		4667604		134
989		418		4672324		133
990		414		4677041		131
991		416		4681761		129
992		415		4686481		131
993		415		4691201		130
994		412		4695921		132
995		413		4700641		131
996		419		4705360		133
997		421		4710078		135
998		419		4714798		129
999		418		4719518		130
1000		417		4724238		130
1001		421		4728958		126
1002		426		4733677		132
1003		424		4738397		130
1004		421		4743116		130
1005		419		4747835		130
1006		420		4752553		128
1007		417		4757273		128
1008		418		4761993		128
1009		421		4766713		129
1010		426		4771433		123
1011		416		4776153		124
1012		416		4780873		124
1013		417		4785593		124
1014		419		4790313		126
1015		416		4795033		124
1016		416		4799753		126
1017		413		4804471		123
1018		426		4809191		125
1019		423		4813910		126
1020		428		4818629		130
1021		424		4823349		125
1022		424		4828067		129
1023		420		4832787		130
1024		422		4837506		130
1025		424		4842226		132
1026		421		4846946		130
1027		421		4851666		130
1028		422		4856386		130
1029		417		4861106		130
1030		411		4865825		127
1031		414		4870545		127
1032		411		4875265		127
1033		418		4879985		129
1034		418		4884705		129
1035		419		4889424		129
1036		416		4894144		129
1037		418		4898864		131
1038		417		4903584		129
1039		417		4908304		128
1040		416		4913023		131
1041		421		4917743		130
1042		422		4922463		126
1043		421		4927182		126
1044		419		4931902		129
1045		417		4936622		128
1046		420		4941342		128
1047		419		4946062		130
1048		416		4950782		133
1049		418		4955501		135
1050		422		4960220		138
1051		415		4964939		135
1052		419		4969659		134
1053		414		4974378		133
1054		416		4979098		132
1055		418		4983818		135
1056		417		4988538		135
1057		414		4993258		136
1058		413		4997977		136
1059		416		5002695		137
1060		417		5007414		135
1061		414		5012133		133
1062		413		5016853		131
1063		414		5021573		135
1064		414		5026293		132
1065		414		5031013		132
1066		412		5035733		131
1067		413		5040453		131
1068		413		5045173		132
1069		413		5049892		131
1070		415		5054611		131
1071		414		5059329		130
1072		417		5064049		134
1073		415		5068769		135
1074		413		5073487		133
1075		416		5078207		133
1076		413		5082927		133
1077		411		5087647		133
1078		418		5092367		134
1079		415		5097087		134
1080		411		5101807		132
1081		412		5106527		132
1082		411		5111245		130
1083		414		5115965		130
1084		418		5120685		131
1085		420		5125404		132
1086		418		5130123		133
1087		422		5134843		135
1088		422		5139562		137
1089		418		5144281		133
1090		418		5149001		136
1091		417		5153720		134
1092		422		5158440		136
1093		419		5163160		132
1094		419		5167879		136
1095		419		5172599		136
1096		418		5177319		137
1097		423		5182039		138
1098		419		5186759		137
1099		418		5191479		137
1100		420		5196199		137
1101		411		5200918		133
1102		412		5205638		132
1103		413		5210358		132
1104		414		5215078		134
1105		408		5219798		137
1106		422		5224517		140
1107		421		5229237		136
1108		417		5233957		139
1109		415		5238677		139
1110		416		5243397		139
1111		420		5248117		141
1112		421		5252837		139
1113		418		5257557		142
1114		415		5262277		139
1115		416		5266997		142
1116		417		5271717		143
1117		418		5276437		142
1118		414		5281157		142
1119		417		5285877		142
1120		424		5290595		147
1121		423		5295314		142
1122		423		5300034		141
1123		427		5304754		138
1124		419		5309474		138
1125		424		5314193		141
1126		422		5318913		141
1127		422		5323632		138
1128		420		5328352		138
1129		416		5333070		140
1130		416		5337789		142
1131		416		5342509		142
1132		415		5347228		142
1133		415		5351948		141
1134		419		5356668		144
1135		416		5361388		141
1136		427		5366108		145
1137		423		5370828		145
1138		424		5375548		141
1139		420		5380267		141
1140		422		5384987		143
1141		423		5389706		145
1142		425		5394426		145
1143		427		5399146		146
1144		419		5403866		145
1145		419		5408585		145
1146		417		5413304		145
1147		423		5418024		146
1148		421		5422744		145
1149		414		5427463		140
1150		414		5432182		140
1151		418		5436902		139
1152		413		5441622		140
1153		415		5446340		140
1154		413		5451060		142
1155		414		5455779		140
1156		410		5460498		140
1157		408		5465217		140
1158		409		5469936		140
1159		410		5474655		141
1160		412		5479375		141
1161		409		5484095		142
1162		407		5488815		143
1163		403		5493535		141
1164		404		5498255		140
1165		406		5502975		142
1166		402		5507695		140
1167		405		5512414		141
1168		408		5517134		143
1169		407		5521854		140
1170		408		5526574		142
1171		406		5531294		140
1172		411		5536013		141
1173		407		5540731		139
1174		405		5545451		139
1175		407		5550170		139
1176		404		5554889		139
1177		406		5559607		139
1178		408		5564326		141
1179		414		5569045		141
1180		408		5573765		141
1181		408		5578485		139
1182		406		5583205		139
1183		408		5587925		138
1184		406		5592644		138
1185		404		5597362		139
1186		406		5602082		140
1187		412		5606802		141
1188		408		5611521		138
1189		409		5616240		139
1190		413		5620960		136
1191		411		5625680		136
1192		408		5630400		138
1193		409		5635120		138
1194		407		5639840		141
1195		409		5644560		140
1196		407		5649279		140
1197		405		5653999		138
1198		406		5658718		138
1199		408		5663438		140
1200		410		5668156		140
1201		407		5672876		142
1202		406		5677595		145
1203		408		5682315		145
1204		411		5687033		146
1205		415		5691753		145
1206		420		5696472		142
1207		408		5701192		143
1208		417		5705911		145
1209		413		5710630		143
1210		413		5715350		143
1211		409		5720070		147
1212		413		5724788		143
1213		413		5729508		145
1214		412		5734226		146
1215		407		5738946		143
1216		409		5743666		145
1217		409		5748384		145
1218		406		5753103		147
1219		405		5757822		145
1220		405		5762540		145
1221		403		5767259		143
1222		405		5771978		145
1223		404		5776698		142
1224		408		5781416		142
1225		406		5786134		140
1226		404		5790854		138
1227		404		5795574		138
1228		404		5800293		138
1229		406		5805012		142
1230		410		5809730		145
1231		408		5814450		145
1232		410		5819169		143
1233		407		5823888		141
1234		409		5828608		143
1235		408		5833328		143
1236		407		5838047		141
1237		411		5842767		143
1238		414		5847487		142
1239		413		5852206		145
1240		411		5856926		145
1241		408		5861646		143
1242		410		5866366		143
1243		413		5871086		145
1244		409		5875806		143
1245		407		5880524		143
1246		409		5885243		141
1247		409		5889962		145
1248		404		5894682		143
1249		410		5899402		145
1250		406		5904122		143
1251		404		5908842		141
1252		405		5913562		141
1253		406		5918282		143
1254		404		5923002		141
1255		406		5927721		141
1256		412		5932441		141
1257		409		5937161		138
1258		402		5941881		141
1259		404		5946600		141
1260		403		5951320		140
1261		407		5956040		140
1262		409		5960759		139
1263		401		5965479		135
1264		403		5970197		136
1265		402		5974916		135
1266		403		5979635		136
1267		404		5984354		135
1268		407		5989072		137
1269		406		5993790		138
1270		406		5998509		137
1271		404		6003229		136
1272		402		6007949		136
1273		408		6012669		142
1274		411		6017387		141
1275		418		6022107		141
1276		405		6026827		139
1277		407		6031547		140
1278		405		6036266		140
1279		406		6040986		140
1280		407		6045705		142
1281		404		6050424		139
1282		402		6055143		137
1283		405		6059863		141
1284		407		6064583		139
1285		407		6069301		138
1286		408		6074020		140
1287		408		6078739		139
1288		408		6083458		139
1289		411		6088178		140
1290		406		6092898		138
1291		410		6097618		138
1292		414		6102338		138
1293		410		6107057		136
1294		412		6111775		136
1295		413		6116494		138
1296		409		6121213		139
1297		407		6125933		137
1298		405		6130652		137
1299		404		6135371		138
1300		405		6140089		137
1301		405		6144809		137
1302		406		6149528		137
1303		409		6154247		135
1304		408		6158967		136
1305		407		6163687		136
1306		406		6168406		138
1307		407		6173126		138
1308		409		6177846		140
1309		408		6182566		136
1310		406		6187286		138
1311		401		6192006		138
1312		406		6196725		140
1313		407		6201444		138
1314		405		6206164		138
1315		409		6210882		140
1316		409		6215602		140
1317		409		6220322		142
1318		407		6225042		144
1319		409		6229762		142
1320		403		6234480		140
1321		403		6239199		140
1322		404		6243919		140
1323		405		6248638		138
1324		403		6253358		138
1325		402		6258076		138
1326		406		6262795		142
1327		401		6267515		138
1328		405		6272233		140
1329		404		6276953		138
1330		406		6281673		138
1331		402		6286391		138
1332		401		6291111		138
1333		400		6295831		138
1334		401		6300550		140
1335		400		6305270		138
1336		400		6309990		140
1337		400		6314709		138
1338		403		6319429		138
1339		401		6324147		138
1340		405		6328867		138
1341		399		6333585		136
1342		403		6338305		136
1343		401		6343024		136
1344		405		6347744		138
1345		400		6352464		136
1346		401		6357184		138
1347		409		6361904		138
1348		401		6366623		134
1349		403		6371342		136
1350		402		6376060		137
1351		401		6380780		137
1352		405		6385498		137
1353		405		6390218		136
1354		403		6394938		136
1355		406		6399656		138
1356		407		6404376		138
1357		403		6409095		136
1358		404		6413815		136
1359		409		6418535		136
1360		407		6423253		134
1361		403		6427972		134
1362		405		6432692		136
1363		405		6437412		134
1364		404		6442132		134
1365		407		6446852		136
1366		405		6451572		136
1367		411		6456292		138
1368		410		6461009		136
1369		408		6465729		137
1370		413		6470448		140
1371		409		6475167		136
1372		407		6479887		136
1373		411		6484607		136
1374		406		6489327		136
1375		412		6494047		138
1376		413		6498767		136
1377		403		6503486		136
1378		402		6508205		136
1379		406		6512925		136
1380		403		6517644		136
1381		407		6522364		136
1382		408		6527083		136
1383		404		6531803		134
1384		408		6536523		136
1385		402		6541242		136
1386		403		6545961		136
1387		406		6550680		136
1388		401		6555400		136
1389		403		6560120		136
1390		401		6564840		136
1391		404		6569560		134
1392		405		6574280		134
1393		403		6579000		134
1394		403		6583720		134
1395		408		6588440		136
1396		402		6593160		134
1397		402		6597878		134
1398		405		6602596		135
1399		402		6607315		135
1400		402		6612035		135
1401		406		6616755		137
1402		410		6621475		139
1403		410		6626194		141
1404		414		6630914		143
1405		414		6635634		143
1406		414		6640354		143
1407		415		6645074		143
1408		414		6649793		145
1409		419		6654511		147
1410		414		6659231		147
1411		415		6663951		145
1412		414		6668671		145
1413		418		6673391		145
1414		411		6678110		143
1415		414		6682830		141
1416		413		6687550		145
1417		410		6692270		141
1418		409		6696989		141
1419		416		6701708		140
1420		413		6706427		138
1421		413		6711146		136
1422		410		6715864		137
1423		408		6720584		136
1424		409		6725304		138
1425		414		6730024		139
1426		409		6734744		139
1427		410		6739463		139
1428		415		6744183		139
1429		420		6748903		140
1430		415		6753622		137
1431		419		6758341		139
1432		418		6763061		138
1433		414		6767780		140
1434		414		6772499		140
1435		415		6777219		142
1436		417		6781938		142
1437		416		6786658		140
1438		416		6791378		144
1439		417		6796097		142
1440		412		6800817		140
1441		416		6805537		141
1442		416		6810256		140
1443		418		6814976		140
1444		415		6819695		140
1445		413		6824414		138
1446		414		6829133		136
1447		419		6833853		140
1448		418		6838573		143
1449		418		6843293		139
1450		415		6848010		138
1451		416		6852730		141
1452		412		6857450		139
1453		411		6862170		139
1454		413		6866890		142
1455		414		6871610		140
1456		411		6876330		142
1457		417		6881050		140
1458		413		6885770		144
1459		414		6890490		140
1460		415		6895210		140
1461		419		6899930		142
1462		413		6904648		140
1463		418		6909368		140
1464		413		6914088		142
1465		410		6918808		140
1466		414		6923527		142
1467		413		6928244		141
1468		415		6932963		141
1469		418		6937682		143
1470		414		6942402		140
1471		410		6947122		138
1472		414		6951841		140
1473		410		6956561		138
1474		409		6961280		139
1475		410		6966000		140
1476		418		6970719		144
1477		411		6975439		140
1478		415		6980157		146
1479		413		6984876		144
1480		412		6989594		141
1481		410		6994314		141
1482		412		6999032		142
1483		412		7003752		138
1484		415		7008470		140
1485		412		7013189		137
1486		416		7017908		136
1487		417		7022628		136
1488		407		7027348		135
1489		411		7032068		141
1490		413		7036787		138
1491		412		7041507		139
1492		416		7046227		143
1493		418		7050946		140
1494		415		7055666		141
1495		416		7060385		143
1496		409		7065105		140
1497		408		7069825		140
1498		409		7074542		138
1499		407		7079261		138
1500		408		7083980		140
1501		410		7088697		140
1502		413		7093416		139
1503		411		7098134		139
1504		413		7102853		144
1505		418		7107572		145
1506		420		7112292		145
1507		417		7117011		143
1508		418		7121731		142
1509		418		7126450		142
1510		420		7131170		145
1511		416		7135890		145
1512		417		7140609		143
1513		413		7145329		143
1514		413		7150048		143
1515		413		7154768		145
1516		417		7159487		147
1517		416		7164207		146
1518		411		7168927		143
1519		412		7173647		143
1520		414		7178367		141
1521		414		7183087		141
1522		411		7187805		141
1523		412		7192525		139
1524		410		7197245		137
1525		412		7201964		139
1526		405		7206683		140
1527		407		7211402		140
1528		411		7216121		141
1529		409		7220841		141
1530		407		7225561		139
1531		403		7230281		138
1532		405		7235001		138
1533		405		7239721		138
1534		407		7244441		140
1535		408		7249161		143
1536		414		7253879		141
1537		409		7258599		141
1538		410		7263319		140
1539		408		7268039		140
1540		413		7272759		141
1541		408		7277479		138
1542		409		7282199		140
1543		405		7286919		138
1544		405		7291639		138
1545		405		7296358		138
1546		409		7301078		138
1547		405		7305798		138
1548		407		7310518		142
1549		407		7315238		142
1550		408		7319957		142
1551		412		7324675		142
1552		410		7329394		142
1553		411		7334113		142
1554		410		7338833		142
1555		408		7343552		142
1556		411		7348272		142
1557		411		7352991		142
1558		407		7357710		142
1559		409		7362428		142
1560		410		7367148		142
1561		407		7371868		142
1562		406		7376587		142
1563		408		7381307		140
1564		410		7386027		140
1565		412		7390747		140
1566		406		7395467		140
1567		406		7400186		140
1568		402		7404905		138
1569		407		7409624		140
1570		410		7414344		140
1571		409		7419063		140
1572		407		7423783		140
1573		407		7428503		140
1574		407		7433223		140
1575		408		7437943		142
1576		412		7442663		142
1577		409		7447383		142
1578		413		7452103		144
1579		418		7456823		144
1580		412		7461543		144
1581		413		7466262		146
1582		413		7470981		144
1583		414		7475701		148
1584		415		7480421		148
1585		411		7485140		149
1586		409		7489858		148
1587		408		7494578		148
1588		406		7499297		146
1589		407		7504016		142
1590		405		7508735		142
1591		404		7513453		142
1592		408		7518172		144
1593		407		7522892		144
1594		405		7527612		144
1595		408		7532330		145
1596		410		7537050		147
1597		408		7541768		145
1598		410		7546486		145
1599		410		7551206		149
1600		409		7555926		145
1601		405		7560645		145
1602		409		7565365		145
1603		418		7570084		149
1604		408		7574804		145
1605		411		7579522		151
1606		413		7584242		145
1607		408		7588962		147
1608		406		7593682		145
1609		403		7598402		143
1610		407		7603122		145
1611		407		7607842		143
1612		404		7612562		143
1613		409		7617280		145
1614		406		7621999		144
1615		407		7626718		142
1616		405		7631436		142
1617		405		7636156		142
1618		406		7640875		144
1619		404		7645594		142
1620		404		7650314		142
1621		402		7655034		142
1622		408		7659754		145
1623		408		7664474		146
1624		408		7669194		144
1625		414		7673914		147
1626		414		7678634		147
1627		411		7683354		147
1628		412		7688074		146
1629		413		7692793		148
1630		416		7697513		148
1631		414		7702233		149
1632		413		7706953		149
1633		416		7711672		150
1634		418		7716392		150
1635		417		7721112		150
1636		418		7725830		148
1637		417		7730550		150
1638		416		7735270		150
1639		419		7739990		152
1640		419		7744710		152
1641		419		7749430		153
1642		420		7754150		153
1643		420		7758868		153
1644		421		7763588		154
1645		421		7768307		150
1646		419		7773027		150
1647		421		7777747		152
1648		421		7782466		150
1649		422		7787186		149
1650		429		7791905		150
1651		422		7796625		148
1652		414		7801345		145
1653		415		7806065		145
1654		410		7810784		143
1655		414		7815504		145
1656		411		7820222		143
1657		411		7824942		143
1658		411		7829662		144
1659		411		7834382		144
1660		413		7839102		146
1661		414		7843822		145
1662		409		7848542		143
1663		406		7853262		142
1664		408		7857982		143
1665		408		7862702		142
1666		406		7867421		141
1667		402		7872140		141
1668		409		7876860		142
1669		407		7881579		142
1670		406		7886299		143
1671		406		7891019		143
1672		417		7895739		147
1673		416		7900459		145
1674		409		7905178		144
1675		410		7909898		144
1676		413		7914617		144
1677		417		7919337		144
1678		413		7924056		144
1679		408		7928776		142
1680		410		7933495		144
1681		410		7938215		146
1682		410		7942935		145
1683		416		7947654		148
1684		416		7952374		148
1685		417		7957093		147
1686		410		7961813		145
1687		410		7966533		147
1688		408		7971253		145
1689		410		7975973		143
1690		418		7980693		143
1691		412		7985413		143
1692		410		7990133		143
1693		405		7994853		141
1694		399		7999573		139
1695		403		8004291		143
1696		405		8009011		145
1697		408		8013731		141
1698		404		8018451		142
1699		397		8023170		142
1700		401		8027890		144
1701		399		8032610		140
1702		399		8037329		140
1703		405		8042049		144
1704		406		8046769		142
1705		403		8051488		146
1706		402		8056208		143
1707		403		8060927		142
1708		406		8065647		146
1709		408		8070366		146
1710		411		8075086		144
1711		407		8079806		144
1712		405		8084526		144
1713		405		8089246		145
1714		404		8093966		145
1715		409		8098686		144
1716		413		8103405		144
1717		416		8108125		145
1718		412		8112845		144
1719		415		8117565		145
1720		419		8122285		146
1721		421		8127005		148
1722		420		8131725		144
1723		416		8136445		144
1724		421		8141165		146
1725		408		8145885		143
1726		407		8150604		143
1727		408		8155322		144
1728		401		8160042		140
1729		400		8164762		141
1730		399		8169482		141
1731		400		8174202		141
1732		404		8178921		143
1733		401		8183641		143
1734		404		8188361		145
1735		406		8193081		143
1736		403		8197801		145
1737		404		8202521		145
1738		400		8207241		143
1739		402		8211961		144
1740		403		8216681		141
1741		402		8221401		141
1742		406		8226121		140
1743		415		8230841		142
1744		410		8235561		143
1745		407		8240280		145
1746		407		8245000		143
1747		404		8249720		144
1748		403		8254440		142
1749		404		8259160		144
1750		403		8263879		142
1751		404		8268599		144
1752		406		8273319		142
1753		403		8278039		143
1754		399		8282759		139
1755		402		8287479		143
1756		402		8292198		141
1757		401		8296918		141
1758		402		8301638		142
1759		399		8306358		142
1760		398		8311077		140
1761		397		8315796		140
1762		396		8320516		138
1763		399		8325236		137
1764		394		8329956		140
1765		394		8334676		138
1766		394		8339396		138
1767		391		8344114		138
1768		395		8348834		140
1769		394		8353553		139
1770		395		8358273		143
1771		394		8362992		144
1772		398		8367712		139
1773		391		8372432		140
1774		395		8377152		140
1775		393		8381872		140
1776		391		8386591		140
1777		394		8391310		142
1778		392		8396030		142
1779		397		8400749		145
1780		398		8405469		143
1781		394		8410189		140
1782		392		8414908		138
1783		392		8419628		138
1784		402		8424348		143
1785		399		8429068		142
1786		401		8433788		141
1787		402		8438508		140
1788		401		8443228		142
1789		407		8447948		148
1790		400		8452668		148
1791		402		8457388		148
1792		402		8462108		144
1793		402		8466828		144
1794		400		8471548		144
1795		403		8476267		144
1796		403		8480987		140
1797		399		8485707		140
1798		394		8490427		138
1799		399		8495147		140
1800		399		8499867		140
1801		402		8504587		140
1802		399		8509307		138
1803		397		8514027		138
1804		402		8518747		140
1805		403		8523466		143
1806		397		8528185		140
1807		399		8532905		140
1808		395		8537624		140
1809		398		8542344		142
1810		399		8547064		146
1811		403		8551784		144
1812		404		8556503		146
1813		403		8561223		148
1814		401		8565943		147
1815		403		8570662		147
1816		403		8575382		147
1817		401		8580101		147
1818		405		8584819		148
1819		403		8589539		151
1820		404		8594258		150
1821		411		8598978		146
1822		405		8603698		145
1823		406		8608418		146
1824		408		8613137		146
1825		406		8617857		147
1826		405		8622576		143
1827		402		8627296		143
1828		403		8632015		142
1829		406		8636735		144
1830		404		8641454		141
1831		405		8646173		144
1832		399		8650892		144
1833		400		8655612		144
1834		400		8660332		145
1835		398		8665051		145
1836		400		8669771		143
1837		394		8674491		142
1838		395		8679210		143
1839		394		8683930		143
1840		392		8688650		143
1841		393		8693370		145
1842		399		8698090		143
1843		398		8702808		143
1844		396		8707528		145
1845		401		8712247		147
1846		394		8716966		141
1847		395		8721686		141
1848		392		8726405		141
1849		394		8731124		143
1850		395		8735843		144
1851		401		8740563		144
1852		397		8745283		143
1853		401		8750003		143
1854		400		8754722		145
1855		402		8759441		143
1856		403		8764161		143
1857		407		8768881		143
1858		403		8773601		143
1859		406		8778321		146
1860		402		8783041		146
1861		407		8787761		143
1862		409		8792481		144
1863		403		8797199		142
1864		404		8801918		140
1865		402		8806638		140
1866		400		8811358		142
1867		401		8816078		142
1868		400		8820797		142
1869		402		8825517		142
1870		402		8830237		142
1871		403		8834957		142
1872		403		8839677		146
1873		405		8844396		144
1874		403		8849116		145
1875		407		8853836		143
1876		403		8858556		142
1877		406		8863276		144
1878		404		8867996		148
1879		403		8872715		144
1880		406		8877434		146
1881		406		8882153		144
1882		404		8886873		142
1883		402		8891593		144
1884		404		8896313		146
1885		411		8901032		145
1886		408		8905752		140
1887		402		8910471		138
1888		403		8915191		139
1889		400		8919911		139
1890		408		8924631		139
1891		402		8929351		138
1892		410		8934071		141
1893		409		8938790		142
1894		406		8943510		142
1895		406		8948230		141
1896		409		8952950		143
1897		413		8957670		143
1898		406		8962390		143
1899		403		8967108		143
1900		408		8971828		147
1901		402		8976548		143
1902		405		8981268		143
1903		405		8985988		142
1904		408		8990708		144
1905		410		8995428		145
1906		404		9000148		147
1907		404		9004868		147
1908		407		9009588		146
1909		403		9014308		145
1910		401		9019028		144
1911		400		9023748		144
1912		402		9028468		145
1913		402		9033188		142
1914		405		9037908		143
1915		399		9042627		145
1916		402		9047346		145
1917		399		9052066		144
1918		397		9056786		144
1919		401		9061505		144
1920		401		9066225		144
1921		403		9070945		143
1922		407		9075664		141
1923		403		9080384		141
1924		407		9085103		143
1925		408		9089823		144
1926		409		9094543		143
1927		404		9099261		143
1928		404		9103981		142
1929		408		9108701		140
1930		408		9113421		144
1931		400		9118141		142
1932		406		9122860		141
1933		408		9127580		141
1934		406		9132300		141
1935		411		9137020		144
1936		412		9141739		142
1937		410		9146459		143
1938		406		9151178		143
1939		414		9155898		145
1940		414		9160618		145
1941		413		9165337		145
1942		407		9170057		145
1943		409		9174777		145
1944		414		9179496		145
1945		406		9184216		148
1946		404		9188936		147
1947		406		9193655		147
1948		408		9198373		148
1949		407		9203093		146
1950		404		9207813		148
1951		409		9212531		144
1952		406		9217251		147
1953		401		9221970		144
1954		403		9226690		146
1955		401		9231409		146
1956		403		9236129		145
1957		402		9240849		145
1958		404		9245569		144
1959		404		9250289		144
1960		403		9255009		145
1961		405		9259729		145
1962		405		9264449		147
1963		406		9269168		146
1964		401		9273888		144
1965		407		9278608		148
1966		401		9283327		142
1967		403		9288047		144
1968		403		9292766		143
1969		401		9297485		144
1970		399		9302205		144
1971		402		9306924		146
1972		403		9311644		148
1973		397		9316364		144
1974		399		9321083		142
1975		399		9325803		143
1976		403		9330522		144
1977		397		9335242		142
1978		395		9339961		140
1979		393		9344680		139
1980		397		9349400		140
1981		398		9354119		142
1982		396		9358838		142
1983		399		9363558		142
1984		400		9368277		144
1985		400		9372997		138
1986		406		9377717		140
1987		398		9382437		140
1988		398		9387157		142
1989		396		9391877		140
1990		402		9396597		136
1991		399		9401316		138
1992		395		9406036		140
1993		399		9410756		144
1994		396		9415476		142
1995		406		9420196		142
1996		397		9424915		142
1997		399		9429633		142
1998		403		9434353		144
1999		399		9439072		144
