# Migration is number of nodes that have changed color.

Round		Edge-Cut		Swaps		Migrations		Skipped
0		8913		4719		3029
1		8011		9436		3045
2		7570		14153		3040
3		7110		18872		3079
4		6772		23591		3090
5		6546		28308		3136
6		6314		33024		3151
7		6121		37739		3134
8		6063		42455		3170
9		5941		47167		3194
10		5758		51882		3162
11		5660		56597		3198
12		5624		61311		3187
13		5497		66026		3195
14		5400		70741		3217
15		5315		75457		3187
16		5254		80167		3206
17		5228		84878		3211
18		5149		89587		3225
19		5145		94304		3205
20		5069		99016		3214
21		5026		103731		3230
22		4993		108443		3219
23		4968		113151		3226
24		4937		117864		3203
25		4873		122576		3212
26		4841		127290		3203
27		4840		132004		3217
28		4787		136717		3202
29		4744		141421		3214
30		4744		146133		3213
31		4700		150845		3226
32		4616		155557		3213
33		4587		160272		3195
34		4575		164980		3219
35		4568		169689		3239
36		4559		174395		3231
37		4510		179107		3236
38		4499		183817		3225
39		4492		188530		3248
40		4434		193239		3215
41		4461		197940		3215
42		4407		202648		3223
43		4351		207360		3215
44		4390		212075		3218
45		4413		216789		3210
46		4356		221499		3227
47		4376		226214		3250
48		4286		230926		3227
49		4272		235640		3220
50		4288		240351		3222
51		4271		245067		3226
52		4236		249779		3227
53		4204		254491		3241
54		4173		259201		3224
55		4200		263915		3242
56		4199		268632		3226
57		4139		273344		3224
58		4132		278057		3222
59		4118		282768		3232
60		4102		287483		3218
61		4126		292195		3218
62		4080		296907		3211
63		4061		301620		3223
64		4059		306332		3222
65		4037		311046		3235
66		4026		315756		3246
67		4068		320469		3238
68		4026		325185		3223
69		3995		329896		3216
70		3992		334612		3228
71		3982		339329		3219
72		3972		344046		3217
73		3992		348758		3206
74		3980		353475		3226
75		3991		358189		3233
76		3960		362909		3221
77		3942		367625		3240
78		3939		372344		3255
79		3913		377061		3238
80		3936		381776		3248
81		3934		386489		3222
82		3885		391203		3224
83		3909		395915		3225
84		3902		400634		3236
85		3910		405343		3223
86		3904		410058		3255
87		3870		414769		3223
88		3884		419485		3249
89		3888		424196		3240
90		3898		428910		3237
91		3889		433621		3249
92		3851		438335		3231
93		3836		443048		3253
94		3808		447760		3232
95		3817		452473		3247
96		3858		457191		3237
97		3812		461900		3241
98		3803		466614		3256
99		3761		471328		3245
100		3754		476041		3253
101		3780		480756		3240
102		3730		485468		3253
103		3751		490177		3233
104		3714		494891		3235
105		3742		499603		3242
106		3740		504319		3255
107		3731		509032		3235
108		3708		513746		3230
109		3747		518461		3242
110		3719		523178		3230
111		3731		527892		3246
112		3721		532605		3258
113		3713		537320		3251
114		3731		542033		3254
115		3704		546743		3259
116		3706		551457		3258
117		3712		556171		3259
118		3706		560888		3271
119		3685		565603		3267
120		3668		570317		3256
121		3683		575028		3241
122		3664		579743		3247
123		3681		584457		3260
124		3651		589168		3265
125		3670		593884		3264
126		3643		598596		3264
127		3674		603311		3269
128		3662		608022		3254
129		3665		612733		3243
130		3673		617441		3266
131		3668		622153		3282
132		3673		626865		3285
133		3669		631575		3281
134		3669		636289		3281
135		3675		641001		3279
136		3648		645716		3276
137		3635		650429		3269
138		3598		655143		3256
139		3603		659856		3246
140		3576		664565		3267
141		3568		669276		3268
142		3565		673993		3258
143		3579		678707		3273
144		3574		683416		3270
145		3585		688133		3270
146		3577		692846		3280
147		3561		697557		3278
148		3555		702272		3258
149		3567		706981		3258
150		3571		711693		3265
151		3542		716404		3250
152		3522		721118		3235
153		3507		725832		3243
154		3499		730543		3243
155		3502		735252		3237
156		3502		739961		3245
157		3496		744673		3247
158		3507		749389		3258
159		3491		754103		3265
160		3512		758820		3262
161		3483		763534		3257
162		3453		768251		3269
163		3462		772967		3267
164		3466		777677		3280
165		3449		782393		3260
166		3448		787107		3275
167		3448		791825		3267
168		3491		796537		3271
169		3453		801251		3276
170		3441		805966		3283
171		3434		810681		3270
172		3440		815386		3264
173		3438		820096		3276
174		3400		824811		3281
175		3401		829525		3266
176		3401		834241		3283
177		3403		838948		3282
178		3392		843660		3274
179		3367		848374		3272
180		3365		853087		3276
181		3360		857802		3261
182		3368		862508		3257
183		3370		867223		3260
184		3383		871936		3254
185		3381		876646		3269
186		3401		881362		3274
187		3384		886075		3257
188		3380		890788		3260
189		3369		895504		3252
190		3389		900219		3259
191		3385		904934		3269
192		3401		909648		3265
193		3374		914363		3281
194		3369		919079		3252
195		3387		923794		3263
196		3427		928507		3278
197		3384		933221		3265
198		3371		937935		3280
199		3359		942653		3264
200		3349		947362		3261
201		3360		952078		3265
202		3355		956795		3262
203		3349		961507		3271
204		3341		966221		3270
205		3344		970934		3269
206		3311		975646		3287
207		3312		980362		3277
208		3298		985070		3267
209		3302		989786		3272
210		3315		994502		3271
211		3342		999218		3268
212		3320		1003932		3283
213		3306		1008648		3301
214		3304		1013362		3280
215		3297		1018071		3287
216		3298		1022789		3278
217		3296		1027508		3281
218		3284		1032219		3278
219		3283		1036934		3277
220		3295		1041650		3289
221		3277		1046364		3281
222		3282		1051077		3292
223		3283		1055787		3285
224		3295		1060504		3302
225		3293		1065214		3281
226		3276		1069930		3283
227		3288		1074644		3282
228		3272		1079355		3290
229		3281		1084070		3291
230		3258		1088786		3297
231		3272		1093501		3290
232		3261		1098210		3290
233		3253		1102924		3278
234		3245		1107637		3293
235		3241		1112353		3304
236		3258		1117068		3295
237		3208		1121784		3287
238		3216		1126499		3294
239		3216		1131211		3289
240		3229		1135926		3290
241		3248		1140643		3285
242		3252		1145358		3285
243		3253		1150071		3297
244		3253		1154780		3306
245		3247		1159492		3306
246		3254		1164200		3302
247		3215		1168917		3297
248		3226		1173631		3298
249		3237		1178347		3310
250		3225		1183059		3301
251		3214		1187773		3310
252		3223		1192488		3302
253		3216		1197202		3306
254		3225		1201910		3288
255		3212		1206625		3285
256		3217		1211341		3288
257		3221		1216059		3285
258		3224		1220774		3275
259		3218		1225490		3298
260		3207		1230200		3286
261		3230		1234914		3298
262		3210		1239628		3281
263		3211		1244342		3278
264		3222		1249050		3292
265		3193		1253763		3282
266		3200		1258480		3287
267		3186		1263192		3284
268		3183		1267905		3293
269		3172		1272619		3286
270		3178		1277336		3284
271		3193		1282052		3285
272		3178		1286768		3286
273		3190		1291482		3289
274		3186		1296199		3303
275		3184		1300916		3292
276		3177		1305629		3305
277		3183		1310343		3305
278		3195		1315055		3304
279		3201		1319770		3287
280		3176		1324482		3304
281		3197		1329197		3319
282		3193		1333913		3304
283		3182		1338627		3291
284		3177		1343344		3293
285		3185		1348056		3293
286		3162		1352775		3299
287		3183		1357488		3290
288		3187		1362201		3299
289		3197		1366914		3299
290		3210		1371631		3284
291		3196		1376341		3297
292		3216		1381052		3305
293		3211		1385764		3295
294		3213		1390479		3288
295		3205		1395193		3299
296		3197		1399904		3315
297		3214		1404619		3301
298		3202		1409337		3331
299		3190		1414051		3319
300		3198		1418766		3311
301		3174		1423483		3308
302		3156		1428194		3300
303		3163		1432908		3297
304		3178		1437626		3295
305		3186		1442338		3303
306		3181		1447048		3307
307		3200		1451759		3297
308		3181		1456473		3304
309		3191		1461188		3309
310		3183		1465903		3316
311		3167		1470617		3306
312		3164		1475327		3310
313		3176		1480044		3288
314		3166		1484760		3289
315		3156		1489474		3294
316		3120		1494191		3289
317		3122		1498907		3301
318		3138		1503627		3292
319		3138		1508343		3285
320		3156		1513058		3294
321		3142		1517771		3301
322		3141		1522484		3304
323		3155		1527192		3310
324		3130		1531910		3290
325		3140		1536625		3303
326		3148		1541340		3283
327		3147		1546057		3306
328		3136		1550772		3298
329		3130		1555486		3302
330		3135		1560197		3308
331		3121		1564913		3306
332		3113		1569630		3316
333		3121		1574346		3295
334		3116		1579061		3317
335		3108		1583780		3303
336		3122		1588497		3318
337		3107		1593213		3299
338		3096		1597926		3298
339		3084		1602639		3306
340		3072		1607351		3313
341		3065		1612066		3309
342		3067		1616774		3313
343		3060		1621484		3305
344		3054		1626196		3309
345		3052		1630907		3303
346		3054		1635622		3312
347		3052		1640339		3318
348		3060		1645056		3310
349		3071		1649767		3310
350		3093		1654480		3305
351		3076		1659193		3320
352		3070		1663909		3320
353		3068		1668622		3321
354		3096		1673337		3314
355		3084		1678054		3320
356		3079		1682767		3313
357		3070		1687480		3296
358		3081		1692195		3282
359		3069		1696905		3286
360		3083		1701617		3298
361		3068		1706333		3294
362		3064		1711050		3288
363		3070		1715764		3290
364		3050		1720478		3288
365		3053		1725188		3301
366		3035		1729905		3301
367		3023		1734619		3310
368		3026		1739335		3305
369		3053		1744051		3285
370		3018		1748767		3298
371		3027		1753482		3306
372		3039		1758197		3307
373		3021		1762916		3301
374		3022		1767631		3295
375		3000		1772344		3302
376		3010		1777057		3309
377		2991		1781773		3307
378		2987		1786487		3295
379		2993		1791200		3292
380		2992		1795916		3289
381		3006		1800632		3304
382		2998		1805351		3290
383		2990		1810067		3288
384		2988		1814783		3285
385		2988		1819495		3291
386		3006		1824211		3299
387		3002		1828926		3300
388		2987		1833638		3299
389		2989		1838352		3293
390		2970		1843068		3289
391		2977		1847781		3286
392		2971		1852494		3297
393		2977		1857207		3283
394		2960		1861923		3286
395		2972		1866640		3283
396		2975		1871354		3283
397		2963		1876070		3277
398		2979		1880787		3303
399		2975		1885498		3286
400		2969		1890211		3291
401		2975		1894927		3280
402		2992		1899642		3274
403		2990		1904359		3281
404		2976		1909074		3279
405		2989		1913788		3301
406		2989		1918507		3282
407		3006		1923221		3290
408		3007		1927938		3280
409		2984		1932653		3284
410		2991		1937369		3287
411		2978		1942082		3279
412		2987		1946799		3284
413		2991		1951514		3296
414		2987		1956230		3285
415		3006		1960945		3279
416		3004		1965658		3289
417		2989		1970376		3293
418		3003		1975087		3311
419		3024		1979802		3294
420		2999		1984518		3301
421		2993		1989234		3296
422		2987		1993949		3290
423		2978		1998660		3302
424		2979		2003373		3296
425		2973		2008088		3281
426		2992		2012804		3281
427		2957		2017520		3279
428		2958		2022236		3285
429		2965		2026950		3288
430		2980		2031664		3281
431		2986		2036377		3310
432		2978		2041092		3286
433		2981		2045805		3290
434		2980		2050522		3277
435		2970		2055233		3303
436		2963		2059951		3299
437		2941		2064662		3300
438		2940		2069375		3299
439		2952		2074091		3288
440		2957		2078807		3287
441		2953		2083520		3298
442		2937		2088231		3304
443		2937		2092946		3309
444		2955		2097662		3301
445		2932		2102373		3292
446		2915		2107088		3294
447		2920		2111802		3282
448		2922		2116516		3285
449		2915		2121227		3294
450		2906		2125939		3295
451		2898		2130654		3281
452		2900		2135367		3274
453		2889		2140080		3276
454		2889		2144794		3275
455		2880		2149510		3255
456		2881		2154220		3285
457		2892		2158938		3283
458		2882		2163655		3280
459		2891		2168370		3282
460		2899		2173082		3284
461		2916		2177799		3283
462		2911		2182507		3278
463		2910		2187222		3278
464		2893		2191936		3275
465		2898		2196647		3286
466		2910		2201360		3273
467		2909		2206076		3291
468		2895		2210791		3292
469		2898		2215498		3287
470		2889		2220213		3291
471		2912		2224929		3281
472		2930		2229644		3288
473		2928		2234358		3291
474		2923		2239076		3280
475		2913		2243788		3278
476		2927		2248505		3285
477		2926		2253222		3277
478		2920		2257935		3292
479		2894		2262646		3286
480		2890		2267363		3275
481		2877		2272077		3283
482		2902		2276792		3287
483		2895		2281510		3293
484		2917		2286225		3284
485		2901		2290944		3276
486		2883		2295661		3283
487		2911		2300374		3283
488		2904		2305088		3280
489		2883		2309800		3278
490		2887		2314512		3268
491		2886		2319226		3265
492		2901		2323939		3275
493		2871		2328652		3280
494		2857		2333370		3282
495		2853		2338085		3286
496		2845		2342801		3278
497		2838		2347512		3278
498		2853		2352227		3274
499		2875		2356943		3277
500		2860		2361658		3274
501		2856		2366369		3276
502		2861		2371086		3276
503		2864		2375800		3274
504		2853		2380516		3268
505		2852		2385226		3278
506		2857		2389944		3275
507		2842		2394657		3271
508		2855		2399371		3277
509		2835		2404087		3280
510		2845		2408801		3287
511		2844		2413517		3274
512		2862		2418236		3276
513		2847		2422952		3284
514		2845		2427668		3284
515		2864		2432383		3286
516		2829		2437098		3285
517		2851		2441811		3276
518		2852		2446526		3280
519		2839		2451240		3286
520		2852		2455956		3284
521		2839		2460669		3281
522		2831		2465384		3290
523		2857		2470097		3287
524		2846		2474810		3290
525		2835		2479525		3280
526		2845		2484241		3278
527		2847		2488958		3283
528		2858		2493677		3284
529		2848		2498392		3279
530		2861		2503109		3285
531		2838		2507826		3266
532		2845		2512539		3270
533		2833		2517251		3274
534		2845		2521967		3278
535		2831		2526682		3271
536		2850		2531397		3282
537		2831		2536110		3277
538		2840		2540828		3279
539		2838		2545543		3282
540		2823		2550255		3279
541		2821		2554970		3279
542		2828		2559687		3266
543		2819		2564404		3269
544		2808		2569116		3280
545		2794		2573831		3278
546		2816		2578545		3279
547		2798		2583259		3274
548		2804		2587969		3266
549		2825		2592685		3259
550		2812		2597402		3263
551		2808		2602121		3263
552		2814		2606836		3261
553		2824		2611552		3283
554		2830		2616270		3281
555		2819		2620982		3284
556		2824		2625696		3273
557		2833		2630411		3278
558		2804		2635125		3282
559		2807		2639840		3283
560		2819		2644555		3281
561		2787		2649269		3274
562		2788		2653982		3280
563		2812		2658695		3282
564		2819		2663411		3272
565		2796		2668123		3283
566		2798		2672840		3274
567		2794		2677558		3267
568		2803		2682268		3274
569		2797		2686983		3284
570		2797		2691696		3283
571		2789		2696407		3283
572		2798		2701121		3279
573		2793		2705840		3290
574		2795		2710556		3282
575		2807		2715270		3283
576		2798		2719985		3286
577		2787		2724700		3287
578		2778		2729417		3286
579		2785		2734130		3296
580		2780		2738843		3293
581		2787		2743555		3286
582		2780		2748266		3286
583		2771		2752982		3289
584		2783		2757689		3284
585		2764		2762407		3279
586		2765		2767120		3292
587		2789		2771837		3298
588		2777		2776547		3296
589		2761		2781261		3283
590		2787		2785977		3295
591		2766		2790692		3280
592		2770		2795409		3270
593		2763		2800122		3275
594		2782		2804835		3285
595		2753		2809547		3286
596		2762		2814264		3286
597		2761		2818977		3291
598		2758		2823692		3291
599		2762		2828408		3291
600		2765		2833127		3293
601		2770		2837844		3293
602		2749		2842559		3286
603		2733		2847276		3283
604		2726		2851991		3278
605		2741		2856703		3282
606		2734		2861414		3280
607		2740		2866129		3283
608		2736		2870842		3284
609		2729		2875556		3278
610		2746		2880270		3283
611		2751		2884986		3287
612		2755		2889699		3286
613		2757		2894414		3288
614		2746		2899132		3276
615		2739		2903851		3285
616		2717		2908567		3267
617		2733		2913280		3273
618		2745		2917994		3280
619		2757		2922709		3296
620		2759		2927425		3281
621		2731		2932140		3292
622		2750		2936855		3307
623		2762		2941573		3292
624		2745		2946291		3290
625		2745		2951002		3299
626		2728		2955716		3294
627		2723		2960435		3286
628		2708		2965150		3276
629		2716		2969867		3289
630		2723		2974586		3280
631		2755		2979299		3287
632		2738		2984015		3282
633		2723		2988728		3283
634		2733		2993442		3275
635		2725		2998159		3285
636		2728		3002876		3291
637		2724		3007591		3304
638		2725		3012309		3291
639		2730		3017023		3301
640		2734		3021741		3293
641		2737		3026460		3295
642		2724		3031174		3296
643		2726		3035888		3294
644		2709		3040597		3298
645		2704		3045308		3293
646		2704		3050023		3291
647		2702		3054739		3301
648		2710		3059453		3307
649		2698		3064168		3294
650		2704		3068884		3301
651		2712		3073601		3301
652		2702		3078317		3294
653		2703		3083034		3297
654		2699		3087748		3291
655		2706		3092461		3285
656		2712		3097178		3290
657		2707		3101892		3299
658		2705		3106606		3306
659		2716		3111318		3293
660		2707		3116034		3304
661		2677		3120750		3303
662		2671		3125464		3291
663		2685		3130181		3299
664		2689		3134894		3300
665		2686		3139608		3296
666		2682		3144326		3299
667		2673		3149043		3304
668		2669		3153759		3295
669		2713		3158476		3293
670		2724		3163191		3293
671		2706		3167909		3304
672		2702		3172623		3305
673		2704		3177337		3311
674		2698		3182054		3311
675		2712		3186766		3305
676		2675		3191482		3321
677		2685		3196197		3317
678		2695		3200915		3319
679		2692		3205634		3314
680		2677		3210346		3319
681		2697		3215063		3324
682		2695		3219776		3305
683		2676		3224492		3306
684		2686		3229205		3307
685		2673		3233922		3314
686		2677		3238636		3327
687		2696		3243350		3327
688		2677		3248068		3312
689		2681		3252784		3302
690		2698		3257499		3310
691		2696		3262215		3313
692		2690		3266930		3313
693		2685		3271643		3309
694		2674		3276358		3307
695		2665		3281075		3299
696		2685		3285789		3296
697		2657		3290505		3302
698		2670		3295220		3310
699		2664		3299932		3312
700		2669		3304647		3303
701		2674		3309363		3294
702		2693		3314080		3297
703		2713		3318796		3310
704		2680		3323515		3309
705		2693		3328230		3299
706		2673		3332941		3310
707		2671		3337659		3309
708		2665		3342371		3304
709		2672		3347090		3315
710		2657		3351805		3307
711		2673		3356523		3309
712		2677		3361237		3310
713		2695		3365955		3313
714		2687		3370669		3315
715		2680		3375385		3322
716		2679		3380103		3324
717		2678		3384819		3325
718		2664		3389537		3330
719		2660		3394253		3323
720		2647		3398969		3323
721		2645		3403682		3330
722		2652		3408395		3317
723		2651		3413111		3318
724		2649		3417825		3327
725		2669		3422543		3322
726		2657		3427259		3304
727		2659		3431976		3326
728		2660		3436694		3315
729		2681		3441409		3319
730		2678		3446124		3320
731		2665		3450842		3322
732		2668		3455556		3310
733		2663		3460272		3319
734		2660		3464988		3310
735		2653		3469706		3311
736		2637		3474423		3320
737		2653		3479137		3326
738		2650		3483849		3313
739		2650		3488567		3320
740		2639		3493276		3316
741		2642		3497993		3317
742		2676		3502709		3320
743		2651		3507426		3315
744		2652		3512142		3320
745		2670		3516856		3305
746		2650		3521570		3311
747		2639		3526285		3313
748		2645		3530999		3313
749		2624		3535713		3325
750		2629		3540431		3327
751		2642		3545145		3316
752		2629		3549864		3315
753		2623		3554579		3320
754		2625		3559294		3324
755		2608		3564010		3318
756		2626		3568727		3317
757		2615		3573443		3319
758		2609		3578157		3322
759		2624		3582870		3327
760		2628		3587589		3316
761		2614		3592305		3329
762		2638		3597021		3332
763		2609		3601735		3320
764		2593		3606450		3325
765		2595		3611167		3330
766		2603		3615886		3315
767		2617		3620603		3316
768		2600		3625315		3304
769		2595		3630031		3312
770		2605		3634749		3316
771		2610		3639466		3307
772		2624		3644182		3310
773		2610		3648901		3315
774		2618		3653615		3318
775		2622		3658333		3312
776		2608		3663051		3319
777		2600		3667767		3318
778		2599		3672479		3315
779		2599		3677197		3314
780		2600		3681915		3302
781		2581		3686630		3316
782		2578		3691348		3312
783		2591		3696061		3301
784		2586		3700780		3317
785		2585		3705493		3311
786		2580		3710210		3299
787		2589		3714919		3315
788		2609		3719629		3303
789		2592		3724344		3307
790		2587		3729061		3327
791		2591		3733777		3312
792		2581		3738491		3321
793		2590		3743206		3306
794		2601		3747924		3309
795		2590		3752640		3322
796		2583		3757359		3310
797		2575		3762074		3314
798		2574		3766791		3323
799		2564		3771505		3317
800		2576		3776221		3307
801		2581		3780937		3313
802		2607		3785654		3324
803		2615		3790372		3329
804		2591		3795088		3330
805		2589		3799804		3317
806		2589		3804518		3328
807		2594		3809235		3318
808		2591		3813951		3318
809		2584		3818670		3318
810		2587		3823387		3298
811		2596		3828104		3301
812		2577		3832822		3306
813		2595		3837534		3327
814		2580		3842248		3319
815		2586		3846965		3324
816		2592		3851678		3314
817		2585		3856392		3308
818		2594		3861108		3315
819		2629		3865823		3329
820		2624		3870537		3312
821		2618		3875255		3330
822		2619		3879973		3331
823		2583		3884686		3324
824		2581		3889400		3336
825		2583		3894115		3335
826		2590		3898833		3335
827		2589		3903550		3336
828		2604		3908267		3334
829		2594		3912982		3319
830		2562		3917695		3326
831		2574		3922412		3328
832		2579		3927129		3323
833		2568		3931844		3320
834		2567		3936557		3321
835		2559		3941275		3316
836		2568		3945991		3331
837		2590		3950707		3328
838		2571		3955421		3330
839		2585		3960137		3330
840		2582		3964849		3324
841		2564		3969566		3330
842		2580		3974281		3329
843		2569		3978995		3334
844		2574		3983710		3327
845		2554		3988427		3320
846		2553		3993141		3335
847		2547		3997861		3347
848		2551		4002578		3328
849		2553		4007290		3329
850		2557		4012006		3325
851		2552		4016719		3334
852		2560		4021438		3339
853		2553		4026155		3331
854		2571		4030874		3327
855		2582		4035588		3336
856		2578		4040304		3343
857		2585		4045017		3328
858		2572		4049733		3319
859		2564		4054446		3319
860		2594		4059161		3327
861		2583		4063879		3339
862		2587		4068591		3333
863		2584		4073307		3340
864		2588		4078021		3338
865		2603		4082734		3339
866		2567		4087451		3343
867		2574		4092167		3341
868		2562		4096885		3332
869		2583		4101597		3339
870		2575		4106309		3339
871		2575		4111025		3333
872		2572		4115741		3336
873		2574		4120459		3334
874		2581		4125177		3320
875		2589		4129894		3325
876		2561		4134609		3336
877		2577		4139325		3336
878		2585		4144037		3334
879		2592		4148750		3329
880		2573		4153465		3315
881		2574		4158183		3326
882		2585		4162899		3331
883		2569		4167616		3330
884		2580		4172334		3337
885		2595		4177048		3341
886		2588		4181762		3345
887		2570		4186479		3334
888		2574		4191195		3332
889		2585		4195912		3345
890		2580		4200627		3337
891		2582		4205345		3337
892		2584		4210058		3340
893		2578		4214774		3330
894		2577		4219484		3324
895		2575		4224197		3337
896		2576		4228908		3333
897		2566		4233623		3331
898		2570		4238339		3331
899		2551		4243054		3335
900		2574		4247771		3331
901		2573		4252485		3316
902		2578		4257203		3324
903		2574		4261920		3315
904		2572		4266626		3322
905		2582		4271340		3326
906		2577		4276057		3321
907		2575		4280773		3324
908		2560		4285490		3325
909		2556		4290203		3325
910		2559		4294920		3329
911		2582		4299635		3332
912		2588		4304354		3326
913		2563		4309070		3331
914		2566		4313786		3333
915		2559		4318505		3328
916		2561		4323215		3329
917		2558		4327928		3332
918		2561		4332646		3330
919		2563		4337363		3336
920		2571		4342078		3327
921		2555		4346795		3333
922		2555		4351509		3346
923		2559		4356224		3349
924		2558		4360942		3339
925		2557		4365658		3339
926		2550		4370375		3337
927		2581		4375093		3329
928		2562		4379807		3329
929		2557		4384523		3336
930		2557		4389238		3336
931		2552		4393956		3334
932		2538		4398673		3324
933		2539		4403387		3315
934		2553		4408103		3319
935		2530		4412816		3319
936		2540		4417532		3321
937		2540		4422248		3322
938		2527		4426963		3318
939		2523		4431679		3327
940		2532		4436394		3325
941		2539		4441106		3319
942		2532		4445820		3312
943		2532		4450536		3328
944		2533		4455252		3324
945		2532		4459970		3334
946		2529		4464686		3325
947		2520		4469400		3330
948		2521		4474116		3337
949		2515		4478832		3335
950		2531		4483545		3332
951		2529		4488260		3331
952		2530		4492976		3331
953		2539		4497692		3320
954		2520		4502406		3327
955		2512		4507121		3322
956		2508		4511833		3319
957		2514		4516549		3330
958		2499		4521262		3326
959		2512		4525975		3333
960		2513		4530693		3330
961		2512		4535407		3329
962		2530		4540121		3326
963		2536		4544837		3318
964		2520		4549554		3322
965		2513		4554268		3320
966		2491		4558984		3322
967		2521		4563698		3330
968		2509		4568411		3327
969		2501		4573124		3328
970		2502		4577839		3336
971		2507		4582556		3330
972		2512		4587274		3335
973		2513		4591986		3334
974		2495		4596702		3338
975		2510		4601421		3329
976		2500		4606139		3331
977		2505		4610854		3337
978		2513		4615567		3336
979		2536		4620285		3325
980		2536		4625003		3324
981		2526		4629721		3331
982		2525		4634438		3336
983		2533		4639155		3328
984		2501		4643873		3319
985		2508		4648590		3325
986		2494		4653306		3326
987		2480		4658023		3328
988		2499		4662742		3328
989		2484		4667455		3329
990		2482		4672168		3321
991		2472		4676885		3328
992		2481		4681603		3347
993		2484		4686318		3339
994		2487		4691032		3334
995		2489		4695744		3330
996		2470		4700459		3343
997		2476		4705176		3341
998		2475		4709893		3329
999		2467		4714608		3340
