# Migration is number of nodes that have changed color.

Round		Edge-Cut		Swaps		Migrations		Skipped
0		8837		4717		3006
1		8033		9436		3006
2		7544		14156		3061
3		7132		18874		3047
4		6827		23591		3114
5		6579		28307		3092
6		6354		33025		3078
7		6218		37739		3070
8		6057		42455		3106
9		5927		47169		3089
10		5803		51883		3085
11		5624		56600		3129
12		5570		61312		3122
13		5474		66029		3125
14		5397		70738		3153
15		5354		75449		3153
16		5270		80161		3144
17		5237		84877		3115
18		5119		89589		3118
19		5116		94301		3106
20		5100		99010		3120
21		5051		103723		3135
22		5000		108435		3137
23		4962		113148		3136
24		4963		117860		3104
25		4930		122574		3124
26		4913		127289		3128
27		4879		132005		3130
28		4813		136720		3135
29		4819		141433		3141
30		4813		146147		3154
31		4781		150861		3154
32		4736		155579		3171
33		4722		160289		3139
34		4653		165003		3153
35		4641		169713		3151
36		4616		174424		3170
37		4606		179136		3164
38		4569		183849		3161
39		4558		188559		3171
40		4546		193277		3169
41		4501		197990		3153
42		4476		202706		3185
43		4469		207419		3170
44		4441		212132		3178
45		4417		216848		3186
46		4431		221564		3165
47		4410		226281		3155
48		4419		230999		3158
49		4382		235711		3148
50		4326		240420		3143
51		4308		245137		3142
52		4268		249848		3156
53		4285		254562		3166
54		4268		259279		3164
55		4255		263994		3172
56		4258		268708		3166
57		4240		273420		3183
58		4234		278134		3171
59		4259		282847		3155
60		4241		287558		3196
61		4234		292269		3176
62		4211		296984		3183
63		4175		301699		3187
64		4161		306412		3186
65		4140		311123		3180
66		4147		315838		3194
67		4109		320551		3193
68		4102		325260		3190
69		4123		329969		3182
70		4103		334689		3176
71		4084		339399		3192
72		4095		344115		3179
73		4084		348829		3184
74		4065		353544		3177
75		4056		358258		3174
76		4068		362968		3199
77		4042		367686		3205
78		4070		372393		3201
79		4074		377105		3188
80		4041		381821		3199
81		3992		386533		3210
82		3993		391246		3168
83		3965		395961		3190
84		3966		400674		3210
85		3981		405385		3201
86		3962		410103		3228
87		3964		414816		3228
88		3940		419529		3213
89		3945		424246		3203
90		3907		428960		3188
91		3925		433675		3211
92		3935		438388		3216
93		3950		443098		3206
94		3969		447808		3207
95		3929		452521		3202
96		3939		457236		3213
97		3913		461950		3215
98		3915		466663		3217
99		3918		471380		3188
100		3901		476091		3211
101		3891		480801		3207
102		3922		485514		3197
103		3889		490225		3207
104		3869		494940		3194
105		3884		499652		3201
106		3884		504364		3215
107		3835		509076		3219
108		3795		513788		3204
109		3825		518501		3196
110		3832		523210		3213
111		3834		527926		3204
112		3811		532643		3206
113		3826		537359		3197
114		3813		542069		3189
115		3826		546779		3210
116		3832		551496		3203
117		3801		556211		3221
118		3820		560926		3197
119		3831		565640		3210
120		3836		570355		3215
121		3830		575067		3212
122		3850		579779		3207
123		3816		584494		3206
124		3800		589210		3220
125		3793		593926		3213
126		3825		598643		3214
127		3807		603359		3228
128		3782		608069		3219
129		3769		612782		3242
130		3741		617492		3234
131		3755		622203		3238
132		3742		626916		3245
133		3709		631630		3217
134		3705		636342		3234
135		3717		641055		3214
136		3721		645765		3225
137		3730		650477		3232
138		3734		655187		3237
139		3702		659900		3238
140		3688		664615		3239
141		3712		669330		3243
142		3704		674046		3242
143		3713		678760		3258
144		3715		683474		3263
145		3719		688192		3245
146		3698		692906		3258
147		3699		697619		3252
148		3685		702335		3245
149		3688		707048		3247
150		3647		711765		3244
151		3642		716481		3239
152		3664		721198		3250
153		3680		725908		3261
154		3656		730622		3250
155		3658		735338		3251
156		3673		740055		3250
157		3690		744770		3255
158		3661		749488		3261
159		3654		754200		3265
160		3690		758911		3259
161		3682		763627		3256
162		3661		768341		3272
163		3660		773057		3258
164		3653		777770		3279
165		3665		782484		3259
166		3668		787198		3264
167		3664		791910		3256
168		3612		796623		3249
169		3614		801333		3263
170		3644		806042		3269
171		3635		810756		3261
172		3653		815471		3277
173		3637		820183		3246
174		3642		824896		3256
175		3646		829607		3245
176		3608		834321		3274
177		3607		839033		3266
178		3620		843746		3271
179		3610		848460		3271
180		3613		853174		3268
181		3609		857890		3286
182		3601		862600		3293
183		3594		867311		3287
184		3585		872024		3277
185		3587		876740		3277
186		3579		881454		3287
187		3573		886168		3285
188		3568		890876		3297
189		3571		895590		3280
190		3547		900303		3266
191		3517		905019		3277
192		3534		909731		3276
193		3528		914437		3236
194		3528		919149		3249
195		3526		923864		3255
196		3523		928577		3258
197		3507		933292		3260
198		3520		938001		3270
199		3518		942717		3266
200		3529		947430		3271
201		3506		952139		3273
202		3508		956856		3270
203		3501		961569		3261
204		3510		966287		3261
205		3507		971000		3256
206		3512		975711		3263
207		3508		980427		3258
208		3502		985144		3259
209		3493		989861		3271
210		3478		994574		3269
211		3489		999288		3265
212		3467		1004007		3267
213		3462		1008720		3276
214		3451		1013438		3271
215		3477		1018154		3256
216		3516		1022866		3272
217		3501		1027580		3268
218		3467		1032296		3269
219		3477		1037007		3258
220		3453		1041723		3260
221		3442		1046433		3260
222		3433		1051146		3254
223		3439		1055861		3257
224		3419		1060578		3274
225		3420		1065293		3274
226		3410		1070007		3275
227		3388		1074723		3278
228		3403		1079436		3276
229		3400		1084147		3280
230		3399		1088860		3277
231		3400		1093578		3271
232		3374		1098294		3272
233		3378		1103010		3267
234		3367		1107723		3279
235		3372		1112438		3284
236		3376		1117154		3287
237		3390		1121867		3269
238		3367		1126580		3278
239		3343		1131292		3281
240		3335		1136006		3272
241		3356		1140719		3284
242		3354		1145432		3262
243		3355		1150142		3273
244		3357		1154859		3261
245		3352		1159569		3268
246		3383		1164286		3275
247		3359		1169002		3258
248		3368		1173716		3259
249		3369		1178429		3266
250		3368		1183144		3271
251		3351		1187857		3261
252		3398		1192572		3247
253		3371		1197285		3268
254		3373		1202000		3276
255		3353		1206713		3279
256		3347		1211425		3279
257		3335		1216140		3263
258		3348		1220846		3274
259		3339		1225562		3265
260		3324		1230277		3261
261		3323		1234990		3275
262		3346		1239704		3279
263		3346		1244417		3279
264		3345		1249131		3269
265		3362		1253847		3269
266		3357		1258558		3276
267		3347		1263276		3280
268		3325		1267987		3270
269		3326		1272702		3272
270		3324		1277413		3270
271		3323		1282132		3273
272		3323		1286844		3277
273		3324		1291560		3283
274		3330		1296275		3261
275		3327		1300990		3265
276		3318		1305705		3271
277		3311		1310416		3267
278		3311		1315132		3264
279		3295		1319846		3264
280		3301		1324559		3270
281		3278		1329276		3263
282		3273		1333987		3286
283		3241		1338702		3264
284		3245		1343415		3267
285		3258		1348130		3277
286		3275		1352844		3258
287		3246		1357560		3279
288		3276		1362274		3271
289		3287		1366992		3266
290		3298		1371707		3262
291		3285		1376424		3260
292		3265		1381139		3275
293		3261		1385850		3277
294		3267		1390563		3266
295		3257		1395275		3275
296		3275		1399990		3281
297		3249		1404704		3277
298		3290		1409421		3273
299		3264		1414136		3266
300		3274		1418847		3277
301		3276		1423558		3279
302		3258		1428272		3285
303		3224		1432986		3285
304		3224		1437701		3266
305		3204		1442417		3275
306		3190		1447132		3270
307		3218		1451848		3280
308		3251		1456566		3279
309		3212		1461281		3268
310		3222		1465997		3283
311		3228		1470711		3278
312		3218		1475428		3273
313		3207		1480146		3282
314		3208		1484861		3290
315		3219		1489572		3276
316		3223		1494285		3286
317		3225		1498999		3271
318		3225		1503711		3269
319		3233		1508426		3269
320		3223		1513141		3282
321		3208		1517857		3279
322		3203		1522570		3292
323		3202		1527287		3268
324		3180		1531999		3267
325		3211		1536715		3274
326		3192		1541429		3276
327		3179		1546143		3260
328		3174		1550859		3270
329		3182		1555571		3269
330		3180		1560285		3271
331		3190		1565001		3265
332		3186		1569714		3280
333		3182		1574427		3272
334		3173		1579140		3268
335		3174		1583855		3276
336		3189		1588572		3283
337		3172		1593285		3291
338		3186		1598002		3277
339		3161		1602715		3279
340		3175		1607430		3274
341		3160		1612146		3281
342		3149		1616861		3286
343		3182		1621574		3275
344		3207		1626291		3275
345		3213		1631005		3269
346		3161		1635721		3268
347		3149		1640435		3278
348		3166		1645149		3289
349		3170		1649863		3288
350		3152		1654571		3295
351		3152		1659287		3292
352		3130		1664007		3275
353		3139		1668723		3281
354		3157		1673440		3291
355		3143		1678159		3287
356		3160		1682875		3301
357		3190		1687587		3306
358		3184		1692302		3290
359		3136		1697013		3295
360		3155		1701729		3283
361		3147		1706442		3300
362		3168		1711159		3313
363		3160		1715874		3307
364		3176		1720588		3311
365		3156		1725304		3285
366		3159		1730014		3302
367		3159		1734729		3304
368		3154		1739445		3302
369		3172		1744157		3298
370		3159		1748875		3293
371		3138		1753590		3306
372		3141		1758307		3303
373		3121		1763023		3300
374		3126		1767739		3300
375		3117		1772450		3285
376		3115		1777168		3296
377		3132		1781886		3294
378		3122		1786596		3308
379		3130		1791311		3293
380		3117		1796027		3292
381		3093		1800742		3292
382		3097		1805456		3293
383		3109		1810171		3304
384		3094		1814881		3306
385		3119		1819594		3292
386		3090		1824309		3292
387		3101		1829027		3288
388		3103		1833739		3294
389		3118		1838454		3302
390		3135		1843171		3301
391		3123		1847887		3280
392		3127		1852599		3276
393		3101		1857312		3285
394		3132		1862027		3303
395		3112		1866741		3296
396		3102		1871455		3303
397		3155		1876167		3292
398		3140		1880883		3294
399		3122		1885598		3285
400		3117		1890314		3295
401		3126		1895030		3287
402		3129		1899746		3294
403		3136		1904464		3294
404		3140		1909180		3292
405		3132		1913893		3290
406		3100		1918606		3288
407		3090		1923324		3299
408		3109		1928040		3292
409		3085		1932759		3296
410		3099		1937477		3293
411		3109		1942195		3300
412		3104		1946910		3287
413		3101		1951626		3288
414		3098		1956343		3303
415		3107		1961060		3297
416		3091		1965776		3291
417		3045		1970489		3295
418		3035		1975202		3291
419		3059		1979917		3301
420		3055		1984632		3300
421		3055		1989345		3294
422		3060		1994060		3303
423		3065		1998777		3298
424		3046		2003493		3301
425		3032		2008208		3292
426		3054		2012924		3303
427		3064		2017640		3306
428		3042		2022354		3315
429		3044		2027066		3304
430		3025		2031781		3300
431		3041		2036498		3293
432		3058		2041213		3301
433		3058		2045929		3297
434		3050		2050647		3290
435		3048		2055366		3287
436		3057		2060081		3279
437		3081		2064794		3293
438		3086		2069511		3300
439		3083		2074229		3303
440		3085		2078941		3298
441		3083		2083658		3301
442		3065		2088372		3308
443		3065		2093090		3306
444		3076		2097809		3304
445		3073		2102526		3316
446		3080		2107239		3316
447		3065		2111952		3298
448		3053		2116666		3318
449		3032		2121378		3293
450		3037		2126093		3297
451		3029		2130809		3312
452		3043		2135524		3313
453		3036		2140238		3302
454		2997		2144954		3283
455		3011		2149670		3298
456		3023		2154388		3316
457		3012		2159103		3309
458		3007		2163820		3312
459		3021		2168537		3308
460		3007		2173255		3314
461		3003		2177970		3296
462		3005		2182687		3297
463		3013		2187402		3310
464		3018		2192120		3319
465		2991		2196836		3309
466		2968		2201553		3320
467		2991		2206268		3314
468		3021		2210981		3320
469		3011		2215695		3310
470		3020		2220408		3301
471		2999		2225121		3298
472		3029		2229837		3298
473		3021		2234554		3294
474		3020		2239272		3301
475		3020		2243982		3296
476		3033		2248695		3307
477		3062		2253410		3316
478		3039		2258127		3311
479		3035		2262842		3317
480		3015		2267560		3307
481		3015		2272275		3313
482		3024		2276990		3332
483		3026		2281704		3320
484		3013		2286421		3335
485		3007		2291135		3323
486		2993		2295853		3310
487		2990		2300569		3315
488		2977		2305287		3326
489		2980		2310002		3323
490		3009		2314720		3343
491		3003		2319432		3314
492		3017		2324151		3335
493		3011		2328859		3335
494		3008		2333576		3332
495		3011		2338292		3344
496		3014		2343012		3336
497		3009		2347723		3328
498		3030		2352440		3330
499		2999		2357152		3322
500		2996		2361868		3322
501		3005		2366577		3321
502		3021		2371288		3314
503		2985		2376004		3318
504		2967		2380720		3329
505		2988		2385430		3328
506		2996		2390147		3328
507		2989		2394859		3325
508		2972		2399575		3323
509		2968		2404292		3350
510		2979		2409010		3328
511		2971		2413722		3326
512		2968		2418437		3340
513		2980		2423153		3322
514		2951		2427865		3331
515		2934		2432581		3332
516		2926		2437297		3318
517		2931		2442011		3316
518		2955		2446727		3316
519		2921		2451436		3310
520		2933		2456150		3301
521		2924		2460866		3323
522		2921		2465580		3316
523		2902		2470298		3318
524		2898		2475013		3323
525		2910		2479726		3314
526		2905		2484439		3305
527		2910		2489157		3288
528		2913		2493876		3303
529		2912		2498594		3306
530		2908		2503311		3308
531		2909		2508028		3292
532		2900		2512744		3302
533		2897		2517458		3323
534		2919		2522174		3313
535		2938		2526891		3302
536		2924		2531607		3302
537		2906		2536323		3293
538		2901		2541039		3308
539		2879		2545753		3303
540		2864		2550470		3308
541		2873		2555190		3323
542		2864		2559907		3309
543		2890		2564624		3316
544		2879		2569342		3307
545		2875		2574054		3323
546		2869		2578774		3311
547		2880		2583487		3313
548		2878		2588203		3316
549		2880		2592917		3309
550		2883		2597636		3318
551		2876		2602355		3331
552		2859		2607072		3334
553		2861		2611790		3328
554		2854		2616505		3319
555		2859		2621217		3321
556		2847		2625933		3322
557		2832		2630651		3313
558		2837		2635368		3310
559		2830		2640084		3328
560		2842		2644800		3321
561		2846		2649514		3307
562		2866		2654230		3311
563		2859		2658946		3328
564		2864		2663662		3336
565		2842		2668375		3321
566		2850		2673087		3313
567		2853		2677802		3323
568		2870		2682515		3316
569		2878		2687230		3327
570		2860		2691947		3321
571		2838		2696664		3327
572		2857		2701381		3322
573		2857		2706097		3324
574		2838		2710814		3313
575		2872		2715529		3335
576		2866		2720247		3322
577		2856		2724960		3319
578		2873		2729674		3330
579		2865		2734390		3329
580		2845		2739105		3337
581		2834		2743824		3329
582		2819		2748538		3321
583		2847		2753252		3334
584		2835		2757970		3334
585		2837		2762689		3328
586		2818		2767404		3332
587		2836		2772122		3327
588		2833		2776841		3329
589		2820		2781558		3319
590		2808		2786273		3320
591		2814		2790989		3321
592		2819		2795706		3325
593		2836		2800417		3330
594		2845		2805133		3334
595		2810		2809848		3328
596		2812		2814563		3336
597		2812		2819278		3352
598		2811		2823994		3333
599		2807		2828705		3335
600		2826		2833424		3332
601		2806		2838141		3331
602		2834		2842856		3337
603		2843		2847569		3331
604		2837		2852285		3328
605		2822		2856999		3334
606		2837		2861714		3344
607		2802		2866428		3340
608		2809		2871144		3327
609		2807		2875860		3325
610		2811		2880572		3331
611		2796		2885290		3334
612		2813		2890005		3325
613		2792		2894721		3325
614		2783		2899438		3334
615		2799		2904154		3331
616		2783		2908870		3327
617		2769		2913588		3317
618		2768		2918300		3332
619		2771		2923015		3324
620		2775		2927734		3329
621		2780		2932449		3330
622		2784		2937160		3328
623		2800		2941872		3328
624		2781		2946589		3313
625		2770		2951304		3320
626		2767		2956022		3313
627		2789		2960739		3336
628		2775		2965455		3319
629		2779		2970171		3327
630		2771		2974886		3319
631		2787		2979604		3322
632		2773		2984321		3296
633		2761		2989037		3314
634		2775		2993751		3325
635		2771		2998467		3311
636		2753		3003185		3316
637		2751		3007901		3314
638		2742		3012619		3319
639		2761		3017336		3317
640		2748		3022049		3314
641		2737		3026763		3329
642		2741		3031477		3308
643		2741		3036193		3307
644		2735		3040909		3319
645		2743		3045621		3321
646		2738		3050337		3334
647		2736		3055052		3329
648		2744		3059766		3317
649		2737		3064483		3311
650		2728		3069195		3310
651		2736		3073912		3313
652		2744		3078623		3316
653		2734		3083337		3314
654		2755		3088055		3311
655		2746		3092772		3305
656		2756		3097490		3303
657		2742		3102204		3314
658		2747		3106916		3302
659		2745		3111631		3304
660		2730		3116347		3306
661		2731		3121064		3304
662		2726		3125779		3316
663		2741		3130494		3308
664		2750		3135209		3311
665		2741		3139926		3312
666		2749		3144644		3324
667		2754		3149357		3316
668		2756		3154074		3313
669		2749		3158786		3306
670		2719		3163502		3305
671		2728		3168221		3303
672		2732		3172936		3296
673		2723		3177652		3317
674		2728		3182366		3320
675		2730		3187081		3317
676		2710		3191797		3314
677		2724		3196514		3305
678		2717		3201229		3303
679		2710		3205946		3322
680		2707		3210661		3313
681		2731		3215377		3318
682		2713		3220092		3323
683		2718		3224808		3333
684		2736		3229520		3319
685		2714		3234236		3323
686		2711		3238953		3329
687		2733		3243670		3316
688		2707		3248386		3323
689		2743		3253102		3324
690		2735		3257814		3315
691		2718		3262533		3317
692		2717		3267249		3314
693		2720		3271965		3333
694		2731		3276681		3329
695		2728		3281396		3327
696		2721		3286108		3342
697		2748		3290826		3329
698		2746		3295539		3334
699		2740		3300255		3328
700		2708		3304970		3334
701		2724		3309685		3324
702		2727		3314402		3328
703		2731		3319121		3322
704		2730		3323839		3339
705		2728		3328558		3329
706		2715		3333269		3331
707		2716		3337986		3318
708		2715		3342701		3321
709		2729		3347413		3318
710		2712		3352128		3325
711		2718		3356840		3327
712		2721		3361559		3314
713		2727		3366279		3312
714		2721		3370996		3313
715		2708		3375715		3309
716		2717		3380432		3292
717		2703		3385149		3311
718		2703		3389861		3304
719		2694		3394579		3305
720		2700		3399294		3308
721		2684		3404009		3318
722		2674		3408729		3318
723		2674		3413447		3315
724		2678		3418163		3312
725		2679		3422879		3323
726		2664		3427593		3315
727		2689		3432309		3313
728		2682		3437025		3323
729		2699		3441741		3331
730		2685		3446455		3323
731		2688		3451168		3328
732		2707		3455878		3324
733		2677		3460588		3331
734		2677		3465302		3314
735		2690		3470019		3322
736		2701		3474731		3315
737		2709		3479449		3314
738		2720		3484166		3313
739		2700		3488882		3315
740		2702		3493599		3325
741		2703		3498316		3317
742		2705		3503034		3309
743		2693		3507748		3310
744		2698		3512460		3321
745		2689		3517178		3321
746		2692		3521893		3323
747		2701		3526608		3330
748		2711		3531324		3344
749		2710		3536038		3317
750		2708		3540754		3332
751		2718		3545470		3315
752		2718		3550184		3319
753		2695		3554897		3326
754		2681		3559613		3324
755		2675		3564330		3320
756		2688		3569047		3313
757		2668		3573760		3323
758		2663		3578473		3314
759		2679		3583188		3318
760		2672		3587902		3323
761		2687		3592620		3326
762		2673		3597338		3318
763		2654		3602055		3320
764		2648		3606773		3317
765		2652		3611487		3317
766		2660		3616200		3314
767		2651		3620916		3304
768		2644		3625630		3313
769		2651		3630347		3314
770		2643		3635062		3321
771		2648		3639780		3314
772		2666		3644497		3324
773		2672		3649214		3307
774		2659		3653928		3324
775		2674		3658644		3312
776		2649		3663356		3313
777		2661		3668072		3318
778		2662		3672787		3331
779		2660		3677501		3333
780		2654		3682218		3331
781		2660		3686930		3345
782		2668		3691645		3330
783		2659		3696359		3325
784		2655		3701076		3312
785		2660		3705790		3321
786		2669		3710505		3311
787		2662		3715224		3312
788		2680		3719935		3298
789		2675		3724650		3301
790		2670		3729367		3299
791		2660		3734083		3303
792		2659		3738800		3295
793		2665		3743515		3307
794		2650		3748232		3309
795		2666		3752944		3300
796		2655		3757658		3308
797		2656		3762375		3298
798		2667		3767086		3303
799		2678		3771803		3304
800		2641		3776520		3302
801		2653		3781236		3302
802		2637		3785951		3311
803		2645		3790666		3308
804		2649		3795382		3303
805		2641		3800097		3301
806		2657		3804812		3306
807		2625		3809531		3304
808		2652		3814246		3299
809		2650		3818955		3298
810		2641		3823673		3301
811		2648		3828378		3300
812		2662		3833094		3286
813		2676		3837808		3306
814		2675		3842525		3308
815		2660		3847242		3301
816		2657		3851951		3316
817		2654		3856668		3310
818		2645		3861382		3317
819		2658		3866098		3310
820		2662		3870812		3311
821		2645		3875528		3308
822		2639		3880246		3317
823		2651		3884963		3313
824		2666		3889675		3316
825		2664		3894390		3316
826		2662		3899105		3319
827		2649		3903820		3318
828		2648		3908535		3301
829		2660		3913252		3314
830		2661		3917966		3312
831		2656		3922679		3323
832		2645		3927397		3311
833		2650		3932112		3303
834		2627		3936826		3317
835		2613		3941542		3322
836		2629		3946261		3318
837		2656		3950977		3329
838		2656		3955693		3326
839		2634		3960410		3310
840		2635		3965125		3319
841		2630		3969841		3317
842		2612		3974556		3320
843		2615		3979273		3312
844		2614		3983987		3313
845		2613		3988702		3310
846		2619		3993412		3319
847		2637		3998129		3327
848		2633		4002844		3325
849		2635		4007556		3323
850		2627		4012273		3325
851		2634		4016988		3319
852		2639		4021699		3320
853		2611		4026411		3316
854		2618		4031129		3317
855		2619		4035844		3321
856		2604		4040557		3321
857		2601		4045273		3312
858		2592		4049989		3322
859		2599		4054703		3319
860		2600		4059419		3338
861		2605		4064137		3323
862		2603		4068852		3331
863		2583		4073570		3320
864		2584		4078286		3338
865		2596		4083001		3329
866		2599		4087717		3328
867		2589		4092434		3323
868		2621		4097152		3315
869		2606		4101869		3321
870		2606		4106585		3315
871		2600		4111301		3322
872		2571		4116009		3319
873		2602		4120725		3326
874		2608		4125435		3335
875		2612		4130148		3323
876		2600		4134865		3333
877		2605		4139582		3328
878		2620		4144294		3319
879		2640		4149005		3323
880		2609		4153720		3324
881		2619		4158429		3321
882		2617		4163146		3328
883		2596		4167862		3331
884		2593		4172580		3323
885		2594		4177297		3321
886		2594		4182016		3329
887		2599		4186731		3326
888		2610		4191445		3322
889		2583		4196160		3337
890		2579		4200874		3326
891		2579		4205587		3330
892		2593		4210302		3334
893		2577		4215018		3326
894		2569		4219732		3323
895		2573		4224450		3318
896		2565		4229165		3335
897		2583		4233880		3328
898		2577		4238597		3330
899		2568		4243310		3329
900		2565		4248027		3324
901		2568		4252745		3328
902		2570		4257460		3320
903		2569		4262176		3328
904		2576		4266895		3324
905		2590		4271613		3317
906		2580		4276328		3334
907		2570		4281046		3313
908		2554		4285762		3316
909		2560		4290481		3322
910		2557		4295197		3327
911		2573		4299912		3331
912		2566		4304629		3333
913		2573		4309346		3332
914		2573		4314064		3333
915		2556		4318783		3317
916		2575		4323497		3316
917		2580		4328205		3313
918		2575		4332921		3322
919		2573		4337639		3321
920		2560		4342352		3324
921		2576		4347067		3318
922		2546		4351783		3318
923		2553		4356501		3312
924		2539		4361220		3320
925		2555		4365933		3332
926		2551		4370651		3330
927		2571		4375369		3314
928		2540		4380083		3330
929		2542		4384798		3331
930		2530		4389512		3324
931		2529		4394226		3332
932		2531		4398943		3317
933		2535		4403660		3324
934		2545		4408378		3321
935		2551		4413095		3327
936		2548		4417810		3316
937		2521		4422526		3311
938		2533		4427238		3316
939		2535		4431953		3313
940		2530		4436669		3310
941		2505		4441385		3315
942		2520		4446103		3321
943		2519		4450821		3319
944		2518		4455539		3318
945		2511		4460255		3312
946		2512		4464971		3319
947		2531		4469687		3314
948		2518		4474405		3310
949		2515		4479122		3319
950		2521		4483837		3320
951		2531		4488553		3324
952		2540		4493270		3330
953		2542		4497987		3330
954		2531		4502705		3327
955		2542		4507420		3326
956		2534		4512134		3330
957		2528		4516851		3326
958		2534		4521563		3322
959		2525		4526278		3325
960		2534		4530994		3316
961		2520		4535712		3309
962		2527		4540430		3314
963		2522		4545148		3327
964		2510		4549861		3317
965		2526		4554578		3314
966		2518		4559292		3309
967		2526		4564009		3317
968		2521		4568727		3318
969		2511		4573444		3310
970		2515		4578161		3306
971		2519		4582873		3315
972		2517		4587589		3319
973		2496		4592306		3326
974		2495		4597021		3316
975		2515		4601735		3317
976		2510		4606450		3316
977		2533		4611166		3321
978		2523		4615880		3324
979		2505		4620595		3331
980		2507		4625311		3317
981		2519		4630029		3334
982		2542		4634746		3331
983		2536		4639461		3330
984		2531		4644177		3327
985		2522		4648891		3326
986		2512		4653608		3322
987		2515		4658322		3320
988		2531		4663040		3323
989		2523		4667753		3326
990		2527		4672470		3327
991		2538		4677183		3321
992		2531		4681898		3324
993		2550		4686613		3322
994		2552		4691328		3322
995		2556		4696044		3321
996		2557		4700760		3320
997		2552		4705478		3329
998		2551		4710195		3314
999		2556		4714910		3319
