# Migration is number of nodes that have changed color.

Round		Edge-Cut		Swaps		Migrations		Skipped
0		8781		4719		3007
1		8013		9436		3013
2		7541		14156		3057
3		7126		18874		3025
4		6893		23590		3083
5		6671		28307		3084
6		6495		33027		3102
7		6220		37745		3091
8		6079		42461		3084
9		5944		47172		3084
10		5847		51889		3078
11		5739		56602		3068
12		5684		61316		3090
13		5601		66033		3069
14		5544		70745		3090
15		5440		75457		3108
16		5381		80171		3123
17		5275		84879		3146
18		5252		89595		3107
19		5141		94309		3133
20		5091		99020		3144
21		5025		103733		3129
22		5027		108449		3143
23		4948		113158		3135
24		4941		117872		3132
25		4891		122584		3140
26		4873		127300		3122
27		4854		132013		3129
28		4798		136728		3156
29		4779		141439		3142
30		4773		146149		3137
31		4776		150863		3145
32		4770		155578		3159
33		4727		160294		3131
34		4723		165004		3126
35		4699		169713		3121
36		4709		174424		3118
37		4628		179133		3125
38		4610		183846		3129
39		4596		188557		3124
40		4582		193270		3120
41		4564		197986		3144
42		4540		202695		3119
43		4524		207405		3116
44		4493		212115		3143
45		4513		216828		3136
46		4495		221538		3147
47		4444		226248		3142
48		4480		230962		3145
49		4467		235678		3131
50		4457		240390		3142
51		4434		245103		3148
52		4422		249812		3153
53		4420		254524		3158
54		4395		259234		3162
55		4376		263947		3143
56		4382		268654		3156
57		4359		273368		3159
58		4384		278085		3153
59		4361		282799		3183
60		4355		287509		3152
61		4323		292222		3171
62		4317		296938		3147
63		4334		301647		3152
64		4297		306357		3150
65		4264		311070		3160
66		4260		315782		3165
67		4283		320497		3175
68		4299		325211		3191
69		4312		329923		3175
70		4257		334636		3162
71		4271		339348		3185
72		4266		344063		3196
73		4200		348776		3188
74		4176		353488		3197
75		4178		358203		3184
76		4159		362914		3184
77		4148		367631		3195
78		4166		372346		3196
79		4109		377058		3190
80		4109		381773		3197
81		4073		386485		3188
82		4076		391200		3190
83		4081		395918		3188
84		4079		400629		3198
85		4079		405345		3194
86		4115		410054		3197
87		4066		414764		3192
88		4060		419477		3194
89		4055		424186		3197
90		4019		428894		3179
91		4011		433602		3203
92		3998		438313		3209
93		3962		443029		3203
94		3983		447744		3213
95		3976		452454		3224
96		3972		457168		3208
97		3971		461880		3194
98		3959		466597		3213
99		3977		471308		3205
100		3971		476021		3211
101		3937		480732		3199
102		3915		485440		3206
103		3916		490154		3214
104		3901		494871		3220
105		3914		499584		3214
106		3919		504300		3188
107		3878		509012		3190
108		3874		513726		3184
109		3882		518439		3182
110		3892		523153		3188
111		3859		527867		3200
112		3851		532575		3191
113		3853		537287		3200
114		3852		542002		3186
115		3844		546713		3201
116		3842		551427		3191
117		3835		556143		3193
118		3866		560855		3199
119		3810		565571		3200
120		3829		570285		3184
121		3823		574999		3186
122		3800		579713		3208
123		3802		584425		3205
124		3833		589141		3215
125		3837		593853		3203
126		3832		598565		3224
127		3790		603279		3234
128		3801		607990		3248
129		3774		612704		3236
130		3757		617418		3226
131		3735		622131		3231
132		3727		626843		3242
133		3727		631555		3223
134		3722		636265		3222
135		3703		640980		3223
136		3704		645699		3239
137		3735		650413		3226
138		3736		655127		3224
139		3741		659837		3228
140		3721		664545		3216
141		3684		669257		3239
142		3696		673971		3235
143		3699		678685		3231
144		3677		683398		3244
145		3702		688105		3238
146		3706		692819		3243
147		3686		697537		3225
148		3688		702250		3222
149		3670		706959		3217
150		3669		711667		3212
151		3659		716377		3210
152		3672		721088		3206
153		3644		725801		3221
154		3637		730511		3230
155		3608		735231		3229
156		3632		739945		3226
157		3611		744661		3237
158		3608		749376		3226
159		3574		754094		3241
160		3585		758809		3260
161		3586		763521		3247
162		3609		768236		3243
163		3608		772947		3241
164		3580		777662		3260
165		3585		782378		3267
166		3557		787090		3260
167		3554		791805		3247
168		3547		796519		3241
169		3542		801234		3251
170		3531		805947		3250
171		3528		810660		3258
172		3538		815373		3270
173		3520		820090		3259
174		3542		824799		3261
175		3539		829516		3243
176		3518		834223		3228
177		3547		838936		3241
178		3541		843647		3236
179		3560		848356		3240
180		3524		853070		3243
181		3521		857784		3241
182		3522		862501		3250
183		3507		867216		3257
184		3482		871925		3251
185		3473		876642		3231
186		3463		881355		3243
187		3462		886073		3255
188		3445		890783		3257
189		3437		895498		3259
190		3446		900214		3260
191		3441		904929		3254
192		3432		909642		3259
193		3433		914355		3262
194		3442		919069		3245
195		3436		923784		3258
196		3440		928500		3260
197		3455		933215		3262
198		3448		937929		3258
199		3470		942642		3250
200		3451		947357		3264
201		3420		952066		3256
202		3410		956782		3258
203		3413		961499		3255
204		3456		966214		3274
205		3455		970928		3267
206		3456		975641		3256
207		3449		980352		3255
208		3461		985063		3272
209		3457		989781		3268
210		3411		994498		3264
211		3420		999212		3253
212		3442		1003921		3280
213		3417		1008634		3248
214		3412		1013349		3260
215		3399		1018059		3255
216		3404		1022770		3262
217		3410		1027485		3271
218		3420		1032197		3257
219		3365		1036913		3272
220		3371		1041626		3276
221		3388		1046341		3270
222		3374		1051057		3275
223		3397		1055775		3276
224		3400		1060493		3284
225		3406		1065212		3291
226		3389		1069927		3271
227		3400		1074644		3258
228		3394		1079362		3274
229		3373		1084076		3265
230		3376		1088790		3271
231		3375		1093504		3265
232		3348		1098218		3262
233		3359		1102934		3273
234		3360		1107648		3268
235		3357		1112364		3274
236		3347		1117081		3267
237		3321		1121798		3271
238		3307		1126513		3257
239		3320		1131231		3273
240		3319		1135938		3263
241		3295		1140649		3262
242		3297		1145363		3269
243		3307		1150080		3264
244		3307		1154793		3258
245		3289		1159508		3257
246		3286		1164222		3260
247		3292		1168940		3265
248		3265		1173657		3280
249		3264		1178371		3281
250		3279		1183085		3273
251		3287		1187800		3270
252		3286		1192510		3278
253		3307		1197226		3267
254		3306		1201939		3265
255		3261		1206654		3276
256		3298		1211367		3263
257		3276		1216082		3267
258		3276		1220794		3270
259		3258		1225506		3271
260		3267		1230219		3269
261		3245		1234935		3276
262		3252		1239648		3288
263		3216		1244362		3278
264		3222		1249073		3275
265		3191		1253788		3271
266		3200		1258503		3278
267		3223		1263218		3272
268		3201		1267931		3281
269		3216		1272647		3279
270		3218		1277357		3280
271		3188		1282066		3273
272		3215		1286775		3261
273		3233		1291493		3269
274		3217		1296209		3268
275		3193		1300924		3275
276		3205		1305640		3273
277		3204		1310354		3262
278		3199		1315069		3259
279		3176		1319782		3256
280		3166		1324497		3267
281		3164		1329208		3270
282		3162		1333921		3274
283		3118		1338633		3273
284		3133		1343351		3258
285		3131		1348068		3262
286		3116		1352786		3270
287		3125		1357502		3270
288		3126		1362220		3272
289		3113		1366933		3271
290		3130		1371649		3260
291		3113		1376361		3264
292		3114		1381077		3250
293		3089		1385793		3256
294		3099		1390505		3268
295		3106		1395220		3258
296		3126		1399937		3254
297		3113		1404651		3266
298		3093		1409364		3269
299		3100		1414077		3257
300		3099		1418792		3253
301		3078		1423508		3246
302		3086		1428221		3257
303		3087		1432932		3259
304		3113		1437648		3263
305		3084		1442365		3264
306		3083		1447080		3275
307		3092		1451796		3268
308		3103		1456510		3285
309		3102		1461226		3264
310		3094		1465940		3271
311		3094		1470652		3272
312		3108		1475367		3265
313		3111		1480084		3266
314		3110		1484801		3269
315		3072		1489511		3271
316		3072		1494227		3265
317		3068		1498943		3275
318		3045		1503659		3273
319		3051		1508376		3254
320		3057		1513091		3292
321		3082		1517804		3278
322		3075		1522518		3293
323		3064		1527230		3282
324		3081		1531947		3273
325		3057		1536662		3270
326		3068		1541380		3276
327		3052		1546091		3281
328		3054		1550807		3274
329		3049		1555523		3291
330		3018		1560238		3296
331		3021		1564950		3291
332		3034		1569664		3295
333		3013		1574377		3291
334		3033		1579091		3280
335		3023		1583804		3298
336		3002		1588514		3288
337		3013		1593231		3278
338		3015		1597947		3267
339		3013		1602661		3268
340		2986		1607378		3265
341		2991		1612093		3293
342		2995		1616806		3284
343		3009		1621516		3286
344		3033		1626232		3284
345		3033		1630951		3303
346		3036		1635666		3299
347		3040		1640382		3288
348		3010		1645098		3276
349		3000		1649816		3269
350		2989		1654532		3279
351		3009		1659251		3293
352		2990		1663962		3279
353		3009		1668681		3278
354		3001		1673397		3285
355		2984		1678111		3289
356		2961		1682825		3289
357		2983		1687538		3299
358		2966		1692252		3288
359		2976		1696968		3285
360		2989		1701684		3279
361		2990		1706397		3289
362		2985		1711109		3289
363		3006		1715820		3291
364		2981		1720537		3277
365		3000		1725253		3281
366		2994		1729967		3269
367		2987		1734681		3284
368		2968		1739397		3277
369		2979		1744114		3275
370		2962		1748826		3275
371		2998		1753543		3289
372		2996		1758253		3275
373		2996		1762965		3285
374		2981		1767682		3277
375		2951		1772397		3295
376		2964		1777115		3275
377		2974		1781828		3280
378		2978		1786543		3286
379		2958		1791257		3286
380		2994		1795974		3287
381		2984		1800690		3290
382		2981		1805404		3280
383		2981		1810118		3268
384		2958		1814833		3263
385		2958		1819545		3267
386		2941		1824260		3277
387		2951		1828974		3278
388		2955		1833691		3284
389		2944		1838406		3262
390		2941		1843123		3280
391		2947		1847841		3275
392		2954		1852557		3274
393		2945		1857275		3270
394		2923		1861986		3270
395		2928		1866703		3289
396		2931		1871415		3276
397		2960		1876132		3275
398		2947		1880847		3291
399		2939		1885566		3289
400		2946		1890280		3286
401		2932		1894994		3281
402		2931		1899709		3278
403		2942		1904425		3288
404		2939		1909139		3285
405		2937		1913856		3300
406		2954		1918573		3295
407		2940		1923288		3294
408		2929		1928006		3290
409		2924		1932720		3304
410		2921		1937437		3292
411		2938		1942149		3295
412		2941		1946867		3301
413		2937		1951583		3299
414		2958		1956298		3309
415		2929		1961014		3307
416		2939		1965731		3293
417		2926		1970447		3313
418		2928		1975163		3304
419		2916		1979877		3301
420		2923		1984593		3315
421		2929		1989309		3320
422		2925		1994023		3308
423		2900		1998735		3314
424		2920		2003446		3313
425		2936		2008158		3327
426		2919		2012872		3309
427		2913		2017591		3323
428		2924		2022304		3309
429		2917		2027021		3315
430		2920		2031735		3319
431		2910		2036449		3314
432		2897		2041164		3308
433		2901		2045876		3325
434		2894		2050590		3310
435		2912		2055307		3305
436		2898		2060021		3304
437		2887		2064739		3307
438		2891		2069451		3308
439		2897		2074165		3294
440		2895		2078884		3302
441		2898		2083599		3300
442		2931		2088315		3294
443		2951		2093032		3298
444		2906		2097748		3311
445		2902		2102463		3301
446		2909		2107181		3319
447		2906		2111893		3295
448		2898		2116606		3290
449		2901		2121324		3307
450		2884		2126039		3307
451		2888		2130757		3308
452		2869		2135473		3302
453		2886		2140187		3308
454		2889		2144906		3313
455		2875		2149623		3299
456		2892		2154339		3299
457		2868		2159051		3320
458		2861		2163762		3313
459		2874		2168477		3294
460		2875		2173189		3311
461		2864		2177900		3310
462		2865		2182613		3309
463		2879		2187330		3313
464		2865		2192047		3310
465		2846		2196759		3314
466		2848		2201477		3316
467		2835		2206191		3328
468		2847		2210905		3304
469		2854		2215620		3316
470		2869		2220331		3322
471		2872		2225048		3314
472		2854		2229763		3320
473		2827		2234481		3310
474		2820		2239194		3320
475		2808		2243912		3326
476		2816		2248629		3311
477		2792		2253345		3321
478		2797		2258060		3324
479		2819		2262776		3311
480		2809		2267496		3311
481		2813		2272214		3303
482		2786		2276930		3326
483		2803		2281646		3325
484		2777		2286358		3323
485		2773		2291077		3322
486		2791		2295793		3307
487		2793		2300510		3315
488		2758		2305226		3311
489		2768		2309944		3314
490		2759		2314658		3307
491		2780		2319368		3321
492		2766		2324084		3315
493		2746		2328800		3312
494		2760		2333518		3318
495		2777		2338234		3307
496		2773		2342949		3316
497		2773		2347667		3316
498		2780		2352384		3312
499		2762		2357098		3319
500		2782		2361813		3297
501		2780		2366525		3307
502		2762		2371241		3321
503		2753		2375956		3323
504		2760		2380670		3330
505		2750		2385381		3314
506		2744		2390098		3326
507		2760		2394813		3322
508		2753		2399529		3320
509		2755		2404247		3308
510		2766		2408964		3307
511		2776		2413676		3316
512		2782		2418393		3309
513		2768		2423110		3311
514		2766		2427824		3322
515		2800		2432538		3320
516		2771		2437251		3301
517		2768		2441966		3308
518		2764		2446680		3311
519		2768		2451393		3308
520		2782		2456110		3320
521		2749		2460828		3321
522		2772		2465546		3315
523		2780		2470265		3313
524		2797		2474980		3330
525		2777		2479696		3323
526		2793		2484413		3314
527		2781		2489130		3324
528		2782		2493841		3338
529		2782		2498554		3324
530		2791		2503269		3325
531		2783		2507981		3326
532		2786		2512700		3324
533		2761		2517416		3329
534		2781		2522130		3330
535		2769		2526847		3327
536		2762		2531561		3337
537		2777		2536278		3335
538		2789		2540997		3335
539		2763		2545714		3336
540		2774		2550427		3341
541		2780		2555143		3336
542		2775		2559854		3327
543		2789		2564570		3327
544		2779		2569288		3339
545		2782		2574006		3342
546		2778		2578718		3331
547		2758		2583431		3328
548		2755		2588147		3338
549		2744		2592863		3328
550		2754		2597575		3340
551		2740		2602288		3335
552		2727		2607004		3343
553		2742		2611718		3335
554		2753		2616433		3321
555		2750		2621146		3310
556		2731		2625861		3323
557		2763		2630579		3329
558		2764		2635296		3327
559		2733		2640012		3328
560		2731		2644729		3336
561		2725		2649446		3322
562		2717		2654164		3327
563		2716		2658879		3328
564		2718		2663598		3329
565		2721		2668312		3331
566		2729		2673029		3344
567		2742		2677741		3329
568		2728		2682454		3323
569		2735		2687170		3326
570		2728		2691886		3323
571		2730		2696602		3325
572		2720		2701317		3324
573		2702		2706030		3321
574		2707		2710745		3333
575		2697		2715459		3326
576		2714		2720176		3326
577		2710		2724895		3327
578		2724		2729609		3319
579		2721		2734326		3323
580		2713		2739037		3316
581		2721		2743751		3311
582		2730		2748463		3315
583		2719		2753174		3305
584		2718		2757889		3291
585		2715		2762606		3304
586		2722		2767319		3317
587		2727		2772036		3306
588		2715		2776747		3308
589		2710		2781461		3315
590		2707		2786178		3317
591		2718		2790893		3330
592		2731		2795610		3310
593		2717		2800324		3322
594		2713		2805042		3315
595		2706		2809759		3321
596		2705		2814472		3314
597		2710		2819186		3310
598		2717		2823902		3315
599		2712		2828619		3317
600		2707		2833334		3336
601		2704		2838049		3324
602		2725		2842766		3336
603		2701		2847483		3332
604		2704		2852201		3323
605		2740		2856920		3326
606		2725		2861636		3329
607		2696		2866350		3318
608		2696		2871068		3313
609		2693		2875777		3321
610		2697		2880494		3322
611		2702		2885211		3325
612		2713		2889926		3314
613		2715		2894641		3313
614		2717		2899356		3329
615		2707		2904075		3327
616		2683		2908789		3332
617		2706		2913503		3319
618		2670		2918217		3325
619		2686		2922933		3334
620		2683		2927648		3334
621		2675		2932365		3330
622		2687		2937079		3327
623		2659		2941794		3330
624		2664		2946510		3333
625		2668		2951223		3323
626		2678		2955940		3327
627		2689		2960654		3325
628		2683		2965370		3341
629		2715		2970085		3339
630		2673		2974798		3345
631		2653		2979511		3332
632		2656		2984225		3336
633		2672		2988942		3350
634		2661		2993659		3346
635		2686		2998374		3337
636		2698		3003086		3333
637		2689		3007801		3337
638		2679		3012516		3330
639		2683		3017231		3327
640		2670		3021944		3333
641		2669		3026656		3343
642		2662		3031373		3331
643		2655		3036092		3333
644		2663		3040806		3337
645		2667		3045523		3340
646		2622		3050241		3335
647		2636		3054956		3343
648		2634		3059673		3338
649		2627		3064390		3343
650		2625		3069108		3331
651		2621		3073820		3332
652		2624		3078534		3330
653		2631		3083252		3333
654		2637		3087967		3332
655		2640		3092684		3343
656		2647		3097402		3329
657		2671		3102117		3335
658		2669		3106831		3333
659		2645		3111546		3335
660		2632		3116264		3321
661		2659		3120978		3316
662		2658		3125695		3324
663		2665		3130414		3323
664		2646		3135124		3333
665		2623		3139839		3326
666		2619		3144557		3319
667		2636		3149271		3327
668		2629		3153988		3311
669		2632		3158701		3324
670		2638		3163418		3327
671		2648		3168135		3320
672		2657		3172850		3311
673		2624		3177567		3325
674		2623		3182283		3324
675		2641		3186998		3320
676		2628		3191712		3326
677		2639		3196426		3327
678		2628		3201138		3332
679		2635		3205853		3316
680		2637		3210571		3323
681		2626		3215287		3320
682		2617		3220000		3337
683		2625		3224716		3325
684		2618		3229434		3331
685		2632		3234145		3317
686		2634		3238858		3325
687		2647		3243572		3324
688		2632		3248285		3316
689		2636		3253000		3336
690		2630		3257713		3333
691		2631		3262431		3334
692		2631		3267143		3331
693		2630		3271856		3324
694		2624		3276571		3336
695		2628		3281285		3334
696		2641		3286001		3339
697		2645		3290711		3328
698		2639		3295425		3330
699		2642		3300141		3330
700		2625		3304855		3317
701		2617		3309570		3318
702		2609		3314285		3316
703		2638		3319001		3319
704		2625		3323714		3332
705		2615		3328428		3324
706		2601		3333144		3325
707		2606		3337862		3337
708		2608		3342575		3329
709		2604		3347293		3327
710		2601		3352004		3323
711		2595		3356720		3315
712		2591		3361434		3313
713		2616		3366151		3320
714		2598		3370865		3326
715		2602		3375583		3326
716		2583		3380297		3331
717		2576		3385007		3331
718		2583		3389719		3328
719		2578		3394432		3326
720		2596		3399144		3329
721		2599		3403859		3330
722		2600		3408574		3333
723		2606		3413291		3317
724		2615		3418005		3321
725		2604		3422718		3334
726		2589		3427433		3324
727		2607		3432152		3327
728		2615		3436871		3334
729		2623		3441582		3318
730		2637		3446298		3334
731		2602		3451010		3328
732		2606		3455727		3325
733		2592		3460439		3326
734		2599		3465156		3322
735		2603		3469873		3336
736		2605		3474588		3329
737		2596		3479303		3328
738		2604		3484017		3315
739		2607		3488733		3323
740		2601		3493447		3322
741		2604		3498166		3326
742		2593		3502881		3325
743		2606		3507594		3324
744		2580		3512312		3318
745		2585		3517029		3307
746		2598		3521743		3319
747		2583		3526455		3318
748		2595		3531171		3321
749		2584		3535885		3326
750		2572		3540599		3327
751		2585		3545312		3315
752		2589		3550028		3322
753		2579		3554745		3316
754		2584		3559462		3321
755		2576		3564174		3320
756		2566		3568889		3328
757		2571		3573603		3325
758		2576		3578320		3326
759		2589		3583037		3327
760		2601		3587756		3321
761		2605		3592470		3320
762		2606		3597188		3323
763		2579		3601902		3327
764		2584		3606617		3323
765		2605		3611334		3328
766		2622		3616052		3331
767		2620		3620764		3335
768		2614		3625477		3324
769		2625		3630193		3327
770		2608		3634912		3323
771		2584		3639627		3321
772		2592		3644345		3317
773		2568		3649061		3321
774		2554		3653781		3319
775		2557		3658500		3322
776		2546		3663217		3322
777		2564		3667931		3330
778		2582		3672646		3324
779		2571		3677364		3332
780		2566		3682076		3327
781		2597		3686792		3342
782		2587		3691510		3329
783		2567		3696226		3329
784		2563		3700940		3325
785		2556		3705658		3330
786		2571		3710374		3338
787		2563		3715089		3325
788		2545		3719800		3321
789		2554		3724516		3328
790		2544		3729229		3324
791		2563		3733946		3319
792		2547		3738658		3322
793		2551		3743369		3324
794		2556		3748081		3316
795		2547		3752797		3317
796		2538		3757515		3319
797		2544		3762231		3323
798		2550		3766947		3324
799		2540		3771659		3334
800		2554		3776376		3339
801		2554		3781089		3342
802		2544		3785803		3320
803		2574		3790517		3322
804		2560		3795235		3327
805		2559		3799952		3333
806		2549		3804664		3341
807		2547		3809380		3343
808		2552		3814096		3340
809		2553		3818814		3333
810		2512		3823528		3336
811		2510		3828242		3334
812		2502		3832958		3345
813		2511		3837667		3336
814		2524		3842384		3324
815		2536		3847098		3333
816		2571		3851814		3347
817		2534		3856528		3347
818		2538		3861244		3339
819		2519		3865960		3329
820		2543		3870677		3334
821		2522		3875395		3327
822		2548		3880111		3319
823		2546		3884825		3330
824		2522		3889544		3333
825		2528		3894261		3334
826		2531		3898977		3337
827		2531		3903695		3322
828		2527		3908415		3337
829		2512		3913132		3339
830		2510		3917844		3328
831		2517		3922562		3335
832		2519		3927280		3341
833		2519		3931996		3337
834		2498		3936710		3334
835		2499		3941428		3327
836		2498		3946145		3329
837		2502		3950861		3335
838		2502		3955577		3332
839		2525		3960295		3339
840		2527		3965011		3338
841		2524		3969726		3330
842		2515		3974441		3323
843		2520		3979155		3317
844		2517		3983872		3326
845		2509		3988588		3333
846		2520		3993308		3333
847		2515		3998024		3337
848		2510		4002741		3344
849		2522		4007456		3344
850		2557		4012173		3337
851		2560		4016892		3339
852		2524		4021608		3341
853		2547		4026323		3334
854		2526		4031038		3345
855		2537		4035753		3331
856		2545		4040468		3343
857		2544		4045182		3345
858		2530		4049899		3333
859		2519		4054615		3337
860		2523		4059327		3336
861		2543		4064044		3335
862		2520		4068760		3338
863		2542		4073475		3337
864		2520		4078190		3330
865		2531		4082909		3336
866		2511		4087625		3344
867		2511		4092341		3342
868		2505		4097054		3337
869		2523		4101772		3336
870		2532		4106487		3329
871		2533		4111202		3320
872		2520		4115916		3338
873		2529		4120631		3339
874		2527		4125345		3330
875		2542		4130061		3339
876		2545		4134775		3334
877		2535		4139490		3345
878		2513		4144206		3327
879		2525		4148920		3336
880		2523		4153637		3338
881		2541		4158351		3332
882		2540		4163070		3330
883		2532		4167783		3326
884		2517		4172499		3322
885		2510		4177211		3330
886		2500		4181926		3334
887		2541		4186641		3322
888		2547		4191358		3317
889		2546		4196073		3321
890		2529		4200792		3319
891		2517		4205508		3328
892		2509		4210216		3319
893		2517		4214932		3311
894		2501		4219645		3323
895		2509		4224361		3330
896		2522		4229078		3320
897		2520		4233797		3336
898		2508		4238509		3337
899		2516		4243223		3326
900		2495		4247940		3335
901		2498		4252658		3346
902		2489		4257370		3333
903		2474		4262086		3329
904		2495		4266800		3339
905		2504		4271515		3323
906		2491		4276230		3321
907		2488		4280946		3335
908		2490		4285660		3331
909		2474		4290375		3337
910		2499		4295090		3333
911		2504		4299803		3319
912		2493		4304519		3333
913		2480		4309231		3328
914		2492		4313947		3330
915		2488		4318661		3333
916		2497		4323379		3330
917		2502		4328095		3326
918		2488		4332807		3314
919		2491		4337521		3316
920		2496		4342237		3325
921		2506		4346952		3320
922		2483		4351666		3323
923		2488		4356381		3328
924		2492		4361092		3321
925		2502		4365806		3326
926		2480		4370523		3339
927		2482		4375241		3341
928		2476		4379960		3339
929		2492		4384674		3333
930		2483		4389393		3332
931		2474		4394111		3340
932		2490		4398826		3332
933		2470		4403540		3335
934		2501		4408254		3341
935		2494		4412969		3335
936		2487		4417685		3339
937		2460		4422402		3337
938		2464		4427119		3351
939		2470		4431833		3349
940		2452		4436549		3346
941		2457		4441268		3345
942		2470		4445984		3355
943		2471		4450701		3351
944		2461		4455419		3353
945		2463		4460134		3348
946		2455		4464850		3343
947		2462		4469565		3339
948		2454		4474282		3344
949		2464		4478997		3338
950		2467		4483713		3344
951		2467		4488427		3341
952		2474		4493144		3337
953		2478		4497863		3342
954		2494		4502580		3342
955		2481		4507298		3331
956		2482		4512014		3332
957		2484		4516729		3332
958		2497		4521443		3339
959		2509		4526153		3337
960		2506		4530867		3347
961		2493		4535584		3347
962		2472		4540301		3339
963		2467		4545015		3325
964		2481		4549733		3328
965		2461		4554451		3324
966		2459		4559167		3324
967		2457		4563887		3331
968		2450		4568603		3330
969		2454		4573320		3328
970		2468		4578037		3333
971		2447		4582752		3335
972		2446		4587469		3343
973		2456		4592185		3344
974		2463		4596900		3342
975		2467		4601618		3339
976		2466		4606334		3336
977		2464		4611052		3339
978		2456		4615767		3347
979		2468		4620487		3339
980		2464		4625203		3357
981		2471		4629918		3343
982		2456		4634631		3354
983		2441		4639343		3356
984		2441		4644060		3350
985		2433		4648777		3341
986		2447		4653494		3345
987		2452		4658210		3342
988		2457		4662928		3348
989		2457		4667640		3343
990		2443		4672358		3339
991		2452		4677075		3339
992		2459		4681791		3340
993		2452		4686506		3331
994		2448		4691221		3339
995		2447		4695936		3333
996		2456		4700651		3327
997		2450		4705368		3324
998		2449		4710085		3312
999		2442		4714801		3318
