# Migration is number of nodes that have changed color.

Round		Edge-Cut		Swaps		Migrations		Skipped
0		543		4720		58
1		536		9439		67
2		527		14159		70
3		533		18878		74
4		528		23597		71
5		532		28317		76
6		523		33036		76
7		535		37755		80
8		531		42475		80
9		524		47194		76
10		526		51912		74
11		535		56632		77
12		526		61350		77
13		524		66069		81
14		522		70789		83
15		517		75507		85
16		527		80226		87
17		515		84945		84
18		509		89664		79
19		512		94383		85
20		518		99102		86
21		527		103821		90
22		515		108541		84
23		516		113261		89
24		528		117981		90
25		526		122701		95
26		525		127421		93
27		521		132141		98
28		524		136860		98
29		527		141580		100
30		521		146300		94
31		521		151020		95
32		516		155740		92
33		509		160458		88
34		503		165177		86
35		511		169897		91
36		521		174615		94
37		516		179334		95
38		515		184053		89
39		509		188772		91
40		512		193490		90
41		508		198208		94
42		496		202927		94
43		500		207647		95
44		501		212367		98
45		500		217087		91
46		503		221806		96
47		495		226526		85
48		495		231246		87
49		501		235966		93
50		509		240686		93
51		496		245406		88
52		498		250125		89
53		491		254845		89
54		487		259564		89
55		487		264284		91
56		483		269004		89
57		500		273723		97
58		498		278443		93
59		499		283163		99
60		500		287883		98
61		499		292603		96
62		495		297322		100
63		500		302042		100
64		488		306760		97
65		492		311480		99
66		496		316200		98
67		502		320920		103
68		499		325640		102
69		491		330360		98
70		494		335079		96
71		501		339798		106
72		512		344518		109
73		504		349238		103
74		502		353958		104
75		500		358677		101
76		490		363397		99
77		489		368117		98
78		485		372837		102
79		482		377557		100
80		485		382277		99
81		480		386996		100
82		484		391715		101
83		490		396435		100
84		485		401153		98
85		477		405873		94
86		474		410592		96
87		480		415312		102
88		480		420032		104
89		480		424751		104
90		489		429471		112
91		477		434191		105
92		474		438910		99
93		479		443630		98
94		481		448349		100
95		482		453069		100
96		477		457789		104
97		482		462509		102
98		472		467229		102
99		471		471948		98
100		468		476667		98
101		473		481387		100
102		473		486106		99
103		475		490825		100
104		475		495544		99
105		476		500264		99
106		481		504984		102
107		474		509704		98
108		471		514421		96
109		468		519141		98
110		476		523859		91
111		472		528579		95
112		477		533299		96
113		478		538018		104
114		474		542738		100
115		478		547458		94
116		475		552178		93
117		473		556897		97
118		472		561617		98
119		474		566337		99
120		479		571057		104
121		482		575777		103
122		475		580497		98
123		472		585217		97
124		474		589937		101
125		471		594657		103
126		476		599377		103
127		483		604097		102
128		478		608817		105
129		474		613537		98
130		475		618256		98
131		479		622976		102
132		483		627696		104
133		484		632415		106
134		475		637135		101
135		478		641854		101
136		471		646574		104
137		472		651294		102
138		470		656012		101
139		460		660732		96
140		461		665450		97
141		463		670170		92
142		458		674890		94
143		460		679610		97
144		457		684329		96
145		461		689048		97
146		461		693767		100
147		456		698486		97
148		461		703206		99
149		461		707926		95
150		453		712646		94
151		450		717365		93
152		457		722084		94
153		460		726804		92
154		463		731524		94
155		457		736242		92
156		458		740960		92
157		461		745679		93
158		461		750399		93
159		466		755118		90
160		462		759838		95
161		462		764558		96
162		462		769277		99
163		459		773997		99
164		468		778717		95
165		472		783436		98
166		469		788155		96
167		467		792875		98
168		465		797595		96
169		463		802315		94
170		462		807035		95
171		459		811755		91
172		455		816474		93
173		460		821194		97
174		463		825912		91
175		467		830632		95
176		460		835351		91
177		464		840069		94
178		456		844788		92
179		456		849507		92
180		458		854225		94
181		460		858944		96
182		458		863664		96
183		457		868382		98
184		458		873102		97
185		463		877821		97
186		458		882541		96
187		452		887259		96
188		452		891979		96
189		452		896699		94
190		458		901418		97
191		452		906136		98
192		451		910855		97
193		450		915574		94
194		453		920294		95
195		454		925013		96
196		449		929731		95
197		451		934451		93
198		449		939170		94
199		459		943890		95
200		450		948609		93
201		455		953329		92
202		457		958047		95
203		458		962766		94
204		456		967486		96
205		460		972204		98
206		455		976924		91
207		456		981643		93
208		459		986362		95
209		463		991081		99
210		463		995801		102
211		470		1000521		105
212		468		1005240		102
213		467		1009960		101
214		467		1014679		101
215		468		1019399		99
216		457		1024118		95
217		466		1028838		96
218		462		1033556		99
219		461		1038276		103
220		463		1042996		107
221		461		1047716		103
222		460		1052434		99
223		460		1057151		103
224		464		1061869		104
225		469		1066588		109
226		467		1071308		108
227		460		1076028		105
228		462		1080747		106
229		465		1085466		104
230		461		1090186		102
231		467		1094905		106
232		462		1099624		104
233		463		1104344		104
234		458		1109064		104
235		457		1113782		106
236		461		1118501		106
237		461		1123221		108
238		457		1127941		108
239		464		1132661		104
240		458		1137380		103
241		454		1142098		103
242		453		1146817		103
243		458		1151536		96
244		456		1156255		98
245		463		1160974		105
246		458		1165694		106
247		461		1170414		105
248		459		1175133		101
249		457		1179853		104
250		452		1184573		104
251		456		1189292		107
252		453		1194012		103
253		455		1198732		105
254		457		1203452		103
255		455		1208171		103
256		464		1212890		109
257		461		1217610		105
258		460		1222330		101
259		457		1227050		103
260		462		1231769		98
261		461		1236488		105
262		469		1241208		107
263		465		1245927		102
264		458		1250645		107
265		462		1255365		108
266		458		1260085		104
267		462		1264805		104
268		465		1269523		105
269		466		1274243		111
270		460		1278963		106
271		459		1283683		111
272		462		1288403		110
273		463		1293122		108
274		466		1297841		108
275		464		1302561		107
276		469		1307279		106
277		462		1311999		106
278		463		1316718		103
279		460		1321438		102
280		460		1326157		104
281		460		1330877		108
282		454		1335597		104
283		454		1340316		101
284		456		1345036		101
285		459		1349755		115
286		454		1354475		109
287		458		1359195		108
288		451		1363915		103
289		460		1368633		103
290		463		1373353		108
291		468		1378073		108
292		467		1382792		107
293		464		1387512		101
294		459		1392231		100
295		456		1396950		98
296		462		1401669		100
297		455		1406388		98
298		455		1411107		98
299		459		1415827		102
300		461		1420547		100
301		455		1425266		96
302		459		1429985		102
303		457		1434705		100
304		463		1439425		104
305		455		1444145		98
306		454		1448865		96
307		450		1453585		96
308		446		1458304		95
309		449		1463023		95
310		456		1467742		101
311		447		1472462		100
312		451		1477182		101
313		446		1481902		99
314		450		1486621		101
315		452		1491341		101
316		452		1496061		104
317		452		1500780		104
318		455		1505499		102
319		454		1510219		100
320		454		1514939		104
321		448		1519659		97
322		451		1524379		101
323		453		1529099		104
324		454		1533819		108
325		452		1538539		106
326		451		1543259		104
327		453		1547979		103
328		444		1552697		103
329		451		1557417		101
330		450		1562137		101
331		459		1566856		103
332		456		1571576		102
333		449		1576296		102
334		447		1581016		102
335		448		1585735		103
336		447		1590454		102
337		447		1595173		100
338		454		1599892		102
339		458		1604612		102
340		456		1609332		110
341		454		1614052		110
342		455		1618772		112
343		455		1623492		108
344		450		1628212		108
345		450		1632932		108
346		449		1637650		110
347		453		1642370		111
348		453		1647090		111
349		453		1651810		107
350		450		1656530		105
351		448		1661250		105
352		446		1665970		103
353		448		1670690		107
354		443		1675410		105
355		447		1680130		106
356		446		1684850		106
357		443		1689570		104
358		446		1694289		104
359		450		1699009		104
360		447		1703729		104
361		456		1708449		104
362		462		1713169		107
363		454		1717889		113
364		454		1722609		109
365		452		1727328		106
366		450		1732048		104
367		450		1736768		106
368		454		1741486		106
369		445		1746206		106
370		452		1750926		106
371		447		1755646		108
372		448		1760365		105
373		446		1765085		102
374		451		1769804		106
375		449		1774524		106
376		448		1779244		106
377		456		1783963		110
378		455		1788683		112
379		454		1793402		108
380		448		1798121		109
381		448		1802841		105
382		444		1807560		107
383		448		1812280		107
384		453		1816999		107
385		450		1821718		105
386		446		1826437		103
387		448		1831157		105
388		446		1835876		113
389		441		1840596		103
390		443		1845316		104
391		447		1850036		103
392		438		1854756		103
393		438		1859475		103
394		437		1864195		101
395		438		1868914		103
396		440		1873633		105
397		443		1878353		104
398		443		1883073		104
399		440		1887793		104
400		439		1892513		103
401		437		1897233		102
402		448		1901952		101
403		447		1906672		101
404		446		1911392		105
405		445		1916112		105
406		443		1920832		103
407		443		1925552		107
408		444		1930271		106
409		441		1934990		105
410		444		1939710		105
411		441		1944430		102
412		445		1949150		104
413		441		1953870		101
414		442		1958590		102
415		442		1963310		105
416		442		1968030		106
417		442		1972750		106
418		442		1977470		106
419		449		1982190		107
420		443		1986910		113
421		441		1991630		111
422		442		1996350		107
423		440		2001070		109
424		439		2005790		109
425		446		2010509		107
426		445		2015229		111
427		444		2019948		109
428		441		2024668		110
429		442		2029388		107
430		445		2034108		105
431		446		2038828		111
432		450		2043548		107
433		444		2048267		107
434		442		2052987		105
435		441		2057707		109
436		443		2062426		107
437		439		2067146		107
438		445		2071866		107
439		442		2076586		109
440		447		2081306		111
441		443		2086025		107
442		446		2090745		107
443		443		2095465		106
444		442		2100184		107
445		441		2104904		106
446		437		2109624		103
447		442		2114343		105
448		446		2119062		108
449		445		2123782		108
450		443		2128500		110
451		447		2133218		112
452		442		2137938		110
453		439		2142657		110
454		439		2147377		110
455		441		2152097		110
456		445		2156817		111
457		442		2161537		114
458		441		2166257		113
459		445		2170977		110
460		445		2175697		112
461		447		2180417		114
462		440		2185137		114
463		439		2189856		114
464		443		2194576		116
465		444		2199296		115
466		443		2204016		113
467		443		2208735		116
468		440		2213454		115
469		436		2218174		113
470		436		2222894		110
471		444		2227614		113
472		445		2232334		113
473		441		2237054		112
474		438		2241772		113
475		440		2246491		114
476		438		2251211		114
477		445		2255931		116
478		441		2260651		114
479		438		2265370		115
480		446		2270088		114
481		446		2274808		112
482		444		2279526		114
483		452		2284246		113
484		441		2288966		114
485		440		2293686		112
486		447		2298406		114
487		443		2303126		114
488		443		2307846		111
489		442		2312566		112
490		445		2317286		108
491		439		2322006		109
492		445		2326726		111
493		443		2331446		111
494		443		2336166		109
495		442		2340886		110
496		443		2345606		113
497		442		2350326		111
498		445		2355046		113
499		446		2359765		112
500		445		2364484		111
501		452		2369203		111
502		444		2373923		108
503		451		2378641		109
504		447		2383361		107
505		442		2388081		108
506		436		2392800		106
507		442		2397519		107
508		443		2402238		106
509		446		2406957		109
510		440		2411676		107
511		443		2416396		107
512		443		2421116		107
513		443		2425835		108
514		444		2430555		106
515		439		2435275		106
516		441		2439995		106
517		440		2444713		106
518		444		2449431		104
519		442		2454151		106
520		443		2458871		107
521		443		2463591		107
522		441		2468311		103
523		440		2473030		101
524		438		2477750		104
525		442		2482470		108
526		448		2487190		108
527		443		2491910		105
528		441		2496630		105
529		439		2501350		105
530		441		2506068		104
531		439		2510788		106
532		443		2515506		105
533		438		2520226		103
534		435		2524945		105
535		443		2529665		105
536		444		2534385		107
537		444		2539105		108
538		451		2543825		107
539		450		2548545		108
540		446		2553265		106
541		447		2557985		110
542		443		2562705		104
543		443		2567425		108
544		445		2572144		108
545		442		2576864		110
546		440		2581583		106
547		444		2586302		107
548		444		2591021		108
549		442		2595741		106
550		443		2600461		112
551		439		2605181		110
552		442		2609901		109
553		446		2614621		109
554		445		2619341		111
555		442		2624061		109
556		443		2628781		107
557		438		2633501		105
558		434		2638221		107
559		436		2642941		109
560		438		2647661		109
561		436		2652380		107
562		443		2657100		109
563		441		2661820		107
564		447		2666540		106
565		439		2671260		110
566		441		2675980		110
567		440		2680697		113
568		446		2685417		115
569		443		2690136		113
570		443		2694856		111
571		443		2699576		111
572		443		2704296		114
573		441		2709016		114
574		442		2713736		116
575		447		2718455		116
576		441		2723175		110
577		439		2727895		110
578		440		2732615		116
579		442		2737335		116
580		435		2742054		111
581		440		2746774		116
582		439		2751493		114
583		442		2756213		114
584		448		2760932		114
585		452		2765652		118
586		436		2770372		111
587		438		2775092		113
588		437		2779812		111
589		446		2784532		113
590		443		2789250		113
591		436		2793970		111
592		438		2798690		111
593		435		2803410		108
594		436		2808130		108
595		436		2812850		108
596		441		2817570		114
597		441		2822290		109
598		440		2827010		113
599		443		2831730		109
600		443		2836449		111
601		439		2841169		107
602		437		2845888		107
603		437		2850607		106
604		435		2855327		108
605		434		2860045		108
606		439		2864765		111
607		428		2869485		108
608		430		2874203		109
609		436		2878922		109
610		438		2883641		114
611		440		2888361		110
612		432		2893081		109
613		428		2897801		109
614		431		2902520		109
615		433		2907240		108
616		429		2911959		109
617		435		2916679		109
618		438		2921399		111
619		441		2926119		111
620		447		2930839		117
621		436		2935559		115
622		438		2940278		120
623		440		2944997		118
624		436		2949717		113
625		434		2954437		114
626		432		2959157		110
627		434		2963876		110
628		430		2968594		109
629		433		2973314		113
630		440		2978034		113
631		435		2982753		111
632		435		2987473		109
633		436		2992193		112
634		432		2996913		114
635		439		3001633		112
636		433		3006352		113
637		435		3011072		115
638		436		3015792		115
639		437		3020512		113
640		429		3025232		113
641		431		3029951		113
642		437		3034669		115
643		428		3039389		112
644		429		3044109		110
645		428		3048829		110
646		426		3053549		110
647		428		3058267		110
648		429		3062987		112
649		424		3067707		109
650		428		3072427		107
651		429		3077147		107
652		431		3081867		107
653		423		3086587		109
654		424		3091307		105
655		419		3096026		105
656		424		3100746		103
657		423		3105466		109
658		425		3110185		105
659		426		3114905		107
660		423		3119624		109
661		423		3124344		107
662		425		3129064		107
663		428		3133783		109
664		428		3138502		107
665		425		3143221		107
666		422		3147941		105
667		424		3152660		105
668		422		3157380		105
669		422		3162100		105
670		429		3166820		109
671		423		3171540		109
672		426		3176260		105
673		422		3180980		107
674		425		3185699		105
675		421		3190419		105
676		421		3195139		105
677		420		3199859		103
678		420		3204579		105
679		421		3209299		103
680		421		3214019		105
681		415		3218739		103
682		417		3223458		103
683		422		3228177		109
684		419		3232897		107
685		426		3237617		111
686		422		3242337		105
687		420		3247057		105
688		419		3251777		105
689		416		3256497		103
690		424		3261217		107
691		419		3265937		105
692		416		3270657		107
693		419		3275376		107
694		419		3280096		107
695		422		3284816		107
696		422		3289536		109
697		420		3294256		109
698		418		3298976		109
699		419		3303696		107
700		417		3308416		105
701		423		3313136		107
702		426		3317856		109
703		421		3322575		110
704		425		3327293		112
705		423		3332013		112
706		421		3336733		110
707		419		3341453		111
708		421		3346173		111
709		427		3350893		111
710		425		3355612		113
711		421		3360331		113
712		428		3365050		117
713		419		3369770		113
714		418		3374490		111
715		418		3379209		111
716		416		3383929		109
717		415		3388649		109
718		419		3393369		111
719		414		3398088		111
720		416		3402807		111
721		413		3407525		111
722		415		3412245		111
723		421		3416965		111
724		414		3421685		109
725		417		3426405		111
726		417		3431125		109
727		417		3435845		109
728		418		3440562		111
729		425		3445281		113
730		422		3450001		115
731		419		3454721		115
732		422		3459441		115
733		419		3464160		115
734		419		3468879		115
735		423		3473599		115
736		426		3478319		115
737		421		3483038		117
738		420		3487758		118
739		421		3492478		119
740		424		3497198		119
741		422		3501918		117
742		416		3506637		115
743		419		3511357		111
744		424		3516076		115
745		422		3520795		113
746		426		3525515		115
747		421		3530235		113
748		422		3534955		112
749		423		3539675		112
750		420		3544395		112
751		422		3549115		114
752		427		3553835		113
753		424		3558555		111
754		424		3563275		113
755		425		3567994		119
756		422		3572713		117
757		419		3577433		115
758		416		3582153		116
759		419		3586872		116
760		420		3591592		112
761		422		3596310		113
762		419		3601030		115
763		416		3605750		115
764		417		3610470		115
765		420		3615190		115
766		416		3619910		117
767		422		3624629		119
768		419		3629349		119
769		421		3634069		119
770		420		3638788		118
771		419		3643508		112
772		419		3648227		114
773		421		3652947		111
774		420		3657667		113
775		414		3662387		113
776		415		3667107		113
777		416		3671826		113
778		422		3676546		113
779		419		3681266		117
780		418		3685986		113
781		420		3690706		115
782		417		3695424		117
783		419		3700144		121
784		419		3704864		123
785		421		3709583		119
786		418		3714301		115
787		419		3719021		115
788		419		3723741		117
789		419		3728461		121
790		417		3733179		119
791		413		3737899		119
792		413		3742619		113
793		411		3747339		113
794		419		3752059		116
795		414		3756779		113
796		420		3761498		113
797		418		3766218		111
798		422		3770937		113
799		417		3775657		113
800		422		3780375		116
801		416		3785094		114
802		420		3789811		114
803		418		3794531		114
804		417		3799251		114
805		416		3803971		114
806		414		3808691		114
807		418		3813411		116
808		417		3818130		116
809		418		3822849		116
810		417		3827569		116
811		417		3832289		116
812		417		3837009		116
813		414		3841727		116
814		414		3846447		116
815		414		3851167		114
816		416		3855887		116
817		415		3860607		116
818		416		3865327		116
819		414		3870047		114
820		414		3874766		114
821		411		3879486		113
822		416		3884205		117
823		412		3888924		113
824		414		3893643		115
825		412		3898363		115
826		413		3903079		115
827		414		3907797		115
828		413		3912517		115
829		411		3917237		113
830		414		3921956		116
831		410		3926676		114
832		412		3931395		115
833		413		3936115		114
834		419		3940835		119
835		416		3945555		115
836		416		3950275		117
837		413		3954993		119
838		418		3959713		118
839		415		3964432		119
840		413		3969152		117
841		413		3973871		119
842		413		3978591		119
843		415		3983311		119
844		413		3988031		121
845		414		3992751		119
846		414		3997470		121
847		416		4002190		119
848		416		4006910		119
849		415		4011630		123
850		418		4016350		121
851		418		4021070		121
852		417		4025790		121
853		419		4030510		120
854		416		4035230		120
855		419		4039950		120
856		417		4044670		120
857		419		4049388		118
858		417		4054108		118
859		417		4058826		118
860		418		4063545		119
861		413		4068264		119
862		415		4072984		119
863		412		4077704		119
864		411		4082424		120
865		411		4087143		120
866		415		4091863		120
867		415		4096583		122
868		417		4101303		119
869		419		4106022		123
870		416		4110741		121
871		418		4115461		122
872		425		4120181		125
873		419		4124900		121
874		414		4129619		119
875		416		4134338		119
876		420		4139057		116
877		421		4143777		122
878		421		4148497		121
879		419		4153217		120
880		414		4157936		116
881		416		4162656		120
882		416		4167375		121
883		416		4172095		119
884		412		4176814		119
885		415		4181533		119
886		413		4186252		119
887		414		4190972		121
888		416		4195692		123
889		420		4200412		121
890		417		4205132		120
891		415		4209852		118
892		413		4214571		118
893		415		4219290		118
894		418		4224009		120
895		419		4228728		118
896		416		4233446		118
897		419		4238165		118
898		418		4242884		120
899		420		4247603		120
900		416		4252322		121
901		416		4257042		121
902		418		4261762		121
903		421		4266481		121
904		420		4271201		123
905		419		4275921		123
906		418		4280640		123
907		422		4285360		125
908		420		4290080		123
909		421		4294800		125
910		417		4299520		121
911		411		4304240		121
912		412		4308959		121
913		413		4313679		121
914		414		4318399		121
915		422		4323119		125
916		415		4327837		123
917		417		4332557		123
918		414		4337277		121
919		414		4341997		123
920		411		4346716		122
921		416		4351436		121
922		418		4356156		120
923		414		4360873		120
924		415		4365592		120
925		414		4370312		121
926		415		4375030		123
927		417		4379749		123
928		413		4384469		124
929		413		4389188		125
930		417		4393908		122
931		416		4398627		125
932		418		4403347		123
933		414		4408067		123
934		421		4412786		127
935		418		4417506		125
936		415		4422225		126
937		411		4426944		122
938		415		4431663		122
939		414		4436382		122
940		418		4441101		121
941		417		4445820		122
942		418		4450540		125
943		416		4455260		123
944		419		4459979		126
945		424		4464699		126
946		417		4469419		124
947		419		4474139		123
948		415		4478859		120
949		415		4483577		119
950		416		4488297		120
951		415		4493016		119
952		416		4497736		121
953		419		4502455		122
954		415		4507174		124
955		418		4511894		123
956		415		4516614		123
957		419		4521334		121
958		421		4526054		123
959		415		4530774		123
960		420		4535494		123
961		413		4540214		121
962		413		4544934		121
963		417		4549654		121
964		418		4554374		118
965		415		4559094		120
966		416		4563814		122
967		413		4568534		122
968		414		4573254		123
969		423		4577974		122
970		419		4582694		121
971		421		4587414		123
972		428		4592133		121
973		431		4596852		127
974		423		4601572		123
975		426		4606292		122
976		425		4611011		121
977		420		4615731		120
978		427		4620450		116
979		424		4625170		119
980		421		4629890		121
981		421		4634610		117
982		421		4639330		121
983		420		4644050		118
984		425		4648770		119
985		422		4653489		119
986		427		4658209		117
987		430		4662928		114
988		428		4667648		114
989		424		4672368		115
990		422		4677086		114
991		425		4681805		118
992		421		4686524		120
993		421		4691244		121
994		421		4695964		121
995		421		4700683		121
996		423		4705403		121
997		423		4710123		120
998		427		4714842		123
999		429		4719561		123
