# Migration is number of nodes that have changed color.

Round		Edge-Cut		Swaps		Migrations		Skipped
0		534		4036		65
1		531		7980		77
2		534		11830		83
3		538		15614		94
4		550		19207		96
5		551		22730		99
6		553		26067		98
7		554		29378		100
8		548		32529		100
9		553		35457		112
10		533		38250		114
11		525		40972		118
12		521		43490		114
13		518		45848		111
14		516		48074		115
15		518		50097		113
16		507		51858		118
17		512		53518		116
18		504		55026		112
19		503		56378		116
20		501		57531		117
21		492		58590		115
22		484		59521		112
23		490		60304		107
24		480		60987		109
25		482		61628		114
26		488		62110		114
27		476		62519		112
28		482		62890		119
29		483		63190		121
30		476		63416		120
31		481		63613		121
32		481		63793		119
33		478		63935		121
34		477		64054		122
35		471		64168		120
36		469		64271		121
37		464		64347		123
38		459		64406		125
39		449		64467		122
40		449		64510		118
41		449		64558		119
42		449		64593		117
43		445		64628		117
44		446		64659		120
45		441		64681		119
46		440		64750		117
47		440		64781		118
48		443		64811		118
49		439		64854		114
50		437		64886		116
51		441		64920		114
52		440		64950		117
53		439		64980		119
54		437		65027		116
55		434		65054		114
56		431		65099		117
57		431		65121		116
58		428		65140		113
59		426		65162		113
60		426		65181		115
61		426		65202		115
62		424		65221		110
63		422		65247		110
64		419		65273		110
65		418		65294		110
66		420		65314		107
67		420		65333		109
68		417		65347		109
69		417		65367		109
70		415		65382		106
71		409		65411		105
72		409		65423		107
73		408		65435		107
74		406		65448		106
75		407		65457		106
76		409		65476		108
77		411		65492		108
78		417		65522		111
79		415		65542		111
80		417		65560		111
81		409		65572		111
82		408		65597		112
83		407		65606		112
84		407		65623		112
85		408		65638		109
86		402		65651		111
87		405		65667		112
88		407		65678		112
89		407		65688		112
90		403		65708		112
91		403		65715		112
92		398		65722		110
93		398		65732		110
94		397		65738		110
95		398		65741		110
96		402		65747		110
97		397		65757		110
98		400		65767		110
99		395		65772		108
100		394		65779		108
101		397		65785		108
102		399		65796		108
103		396		65806		108
104		397		65810		108
105		398		65822		114
106		399		65838		115
107		398		65849		115
108		400		65858		111
109		401		65871		111
110		403		65899		113
111		398		65907		113
112		400		65942		113
113		401		65948		111
114		400		65975		110
115		403		65987		110
116		402		66002		110
117		401		66011		112
118		402		66029		110
119		404		66051		112
120		399		66070		110
121		399		66088		112
122		396		66096		111
123		397		66102		111
124		396		66108		111
125		396		66114		111
126		393		66120		111
127		393		66125		111
128		394		66134		111
129		393		66135		111
130		394		66140		111
131		394		66144		111
132		394		66147		111
133		393		66150		111
134		393		66153		111
135		393		66158		111
136		393		66160		111
137		391		66164		112
138		391		66168		112
139		391		66171		112
140		391		66174		112
141		391		66176		112
142		391		66178		112
143		391		66180		112
144		391		66182		112
145		392		66195		112
146		392		66198		112
147		392		66201		112
148		392		66204		111
149		393		66207		111
150		393		66213		111
151		392		66218		111
152		392		66222		111
153		393		66228		111
154		393		66231		111
155		394		66243		112
156		394		66247		112
157		393		66250		112
158		393		66256		112
159		393		66265		112
160		394		66270		112
161		392		66274		112
162		395		66282		112
163		392		66284		111
164		391		66286		111
165		394		66296		112
166		396		66300		112
167		395		66310		112
168		395		66316		112
169		396		66320		112
170		393		66327		112
171		391		66332		112
172		391		66332		112
173		391		66332		112
174		391		66332		112
175		391		66336		111
176		391		66340		111
177		390		66347		112
178		390		66347		112
179		390		66347		112
180		390		66347		112
181		390		66347		112
182		390		66347		112
183		390		66347		112
184		390		66347		112
185		390		66347		112
186		390		66347		112
187		390		66347		112
188		390		66347		112
189		390		66347		112
190		390		66347		112
191		390		66347		112
192		390		66347		112
193		390		66347		112
194		390		66347		112
195		390		66347		112
196		390		66347		112
197		390		66347		112
198		390		66347		112
199		390		66347		112
200		390		66347		112
201		390		66347		112
202		390		66347		112
203		390		66347		112
204		390		66347		112
205		390		66347		112
206		390		66347		112
207		390		66347		112
208		390		66347		112
209		390		66347		112
210		390		66347		112
211		390		66347		112
212		390		66347		112
213		390		66347		112
214		390		66347		112
215		390		66347		112
216		390		66347		112
217		390		66347		112
218		390		66347		112
219		390		66347		112
220		390		66347		112
221		390		66347		112
222		390		66347		112
223		390		66347		112
224		390		66347		112
225		390		66347		112
226		390		66347		112
227		390		66347		112
228		390		66347		112
229		390		66347		112
230		390		66347		112
231		390		66347		112
232		390		66347		112
233		390		66347		112
234		390		66347		112
235		390		66347		112
236		390		66347		112
237		390		66347		112
238		390		66347		112
239		390		66347		112
240		390		66347		112
241		390		66347		112
242		390		66347		112
243		390		66347		112
244		390		66347		112
245		388		66348		112
246		389		66349		112
247		391		66352		112
248		388		66353		111
249		390		66355		111
250		387		66360		111
251		385		66361		111
252		385		66361		111
253		385		66361		111
254		385		66361		111
255		385		66361		111
256		385		66361		111
257		385		66361		111
258		385		66361		111
259		385		66361		111
260		385		66361		111
261		385		66361		111
262		385		66361		111
263		385		66361		111
264		385		66361		111
265		385		66361		111
266		385		66361		111
267		385		66361		111
268		385		66361		111
269		385		66361		111
270		385		66361		111
271		385		66361		111
272		385		66361		111
273		385		66361		111
274		385		66361		111
275		385		66361		111
276		385		66361		111
277		385		66361		111
278		385		66361		111
279		385		66361		111
280		385		66361		111
281		385		66361		111
282		385		66361		111
283		385		66361		111
284		385		66361		111
285		385		66361		111
286		385		66361		111
287		385		66361		111
288		385		66361		111
289		385		66361		111
290		385		66361		111
291		385		66361		111
292		385		66361		111
293		385		66361		111
294		385		66361		111
295		385		66361		111
296		385		66361		111
297		385		66361		111
298		385		66361		111
299		385		66361		111
300		385		66361		111
301		385		66361		111
302		385		66361		111
303		385		66361		111
304		385		66361		111
305		385		66361		111
306		385		66361		111
307		385		66361		111
308		385		66361		111
309		385		66361		111
310		385		66361		111
311		385		66361		111
312		385		66361		111
313		385		66361		111
314		385		66361		111
315		385		66361		111
316		385		66361		111
317		385		66361		111
318		385		66361		111
319		385		66361		111
320		385		66361		111
321		385		66361		111
322		385		66361		111
323		385		66361		111
324		385		66361		111
325		385		66361		111
326		385		66361		111
327		385		66361		111
328		385		66361		111
329		385		66361		111
330		385		66361		111
331		385		66361		111
332		385		66361		111
333		385		66361		111
334		385		66361		111
335		385		66361		111
336		385		66361		111
337		385		66361		111
338		385		66361		111
339		385		66361		111
340		385		66361		111
341		385		66361		111
342		385		66361		111
343		385		66361		111
344		385		66361		111
345		385		66361		111
346		385		66361		111
347		385		66361		111
348		385		66361		111
349		385		66361		111
350		385		66361		111
351		385		66361		111
352		385		66361		111
353		385		66361		111
354		385		66361		111
355		385		66361		111
356		385		66361		111
357		385		66361		111
358		385		66361		111
359		385		66361		111
360		385		66361		111
361		385		66361		111
362		385		66361		111
363		385		66361		111
364		385		66361		111
365		385		66361		111
366		385		66361		111
367		385		66361		111
368		385		66361		111
369		385		66361		111
370		385		66361		111
371		385		66361		111
372		385		66361		111
373		385		66361		111
374		385		66361		111
375		385		66361		111
376		385		66361		111
377		385		66361		111
378		385		66361		111
379		385		66361		111
380		385		66361		111
381		385		66361		111
382		385		66361		111
383		385		66361		111
384		385		66361		111
385		385		66361		111
386		385		66361		111
387		385		66361		111
388		385		66361		111
389		385		66361		111
390		385		66361		111
391		385		66361		111
392		385		66361		111
393		385		66361		111
394		385		66361		111
395		385		66361		111
396		385		66361		111
397		385		66361		111
398		385		66361		111
399		385		66361		111
400		385		66361		111
401		385		66361		111
402		385		66361		111
403		385		66361		111
404		385		66361		111
405		385		66361		111
406		385		66361		111
407		385		66361		111
408		385		66361		111
409		385		66361		111
410		385		66361		111
411		385		66361		111
412		385		66361		111
413		385		66361		111
414		385		66361		111
415		385		66361		111
416		385		66361		111
417		385		66361		111
418		385		66361		111
419		385		66361		111
420		385		66361		111
421		385		66361		111
422		385		66361		111
423		385		66361		111
424		385		66361		111
425		385		66361		111
426		385		66361		111
427		385		66361		111
428		385		66361		111
429		385		66361		111
430		385		66361		111
431		385		66361		111
432		385		66361		111
433		385		66361		111
434		385		66361		111
435		385		66361		111
436		385		66361		111
437		385		66361		111
438		385		66361		111
439		385		66361		111
440		385		66361		111
441		385		66361		111
442		385		66361		111
443		385		66361		111
444		385		66361		111
445		385		66361		111
446		385		66361		111
447		385		66361		111
448		385		66361		111
449		385		66361		111
450		385		66361		111
451		385		66361		111
452		385		66361		111
453		385		66361		111
454		385		66361		111
455		385		66361		111
456		385		66361		111
457		385		66361		111
458		385		66361		111
459		385		66361		111
460		385		66361		111
461		385		66361		111
462		385		66361		111
463		385		66361		111
464		385		66361		111
465		385		66361		111
466		385		66361		111
467		385		66361		111
468		385		66361		111
469		385		66361		111
470		385		66361		111
471		385		66361		111
472		385		66361		111
473		385		66361		111
474		385		66361		111
475		385		66361		111
476		385		66361		111
477		385		66361		111
478		385		66361		111
479		385		66361		111
480		385		66361		111
481		385		66361		111
482		385		66361		111
483		385		66361		111
484		385		66361		111
485		385		66361		111
486		385		66361		111
487		385		66361		111
488		385		66361		111
489		385		66361		111
490		385		66361		111
491		385		66361		111
492		385		66361		111
493		385		66361		111
494		385		66361		111
495		385		66361		111
496		385		66361		111
497		385		66361		111
498		385		66361		111
499		385		66361		111
500		385		66361		111
501		385		66361		111
502		385		66361		111
503		385		66361		111
504		385		66361		111
505		385		66361		111
506		385		66361		111
507		385		66361		111
508		385		66361		111
509		385		66361		111
510		385		66361		111
511		385		66361		111
512		385		66361		111
513		385		66361		111
514		385		66361		111
515		385		66361		111
516		385		66361		111
517		385		66361		111
518		385		66361		111
519		385		66361		111
520		385		66361		111
521		385		66361		111
522		385		66361		111
523		385		66361		111
524		385		66361		111
525		385		66361		111
526		385		66361		111
527		385		66361		111
528		385		66361		111
529		385		66361		111
530		385		66361		111
531		385		66361		111
532		385		66361		111
533		385		66361		111
534		385		66361		111
535		385		66361		111
536		385		66361		111
537		385		66361		111
538		385		66361		111
539		385		66361		111
540		385		66361		111
541		385		66361		111
542		385		66361		111
543		385		66361		111
544		385		66361		111
545		385		66361		111
546		385		66361		111
547		385		66361		111
548		385		66361		111
549		385		66361		111
550		385		66361		111
551		385		66361		111
552		385		66361		111
553		385		66361		111
554		385		66361		111
555		385		66361		111
556		385		66361		111
557		385		66361		111
558		385		66361		111
559		385		66361		111
560		385		66361		111
561		385		66361		111
562		385		66361		111
563		385		66361		111
564		385		66361		111
565		385		66361		111
566		385		66361		111
567		385		66361		111
568		385		66361		111
569		385		66361		111
570		385		66361		111
571		385		66361		111
572		385		66361		111
573		385		66361		111
574		385		66361		111
575		385		66361		111
576		385		66361		111
577		385		66361		111
578		385		66361		111
579		385		66361		111
580		385		66361		111
581		385		66361		111
582		385		66361		111
583		385		66361		111
584		385		66361		111
585		385		66361		111
586		385		66361		111
587		385		66361		111
588		385		66361		111
589		385		66361		111
590		385		66361		111
591		385		66361		111
592		385		66361		111
593		385		66361		111
594		385		66361		111
595		385		66361		111
596		385		66361		111
597		385		66361		111
598		385		66361		111
599		385		66361		111
600		385		66361		111
601		385		66361		111
602		385		66361		111
603		385		66361		111
604		385		66361		111
605		385		66361		111
606		385		66361		111
607		385		66361		111
608		385		66361		111
609		385		66361		111
610		385		66361		111
611		385		66361		111
612		385		66361		111
613		385		66361		111
614		385		66361		111
615		385		66361		111
616		385		66361		111
617		385		66361		111
618		385		66361		111
619		385		66361		111
620		385		66361		111
621		385		66361		111
622		385		66361		111
623		385		66361		111
624		385		66361		111
625		385		66361		111
626		385		66361		111
627		385		66361		111
628		385		66361		111
629		385		66361		111
630		385		66361		111
631		385		66361		111
632		385		66361		111
633		385		66361		111
634		385		66361		111
635		385		66361		111
636		385		66361		111
637		385		66361		111
638		385		66361		111
639		385		66361		111
640		385		66361		111
641		385		66361		111
642		385		66361		111
643		385		66361		111
644		385		66361		111
645		385		66361		111
646		385		66361		111
647		385		66361		111
648		385		66361		111
649		385		66361		111
650		385		66361		111
651		385		66361		111
652		385		66361		111
653		385		66361		111
654		385		66361		111
655		385		66361		111
656		385		66361		111
657		385		66361		111
658		385		66361		111
659		385		66361		111
660		385		66361		111
661		385		66361		111
662		385		66361		111
663		385		66361		111
664		385		66361		111
665		385		66361		111
666		385		66361		111
667		385		66361		111
668		385		66361		111
669		385		66361		111
670		385		66361		111
671		385		66361		111
672		385		66361		111
673		385		66361		111
674		385		66361		111
675		385		66361		111
676		385		66361		111
677		385		66361		111
678		385		66361		111
679		385		66361		111
680		385		66361		111
681		385		66361		111
682		385		66361		111
683		385		66361		111
684		385		66361		111
685		385		66361		111
686		385		66361		111
687		385		66361		111
688		385		66361		111
689		385		66361		111
690		385		66361		111
691		385		66361		111
692		385		66361		111
693		385		66361		111
694		385		66361		111
695		385		66361		111
696		385		66361		111
697		385		66361		111
698		385		66361		111
699		385		66361		111
700		385		66361		111
701		385		66361		111
702		385		66361		111
703		385		66361		111
704		385		66361		111
705		385		66361		111
706		385		66361		111
707		385		66361		111
708		385		66361		111
709		385		66361		111
710		385		66361		111
711		385		66361		111
712		385		66361		111
713		385		66361		111
714		385		66361		111
715		385		66361		111
716		385		66361		111
717		385		66361		111
718		385		66361		111
719		385		66361		111
720		385		66361		111
721		385		66361		111
722		385		66361		111
723		385		66361		111
724		385		66361		111
725		385		66361		111
726		385		66361		111
727		385		66361		111
728		385		66361		111
729		385		66361		111
730		385		66361		111
731		385		66361		111
732		385		66361		111
733		385		66361		111
734		385		66361		111
735		385		66361		111
736		385		66361		111
737		385		66361		111
738		385		66361		111
739		385		66361		111
740		385		66361		111
741		385		66361		111
742		385		66361		111
743		385		66361		111
744		385		66361		111
745		385		66361		111
746		385		66361		111
747		385		66361		111
748		385		66361		111
749		385		66361		111
750		385		66361		111
751		385		66361		111
752		385		66361		111
753		385		66361		111
754		385		66361		111
755		385		66361		111
756		385		66361		111
757		385		66361		111
758		385		66361		111
759		385		66361		111
760		385		66361		111
761		385		66361		111
762		385		66361		111
763		385		66361		111
764		385		66361		111
765		385		66361		111
766		385		66361		111
767		385		66361		111
768		385		66361		111
769		385		66361		111
770		385		66361		111
771		385		66361		111
772		385		66361		111
773		385		66361		111
774		385		66361		111
775		385		66361		111
776		385		66361		111
777		385		66361		111
778		385		66361		111
779		385		66361		111
780		385		66361		111
781		385		66361		111
782		385		66361		111
783		385		66361		111
784		385		66361		111
785		385		66361		111
786		385		66361		111
787		385		66361		111
788		385		66361		111
789		385		66361		111
790		385		66361		111
791		385		66361		111
792		385		66361		111
793		385		66361		111
794		385		66361		111
795		385		66361		111
796		385		66361		111
797		385		66361		111
798		385		66361		111
799		385		66361		111
800		385		66361		111
801		385		66361		111
802		385		66361		111
803		385		66361		111
804		385		66361		111
805		385		66361		111
806		385		66361		111
807		385		66361		111
808		385		66361		111
809		385		66361		111
810		385		66361		111
811		385		66361		111
812		385		66361		111
813		385		66361		111
814		385		66361		111
815		385		66361		111
816		385		66361		111
817		385		66361		111
818		385		66361		111
819		385		66361		111
820		385		66361		111
821		385		66361		111
822		385		66361		111
823		385		66361		111
824		385		66361		111
825		385		66361		111
826		385		66361		111
827		385		66361		111
828		385		66361		111
829		385		66361		111
830		385		66361		111
831		385		66361		111
832		385		66361		111
833		385		66361		111
834		385		66361		111
835		385		66361		111
836		385		66361		111
837		385		66361		111
838		385		66361		111
839		385		66361		111
840		385		66361		111
841		385		66361		111
842		385		66361		111
843		385		66361		111
844		385		66361		111
845		385		66361		111
846		385		66361		111
847		385		66361		111
848		385		66361		111
849		385		66361		111
850		385		66361		111
851		385		66361		111
852		385		66361		111
853		385		66361		111
854		385		66361		111
855		385		66361		111
856		385		66361		111
857		385		66361		111
858		385		66361		111
859		385		66361		111
860		385		66361		111
861		385		66361		111
862		385		66361		111
863		385		66361		111
864		385		66361		111
865		385		66361		111
866		385		66361		111
867		385		66361		111
868		385		66361		111
869		385		66361		111
870		385		66361		111
871		385		66361		111
872		385		66361		111
873		385		66361		111
874		385		66361		111
875		385		66361		111
876		385		66361		111
877		385		66361		111
878		385		66361		111
879		385		66361		111
880		385		66361		111
881		385		66361		111
882		385		66361		111
883		385		66361		111
884		385		66361		111
885		385		66361		111
886		385		66361		111
887		385		66361		111
888		385		66361		111
889		385		66361		111
890		385		66361		111
891		385		66361		111
892		385		66361		111
893		385		66361		111
894		385		66361		111
895		385		66361		111
896		385		66361		111
897		385		66361		111
898		385		66361		111
899		385		66361		111
900		385		66361		111
901		385		66361		111
902		385		66361		111
903		385		66361		111
904		385		66361		111
905		385		66361		111
906		385		66361		111
907		385		66361		111
908		385		66361		111
909		385		66361		111
910		385		66361		111
911		385		66361		111
912		385		66361		111
913		385		66361		111
914		385		66361		111
915		385		66361		111
916		385		66361		111
917		385		66361		111
918		385		66361		111
919		385		66361		111
920		385		66361		111
921		385		66361		111
922		385		66361		111
923		385		66361		111
924		385		66361		111
925		385		66361		111
926		385		66361		111
927		385		66361		111
928		385		66361		111
929		385		66361		111
930		385		66361		111
931		385		66361		111
932		385		66361		111
933		385		66361		111
934		385		66361		111
935		385		66361		111
936		385		66361		111
937		385		66361		111
938		385		66361		111
939		385		66361		111
940		385		66361		111
941		385		66361		111
942		385		66361		111
943		385		66361		111
944		385		66361		111
945		385		66361		111
946		385		66361		111
947		385		66361		111
948		385		66361		111
949		385		66361		111
950		385		66361		111
951		385		66361		111
952		385		66361		111
953		385		66361		111
954		385		66361		111
955		385		66361		111
956		385		66361		111
957		385		66361		111
958		385		66361		111
959		385		66361		111
960		385		66361		111
961		385		66361		111
962		385		66361		111
963		385		66361		111
964		385		66361		111
965		385		66361		111
966		385		66361		111
967		385		66361		111
968		385		66361		111
969		385		66361		111
970		385		66361		111
971		385		66361		111
972		385		66361		111
973		385		66361		111
974		385		66361		111
975		385		66361		111
976		385		66361		111
977		385		66361		111
978		385		66361		111
979		385		66361		111
980		385		66361		111
981		385		66361		111
982		385		66361		111
983		385		66361		111
984		385		66361		111
985		385		66361		111
986		385		66361		111
987		385		66361		111
988		385		66361		111
989		385		66361		111
990		385		66361		111
991		385		66361		111
992		385		66361		111
993		385		66361		111
994		385		66361		111
995		385		66361		111
996		385		66361		111
997		385		66361		111
998		385		66361		111
999		385		66361		111
