# Migration is number of nodes that have changed color.

Round		Edge-Cut		Swaps		Migrations		Skipped
0		543		4720		58
1		536		9439		67
2		527		14159		72
3		537		18878		77
4		530		23597		72
5		529		28317		78
6		526		33037		81
7		530		37756		86
8		522		42476		84
9		518		47195		77
10		520		51914		79
11		529		56634		78
12		522		61354		83
13		530		66073		90
14		535		70792		90
15		522		75511		85
16		524		80231		89
17		522		84951		88
18		521		89671		89
19		519		94389		83
20		521		99108		89
21		518		103827		83
22		521		108546		87
23		521		113264		91
24		509		117983		90
25		516		122701		92
26		521		127421		99
27		511		132141		97
28		510		136861		99
29		504		141581		103
30		497		146300		98
31		498		151020		101
32		495		155740		99
33		505		160459		94
34		498		165179		92
35		504		169899		91
36		509		174617		95
37		512		179336		101
38		508		184056		100
39		505		188776		100
40		508		193496		103
41		503		198215		88
42		510		202935		94
43		506		207655		93
44		497		212374		95
45		492		217094		97
46		496		221814		98
47		507		226533		99
48		495		231253		94
49		485		235972		97
50		494		240692		98
51		486		245411		92
52		484		250130		96
53		483		254849		100
54		483		259569		97
55		487		264288		94
56		494		269006		99
57		486		273726		97
58		478		278446		93
59		487		283165		98
60		484		287884		101
61		484		292604		96
62		488		297324		103
63		487		302042		108
64		491		306762		101
65		485		311482		95
66		480		316202		95
67		485		320922		98
68		482		325642		95
69		482		330361		94
70		479		335081		99
71		484		339800		99
72		483		344519		98
73		485		349239		96
74		481		353959		93
75		486		358675		99
76		485		363393		95
77		486		368113		92
78		481		372831		90
79		491		377551		92
80		479		382271		91
81		481		386991		91
82		484		391711		94
83		490		396430		100
84		482		401147		99
85		476		405866		93
86		475		410585		91
87		477		415305		98
88		474		420023		96
89		480		424742		94
90		481		429461		98
91		478		434181		94
92		475		438898		91
93		476		443617		96
94		478		448335		95
95		487		453054		99
96		482		457774		100
97		481		462492		96
98		487		467210		105
99		490		471929		102
100		483		476649		99
101		485		481368		105
102		486		486086		106
103		490		490805		106
104		486		495525		101
105		483		500244		104
106		480		504964		104
107		489		509683		109
108		479		514403		110
109		478		519122		106
110		478		523842		105
111		474		528562		107
112		474		533282		108
113		472		538002		103
114		479		542721		107
115		476		547439		106
116		476		552158		107
117		472		556877		105
118		470		561596		107
119		476		566314		105
120		476		571034		105
121		469		575754		103
122		479		580473		109
123		474		585192		105
124		471		589911		105
125		474		594631		103
126		472		599350		107
127		474		604070		105
128		472		608790		105
129		478		613510		106
130		470		618230		104
131		472		622949		106
132		473		627669		104
133		472		632387		103
134		473		637107		105
135		470		641827		105
136		468		646546		105
137		468		651266		105
138		474		655985		112
139		477		660705		111
140		478		665425		111
141		473		670144		107
142		468		674863		106
143		471		679583		110
144		469		684302		108
145		465		689022		104
146		469		693742		105
147		463		698462		104
148		465		703181		102
149		469		707901		106
150		469		712621		108
151		465		717341		102
152		466		722061		103
153		466		726780		103
154		471		731499		104
155		467		736219		104
156		461		740939		104
157		460		745659		103
158		464		750378		101
159		471		755097		106
160		471		759817		103
161		474		764537		104
162		470		769257		102
163		471		773977		104
164		470		778696		107
165		460		783415		108
166		459		788135		105
167		461		792855		103
168		462		797574		103
169		460		802293		104
170		466		807013		109
171		460		811733		103
172		458		816452		103
173		462		821171		104
174		463		825890		103
175		462		830610		103
176		458		835330		100
177		465		840050		105
178		462		844770		106
179		462		849490		104
180		458		854210		106
181		464		858930		104
182		466		863650		108
183		464		868370		109
184		463		873089		110
185		467		877809		110
186		468		882529		111
187		473		887249		109
188		473		891969		109
189		468		896689		108
190		468		901409		108
191		464		906128		110
192		465		910848		104
193		470		915568		101
194		472		920288		105
195		465		925008		106
196		463		929725		103
197		467		934445		104
198		460		939165		102
199		463		943885		105
200		461		948605		103
201		463		953325		105
202		462		958044		106
203		462		962763		106
204		460		967482		106
205		463		972202		106
206		465		976922		108
207		460		981642		110
208		466		986362		110
209		465		991082		110
210		467		995802		110
211		467		1000521		112
212		472		1005240		107
213		464		1009958		108
214		469		1014678		109
215		468		1019398		110
216		468		1024118		113
217		468		1028838		109
218		464		1033558		111
219		463		1038277		110
220		470		1042997		115
221		467		1047716		112
222		467		1052436		112
223		461		1057156		112
224		460		1061876		110
225		465		1066596		112
226		462		1071316		112
227		462		1076036		112
228		462		1080756		112
229		461		1085476		112
230		457		1090195		110
231		457		1094914		109
232		461		1099633		109
233		462		1104353		111
234		472		1109073		114
235		457		1113793		110
236		457		1118513		108
237		467		1123233		113
238		462		1127953		107
239		461		1132672		107
240		455		1137392		109
241		459		1142112		113
242		456		1146831		106
243		457		1151549		108
244		455		1156267		107
245		454		1160987		105
246		458		1165706		105
247		459		1170425		105
248		459		1175145		108
249		460		1179864		107
250		464		1184584		108
251		455		1189303		106
252		456		1194023		107
253		460		1198742		109
254		458		1203462		109
255		459		1208181		109
256		451		1212900		107
257		454		1217619		107
258		455		1222339		107
259		458		1227058		106
260		459		1231778		107
261		464		1236498		108
262		463		1241218		106
263		460		1245937		107
264		466		1250656		115
265		459		1255375		113
266		459		1260095		113
267		460		1264815		112
268		456		1269534		109
269		460		1274254		107
270		459		1278974		107
271		461		1283694		109
272		457		1288413		108
273		458		1293133		111
274		461		1297852		108
275		459		1302569		108
276		456		1307289		106
277		455		1312007		106
278		458		1316727		109
279		461		1321447		111
280		457		1326167		111
281		455		1330886		111
282		451		1335606		111
283		456		1340326		112
284		460		1345046		110
285		456		1349765		108
286		455		1354484		110
287		457		1359204		110
288		461		1363924		110
289		458		1368643		113
290		462		1373363		111
291		455		1378083		108
292		451		1382803		109
293		451		1387523		111
294		451		1392242		106
295		446		1396961		108
296		449		1401681		110
297		452		1406400		111
298		447		1411119		110
299		454		1415839		113
300		447		1420559		112
301		446		1425278		114
302		450		1429998		113
303		446		1434717		111
304		452		1439437		114
305		450		1444156		110
306		449		1448875		111
307		450		1453594		109
308		454		1458314		115
309		456		1463034		115
310		452		1467754		119
311		458		1472474		120
312		456		1477194		117
313		454		1481913		117
314		457		1486632		118
315		457		1491351		111
316		450		1496070		117
317		459		1500790		115
318		459		1505510		118
319		457		1510230		120
320		460		1514949		117
321		456		1519669		117
322		453		1524388		119
323		460		1529107		124
324		458		1533826		123
325		455		1538545		120
326		452		1543264		114
327		455		1547984		112
328		445		1552702		110
329		443		1557421		111
330		448		1562141		109
331		444		1566859		108
332		448		1571579		110
333		453		1576299		113
334		452		1581019		110
335		450		1585739		108
336		449		1590459		111
337		454		1595179		115
338		454		1599899		114
339		452		1604618		112
340		449		1609337		115
341		444		1614057		111
342		447		1618776		111
343		454		1623495		113
344		452		1628214		117
345		458		1632931		119
346		457		1637650		117
347		450		1642370		113
348		451		1647089		113
349		451		1651809		115
350		453		1656529		114
351		455		1661247		112
352		457		1665967		118
353		458		1670686		114
354		453		1675405		114
355		453		1680125		118
356		449		1684845		114
357		451		1689565		114
358		450		1694285		118
359		453		1699005		120
360		452		1703724		121
361		449		1708443		117
362		450		1713163		119
363		449		1717883		119
364		446		1722603		121
365		448		1727322		117
366		446		1732042		115
367		446		1736762		115
368		447		1741481		116
369		451		1746200		120
370		451		1750920		121
371		448		1755639		120
372		454		1760358		121
373		452		1765078		119
374		455		1769797		117
375		449		1774516		115
376		452		1779236		117
377		452		1783955		116
378		451		1788674		114
379		447		1793394		112
380		453		1798114		110
381		445		1802834		114
382		446		1807554		112
383		448		1812273		113
384		450		1816992		110
385		453		1821712		110
386		449		1826432		111
387		453		1831152		111
388		450		1835872		112
389		453		1840592		115
390		450		1845311		115
391		451		1850030		116
392		451		1854749		116
393		457		1859467		117
394		455		1864186		111
395		453		1868906		114
396		453		1873626		117
397		450		1878344		114
398		447		1883062		117
399		446		1887780		119
400		446		1892499		116
401		445		1897217		115
402		451		1901937		113
403		453		1906657		117
404		458		1911375		122
405		451		1916094		121
406		454		1920814		118
407		452		1925534		118
408		455		1930254		117
409		458		1934973		120
410		457		1939691		121
411		447		1944410		119
412		449		1949129		117
413		448		1953849		117
414		452		1958568		121
415		453		1963288		121
416		454		1968006		118
417		445		1972724		115
418		454		1977444		119
419		451		1982163		115
420		448		1986883		119
421		451		1991603		117
422		446		1996323		115
423		447		2001043		115
424		446		2005763		115
425		447		2010482		113
426		445		2015202		116
427		449		2019921		115
428		443		2024640		118
429		444		2029360		119
430		451		2034080		120
431		446		2038800		120
432		451		2043520		121
433		453		2048239		122
434		448		2052958		120
435		460		2057677		124
436		453		2062396		118
437		448		2067114		119
438		445		2071834		117
439		445		2076554		119
440		445		2081273		118
441		443		2085992		118
442		445		2090712		122
443		445		2095432		120
444		446		2100151		124
445		447		2104871		121
446		443		2109591		124
447		444		2114310		121
448		447		2119030		124
449		445		2123749		123
450		447		2128468		123
451		446		2133187		123
452		444		2137907		124
453		448		2142626		124
454		443		2147345		123
455		444		2152065		122
456		441		2156784		122
457		445		2161504		124
458		441		2166224		122
459		443		2170944		123
460		444		2175663		123
461		445		2180382		119
462		453		2185101		121
463		460		2189821		122
464		458		2194541		122
465		453		2199261		122
466		454		2203981		120
467		449		2208699		118
468		458		2213417		119
469		451		2218137		122
470		453		2222856		124
471		450		2227576		122
472		443		2232295		120
473		447		2237014		117
474		445		2241733		118
475		441		2246453		118
476		441		2251169		117
477		440		2255889		115
478		440		2260608		116
479		443		2265327		117
480		444		2270046		119
481		442		2274764		117
482		441		2279483		118
483		442		2284201		116
484		453		2288921		117
485		438		2293641		115
486		435		2298358		114
487		436		2303078		116
488		434		2307796		115
489		435		2312515		116
490		436		2317234		116
491		443		2321954		118
492		444		2326673		118
493		443		2331392		118
494		443		2336111		115
495		441		2340831		122
496		444		2345551		117
497		439		2350270		118
498		446		2354989		119
499		445		2359709		117
500		450		2364429		115
501		444		2369149		120
502		447		2373869		120
503		446		2378588		117
504		448		2383307		117
505		450		2388026		119
506		444		2392746		118
507		444		2397466		120
508		450		2402185		116
509		438		2406905		116
510		447		2411624		119
511		442		2416344		118
512		440		2421064		121
513		444		2425784		122
514		433		2430503		117
515		434		2435223		117
516		431		2439942		117
517		433		2444662		117
518		431		2449382		117
519		429		2454101		119
520		430		2458820		115
521		429		2463540		117
522		437		2468260		119
523		433		2472980		115
524		431		2477700		119
525		431		2482419		117
526		432		2487138		117
527		429		2491857		115
528		427		2496576		115
529		425		2501296		113
530		424		2506016		113
531		427		2510735		115
532		431		2515454		115
533		429		2520172		115
534		428		2524891		111
535		432		2529611		113
536		429		2534331		113
537		430		2539050		113
538		430		2543769		115
539		423		2548487		113
540		423		2553206		111
541		422		2557925		111
542		422		2562644		111
543		419		2567364		111
544		420		2572084		109
545		423		2576803		111
546		428		2581523		111
547		428		2586242		113
548		422		2590962		111
549		425		2595682		111
550		424		2600400		111
551		426		2605120		111
552		431		2609839		111
553		430		2614559		111
554		432		2619278		113
555		424		2623997		111
556		427		2628716		115
557		427		2633436		111
558		427		2638156		111
559		427		2642876		112
560		425		2647596		111
561		429		2652314		111
562		430		2657034		111
563		428		2661753		113
564		428		2666473		109
565		422		2671192		111
566		424		2675912		111
567		430		2680631		112
568		428		2685349		111
569		429		2690069		111
570		428		2694787		111
571		432		2699507		113
572		428		2704227		111
573		424		2708947		111
574		423		2713663		109
575		426		2718382		109
576		434		2723102		111
577		426		2727820		111
578		427		2732540		109
579		425		2737260		109
580		425		2741980		109
581		423		2746699		109
582		428		2751418		113
583		421		2756136		106
584		421		2760856		110
585		425		2765576		112
586		429		2770296		113
587		431		2775015		114
588		426		2779735		110
589		429		2784454		112
590		427		2789174		112
591		423		2793894		112
592		423		2798610		112
593		425		2803330		112
594		421		2808048		110
595		420		2812767		110
596		427		2817486		114
597		436		2822204		116
598		431		2826923		112
599		425		2831642		112
600		424		2836362		115
601		428		2841081		117
602		430		2845799		115
603		428		2850518		115
604		427		2855238		112
605		423		2859958		113
606		433		2864677		116
607		427		2869397		114
608		425		2874117		115
609		421		2878836		115
610		423		2883556		115
611		421		2888276		115
612		424		2892995		116
613		425		2897714		115
614		422		2902431		115
615		426		2907151		117
616		420		2911868		114
617		423		2916588		115
618		428		2921308		117
619		432		2926025		115
620		431		2930743		115
621		433		2935462		113
622		425		2940180		117
623		425		2944900		117
624		425		2949620		115
625		427		2954338		115
626		425		2959057		115
627		423		2963776		114
628		431		2968496		117
629		427		2973216		115
630		427		2977935		115
631		429		2982654		119
632		432		2987374		119
633		429		2992092		117
634		429		2996811		119
635		432		3001530		118
636		429		3006249		116
637		430		3010969		116
638		424		3015688		117
639		428		3020408		119
640		432		3025128		117
641		428		3029846		117
642		431		3034565		115
643		424		3039285		115
644		425		3044005		115
645		425		3048725		114
646		431		3053444		114
647		428		3058164		114
648		426		3062884		113
649		425		3067604		114
650		428		3072322		117
651		425		3077041		113
652		424		3081761		112
653		425		3086481		113
654		429		3091199		113
655		425		3095918		114
656		429		3100637		115
657		425		3105356		115
658		429		3110074		116
659		433		3114793		118
660		431		3119513		117
661		430		3124232		117
662		430		3128952		116
663		433		3133671		114
664		432		3138391		113
665		428		3143111		113
666		430		3147830		115
667		432		3152549		113
668		428		3157269		115
669		430		3161989		113
670		432		3166707		115
671		438		3171427		117
672		440		3176146		118
673		437		3180864		119
674		441		3185584		118
675		445		3190300		121
676		440		3195020		121
677		438		3199739		115
678		443		3204458		115
679		435		3209178		117
680		434		3213897		121
681		431		3218616		122
682		433		3223336		122
683		432		3228056		120
684		433		3232776		120
685		434		3237494		121
686		439		3242213		119
687		443		3246933		118
688		442		3251653		124
689		441		3256373		123
690		438		3261093		118
691		446		3265812		117
692		442		3270532		121
693		438		3275251		122
694		442		3279970		122
695		436		3284690		121
696		434		3289410		120
697		433		3294130		118
698		439		3298850		118
699		432		3303570		120
700		428		3308290		120
701		431		3313010		123
702		434		3317730		122
703		435		3322450		121
704		434		3327170		122
705		431		3331889		119
706		434		3336609		119
707		439		3341329		119
708		438		3346049		124
709		438		3350768		121
710		437		3355488		119
711		437		3360207		119
712		435		3364927		120
713		435		3369646		118
714		441		3374366		121
715		435		3379083		120
716		434		3383803		120
717		435		3388522		120
718		435		3393242		120
719		443		3397961		120
720		437		3402681		120
721		439		3407401		120
722		436		3412119		120
723		434		3416839		118
724		431		3421559		120
725		429		3426277		120
726		434		3430996		123
727		436		3435716		123
728		436		3440435		122
729		430		3445154		122
730		434		3449874		122
731		430		3454594		122
732		435		3459313		120
733		428		3464032		118
734		430		3468751		114
735		435		3473471		118
736		429		3478189		116
737		430		3482908		115
738		425		3487625		116
739		429		3492344		116
740		429		3497063		116
741		434		3501783		117
742		435		3506502		119
743		431		3511221		119
744		432		3515940		121
745		435		3520660		123
746		430		3525380		122
747		434		3530098		120
748		436		3534817		119
749		432		3539536		120
750		434		3544256		120
751		431		3548975		121
752		437		3553695		118
753		443		3558415		120
754		445		3563133		120
755		433		3567853		122
756		428		3572573		118
757		427		3577293		116
758		430		3582013		119
759		433		3586733		120
760		432		3591452		126
761		436		3596171		127
762		432		3600891		127
763		433		3605611		127
764		436		3610328		127
765		436		3615048		127
766		430		3619768		122
767		430		3624488		120
768		433		3629207		118
769		430		3633924		118
770		431		3638643		114
771		433		3643363		118
772		435		3648083		120
773		438		3652803		121
774		431		3657522		124
775		432		3662242		123
776		435		3666961		123
777		432		3671680		123
778		437		3676398		121
779		435		3681117		121
780		432		3685837		123
781		436		3690557		126
782		435		3695276		126
783		432		3699995		126
784		431		3704715		126
785		432		3709435		128
786		430		3714155		125
787		424		3718873		122
788		427		3723593		121
789		425		3728312		120
790		421		3733032		120
791		422		3737751		119
792		429		3742471		125
793		422		3747191		123
794		424		3751911		123
795		422		3756631		122
796		424		3761350		122
797		423		3766070		123
798		423		3770790		121
799		423		3775510		121
800		428		3780230		124
801		421		3784950		124
802		428		3789669		124
803		421		3794388		124
804		422		3799106		124
805		423		3803826		124
806		429		3808546		125
807		425		3813265		125
808		427		3817984		124
809		427		3822704		125
810		427		3827424		127
811		425		3832144		127
812		423		3836864		129
813		425		3841584		128
814		425		3846303		128
815		425		3851020		127
816		431		3855739		128
817		428		3860457		129
818		423		3865177		129
819		423		3869897		129
820		423		3874616		129
821		423		3879335		129
822		427		3884055		128
823		423		3888774		129
824		427		3893493		129
825		425		3898212		129
826		425		3902932		129
827		425		3907650		131
828		429		3912368		131
829		425		3917088		131
830		423		3921807		130
831		421		3926527		130
832		423		3931247		131
833		423		3935967		131
834		423		3940687		129
835		423		3945407		129
836		423		3950127		129
837		424		3954847		130
838		421		3959567		131
839		429		3964287		129
840		423		3969007		127
841		419		3973727		126
842		419		3978446		126
843		419		3983166		127
844		423		3987885		126
845		419		3992605		127
846		414		3997324		126
847		416		4002044		127
848		418		4006762		129
849		414		4011481		126
850		418		4016198		126
851		418		4020917		124
852		416		4025637		126
853		417		4030357		127
854		421		4035076		126
855		415		4039794		126
856		414		4044513		126
857		413		4049232		126
858		418		4053952		123
859		419		4058672		123
860		421		4063392		124
861		422		4068110		122
862		423		4072830		122
863		421		4077550		126
864		420		4082270		125
865		423		4086990		126
866		416		4091710		124
867		419		4096430		126
868		423		4101150		128
869		425		4105870		127
870		420		4110590		127
871		423		4115310		131
872		420		4120030		129
873		416		4124750		126
874		416		4129470		125
875		421		4134190		125
876		414		4138910		126
877		414		4143630		126
878		419		4148350		128
879		419		4153070		123
880		417		4157790		122
881		423		4162510		122
882		425		4167230		125
883		425		4171950		125
884		420		4176669		122
885		421		4181389		125
886		429		4186109		129
887		437		4190829		133
888		432		4195549		132
889		431		4200269		131
890		427		4204989		127
891		428		4209709		131
892		430		4214427		132
893		429		4219146		131
894		422		4223865		129
895		425		4228585		133
896		427		4233304		132
897		426		4238024		129
898		428		4242744		126
899		425		4247462		127
900		421		4252182		123
901		423		4256901		122
902		421		4261621		124
903		425		4266341		123
904		428		4271061		124
905		425		4275781		124
906		428		4280500		127
907		426		4285220		128
908		424		4289938		128
909		432		4294658		129
910		432		4299377		127
911		427		4304093		128
912		427		4308813		127
913		429		4313533		129
914		427		4318253		131
915		427		4322972		130
916		422		4327692		129
917		429		4332412		130
918		426		4337132		130
919		431		4341851		133
920		428		4346571		130
921		434		4351291		134
922		429		4356011		131
923		427		4360730		133
924		429		4365450		132
925		426		4370170		130
926		423		4374890		131
927		425		4379609		129
928		421		4384329		129
929		416		4389049		125
930		418		4393769		127
931		417		4398489		125
932		417		4403209		125
933		420		4407929		129
934		426		4412649		127
935		432		4417368		127
936		424		4422087		127
937		422		4426806		127
938		425		4431526		128
939		425		4436246		131
940		421		4440966		130
941		427		4445686		134
942		428		4450406		133
943		430		4455125		134
944		432		4459844		138
945		432		4464564		140
946		425		4469284		136
947		428		4474004		138
948		426		4478724		136
949		425		4483444		138
950		423		4488164		138
951		433		4492884		139
952		430		4497604		139
953		431		4502324		132
954		432		4507044		133
955		425		4511764		131
956		422		4516484		129
957		424		4521204		132
958		420		4525924		130
959		424		4530643		130
960		428		4535363		131
961		424		4540083		132
962		433		4544803		129
963		429		4549522		128
964		422		4554242		132
965		422		4558962		132
966		426		4563681		134
967		424		4568400		134
968		424		4573120		132
969		425		4577839		130
970		424		4582559		132
971		422		4587279		132
972		422		4591998		132
973		424		4596716		132
974		426		4601435		132
975		427		4606153		131
976		427		4610873		130
977		428		4615593		132
978		428		4620312		133
979		427		4625032		132
980		426		4629751		128
981		424		4634471		128
982		425		4639191		130
983		426		4643911		128
984		421		4648631		128
985		424		4653351		130
986		424		4658070		129
987		426		4662789		128
988		425		4667509		127
989		424		4672229		127
990		424		4676948		126
991		425		4681668		125
992		425		4686388		126
993		423		4691107		127
994		421		4695827		128
995		420		4700547		128
996		424		4705267		128
997		422		4709987		128
998		424		4714707		129
999		422		4719427		130
