# Migration is number of nodes that have changed color.

Round		Edge-Cut		Swaps		Migrations		Skipped
0		543		4720		58
1		536		9439		67
2		527		14159		70
3		534		18878		75
4		532		23597		73
5		533		28317		79
6		530		33037		82
7		539		37756		86
8		532		42476		86
9		524		47195		80
10		527		51914		80
11		537		56634		81
12		530		61354		84
13		539		66074		91
14		537		70794		92
15		523		75514		90
16		532		80233		87
17		533		84953		91
18		530		89671		89
19		527		94391		91
20		523		99110		91
21		531		103829		95
22		538		108549		94
23		543		113268		105
24		531		117988		103
25		531		122708		96
26		534		127428		96
27		533		132148		97
28		528		136868		96
29		529		141588		100
30		525		146307		98
31		532		151027		99
32		528		155745		94
33		525		160464		92
34		523		165181		94
35		527		169899		99
36		527		174618		103
37		534		179337		101
38		525		184057		98
39		530		188776		96
40		526		193496		101
41		530		198214		97
42		528		202934		98
43		522		207654		92
44		520		212374		97
45		532		217094		99
46		529		221814		97
47		525		226534		94
48		521		231254		96
49		519		235972		94
50		528		240691		97
51		525		245410		96
52		523		250130		94
53		526		254850		96
54		524		259570		91
55		521		264289		95
56		516		269008		95
57		509		273728		92
58		512		278448		93
59		509		283166		91
60		508		287885		95
61		514		292604		98
62		510		297322		99
63		505		302041		99
64		504		306759		99
65		514		311479		97
66		508		316198		98
67		493		320917		94
68		510		325637		96
69		503		330355		95
70		510		335074		98
71		503		339793		93
72		514		344512		101
73		508		349232		98
74		515		353952		104
75		509		358672		95
76		508		363391		97
77		511		368111		94
78		514		372830		100
79		515		377550		102
80		512		382269		98
81		508		386988		100
82		511		391707		98
83		514		396426		102
84		506		401146		102
85		505		405866		101
86		501		410585		97
87		499		415303		100
88		494		420021		95
89		499		424738		94
90		504		429455		102
91		494		434174		95
92		492		438893		91
93		498		443613		96
94		495		448333		95
95		500		453052		96
96		499		457771		97
97		496		462491		100
98		500		467209		99
99		494		471928		96
100		495		476648		96
101		494		481368		98
102		492		486087		98
103		488		490806		92
104		491		495526		96
105		492		500246		98
106		495		504965		97
107		496		509683		100
108		494		514403		100
109		485		519123		97
110		484		523842		94
111		490		528559		96
112		496		533278		96
113		501		537997		104
114		509		542717		105
115		502		547436		108
116		503		552156		107
117		492		556876		102
118		499		561596		106
119		499		566315		106
120		494		571034		102
121		497		575754		105
122		503		580473		107
123		494		585193		107
124		493		589913		103
125		493		594632		105
126		494		599352		103
127		492		604068		107
128		498		608788		107
129		491		613506		107
130		499		618226		108
131		498		622945		108
132		498		627665		111
133		500		632384		109
134		502		637104		108
135		495		641824		109
136		493		646543		108
137		489		651263		107
138		488		655981		103
139		495		660701		109
140		486		665421		107
141		485		670140		107
142		486		674859		106
143		492		679579		112
144		485		684299		109
145		480		689019		102
146		485		693737		102
147		479		698455		100
148		483		703175		102
149		489		707895		102
150		489		712614		104
151		488		717334		101
152		491		722053		103
153		490		726773		107
154		493		731492		102
155		491		736212		103
156		494		740930		105
157		490		745650		103
158		489		750369		105
159		494		755089		109
160		486		759808		105
161		487		764528		105
162		494		769247		102
163		490		773966		102
164		490		778686		103
165		492		783406		106
166		488		788125		107
167		490		792844		106
168		489		797562		108
169		496		802282		114
170		495		807002		113
171		496		811721		114
172		490		816441		110
173		493		821161		114
174		487		825881		110
175		487		830600		110
176		489		835318		108
177		481		840038		106
178		484		844757		108
179		484		849476		108
180		486		854196		108
181		486		858916		108
182		490		863635		111
183		487		868355		110
184		490		873075		113
185		490		877794		110
186		491		882513		112
187		491		887232		110
188		494		891951		111
189		487		896670		112
190		486		901390		112
191		488		906110		113
192		485		910829		111
193		489		915549		113
194		489		920266		112
195		490		924986		115
196		494		929705		116
197		488		934424		112
198		491		939143		115
199		489		943863		116
200		488		948582		113
201		490		953300		112
202		485		958020		111
203		488		962740		115
204		489		967459		109
205		497		972178		113
206		493		976898		114
207		495		981617		116
208		494		986336		119
209		485		991056		111
210		488		995776		111
211		489		1000496		109
212		491		1005216		109
213		481		1009935		110
214		481		1014655		108
215		479		1019375		110
216		481		1024094		111
217		478		1028814		109
218		481		1033533		111
219		479		1038253		109
220		488		1042973		112
221		484		1047692		110
222		478		1052412		107
223		483		1057131		113
224		487		1061851		116
225		479		1066570		115
226		479		1071290		118
227		482		1076010		116
228		483		1080730		115
229		485		1085448		114
230		486		1090168		116
231		484		1094888		116
232		480		1099607		116
233		482		1104326		114
234		480		1109044		113
235		473		1113761		111
236		474		1118481		112
237		478		1123200		111
238		483		1127919		113
239		480		1132639		113
240		480		1137357		114
241		472		1142076		112
242		473		1146795		110
243		469		1151513		112
244		474		1156233		113
245		475		1160951		115
246		476		1165671		112
247		478		1170391		119
248		482		1175110		121
249		480		1179830		120
250		477		1184550		118
251		478		1189269		117
252		479		1193988		116
253		474		1198706		113
254		482		1203426		112
255		478		1208146		116
256		477		1212865		115
257		477		1217585		116
258		480		1222304		114
259		485		1227024		119
260		480		1231743		115
261		485		1236462		120
262		486		1241181		118
263		486		1245899		113
264		482		1250618		113
265		483		1255337		114
266		488		1260056		115
267		488		1264776		117
268		487		1269494		116
269		481		1274213		115
270		481		1278933		116
271		478		1283653		117
272		478		1288372		116
273		482		1293091		116
274		485		1297811		116
275		484		1302531		116
276		480		1307249		120
277		475		1311969		121
278		481		1316688		120
279		471		1321407		117
280		473		1326127		119
281		473		1330846		120
282		476		1335566		119
283		475		1340284		119
284		471		1345004		120
285		474		1349724		116
286		477		1354442		119
287		475		1359162		121
288		475		1363882		123
289		471		1368600		122
290		473		1373319		120
291		478		1378039		121
292		477		1382757		118
293		473		1387477		118
294		475		1392196		123
295		477		1396916		119
296		481		1401636		122
297		478		1406354		117
298		484		1411073		120
299		477		1415793		122
300		486		1420513		119
301		485		1425233		124
302		483		1429951		120
303		488		1434671		119
304		484		1439391		119
305		491		1444111		120
306		489		1448830		121
307		485		1453550		121
308		487		1458269		120
309		490		1462988		122
310		483		1467707		120
311		482		1472425		119
312		485		1477143		121
313		480		1481861		123
314		474		1486581		118
315		481		1491301		118
316		487		1496021		118
317		489		1500740		125
318		489		1505459		127
319		488		1510177		124
320		484		1514897		127
321		483		1519617		126
322		485		1524336		126
323		493		1529056		131
324		487		1533776		128
325		484		1538494		124
326		484		1543212		124
327		482		1547932		125
328		485		1552650		122
329		491		1557370		128
330		486		1562090		126
331		488		1566809		124
332		487		1571527		127
333		493		1576246		127
334		488		1580966		126
335		487		1585684		122
336		489		1590403		119
337		493		1595121		121
338		491		1599841		119
339		492		1604561		120
340		487		1609279		117
341		482		1613999		115
342		486		1618718		120
343		478		1623438		121
344		484		1628156		122
345		483		1632876		119
346		471		1637596		114
347		480		1642315		117
348		476		1647034		115
349		475		1651754		114
350		478		1656474		112
351		474		1661194		114
352		475		1665913		117
353		477		1670631		116
354		477		1675351		118
355		477		1680070		120
356		475		1684789		120
357		483		1689509		123
358		476		1694228		119
359		483		1698948		122
360		484		1703667		123
361		481		1708387		127
362		477		1713107		121
363		472		1717826		117
364		479		1722545		116
365		472		1727264		112
366		464		1731984		112
367		478		1736704		120
368		475		1741423		120
369		470		1746143		117
370		465		1750863		118
371		465		1755583		119
372		471		1760302		121
373		471		1765020		118
374		472		1769739		115
375		470		1774458		113
376		464		1779178		111
377		468		1783896		112
378		473		1788615		119
379		473		1793335		119
380		472		1798054		119
381		476		1802773		119
382		476		1807493		119
383		477		1812212		122
384		471		1816930		119
385		468		1821649		117
386		469		1826369		114
387		478		1831088		119
388		466		1835808		115
389		474		1840528		118
390		476		1845248		115
391		472		1849968		119
392		473		1854686		114
393		477		1859404		112
394		478		1864124		115
395		479		1868844		116
396		477		1873564		116
397		480		1878282		115
398		487		1883002		117
399		477		1887722		114
400		477		1892442		116
401		484		1897162		117
402		487		1901881		117
403		482		1906601		122
404		479		1911321		118
405		475		1916040		118
406		473		1920759		118
407		483		1925478		119
408		476		1930196		118
409		472		1934915		124
410		470		1939631		121
411		474		1944351		121
412		481		1949070		128
413		480		1953790		128
414		483		1958509		133
415		481		1963227		129
416		486		1967947		127
417		478		1972667		125
418		480		1977387		127
419		487		1982106		128
420		483		1986826		127
421		476		1991545		126
422		472		1996263		125
423		483		2000983		123
424		476		2005703		123
425		481		2010421		121
426		478		2015141		119
427		472		2019861		117
428		475		2024581		124
429		481		2029300		126
430		473		2034019		124
431		475		2038739		124
432		472		2043458		124
433		476		2048178		130
434		464		2052896		122
435		474		2057616		122
436		471		2062335		122
437		468		2067053		122
438		468		2071772		124
439		469		2076489		126
440		466		2081208		124
441		466		2085928		130
442		464		2090647		126
443		462		2095365		130
444		459		2100085		128
445		460		2104804		128
446		464		2109524		130
447		463		2114244		132
448		469		2118963		130
449		467		2123682		131
450		463		2128402		129
451		474		2133122		128
452		471		2137841		130
453		468		2142560		124
454		475		2147277		128
455		472		2151997		128
456		469		2156715		126
457		471		2161434		126
458		475		2166154		121
459		471		2170872		124
460		474		2175590		121
461		467		2180310		123
462		473		2185030		124
463		474		2189750		124
464		475		2194468		126
465		480		2199188		130
466		480		2203907		131
467		477		2208624		134
468		474		2213344		131
469		474		2218063		131
470		472		2222783		128
471		470		2227503		124
472		470		2232222		128
473		470		2236941		125
474		475		2241661		123
475		471		2246380		125
476		472		2251099		123
477		473		2255817		125
478		479		2260536		128
479		474		2265255		124
480		468		2269975		124
481		467		2274694		124
482		479		2279414		127
483		474		2284134		127
484		477		2288852		131
485		473		2293572		126
486		483		2298291		130
487		473		2303010		124
488		470		2307730		127
489		472		2312450		126
490		474		2317169		124
491		472		2321888		122
492		479		2326608		122
493		477		2331326		124
494		480		2336046		126
495		476		2340765		126
496		474		2345484		126
497		474		2350202		122
498		470		2354922		124
499		473		2359641		126
500		480		2364360		132
501		480		2369078		124
502		473		2373798		124
503		471		2378517		126
504		476		2383235		126
505		475		2387955		124
506		471		2392674		125
507		483		2397392		129
508		481		2402111		131
509		479		2406831		131
510		483		2411551		128
511		488		2416271		129
512		474		2420991		123
513		471		2425710		124
514		474		2430429		122
515		469		2435149		124
516		473		2439868		130
517		479		2444588		134
518		477		2449308		130
519		473		2454027		129
520		471		2458747		127
521		475		2463467		125
522		469		2468187		123
523		471		2472906		129
524		474		2477626		131
525		471		2482346		133
526		472		2487066		129
527		467		2491785		129
528		466		2496505		130
529		469		2501223		132
530		463		2505942		132
531		462		2510661		132
532		468		2515381		130
533		467		2520101		132
534		462		2524819		130
535		464		2529538		128
536		459		2534257		126
537		462		2538977		130
538		460		2543695		127
539		464		2548415		127
540		467		2553135		129
541		466		2557854		131
542		471		2562574		133
543		465		2567294		133
544		469		2572013		133
545		472		2576732		131
546		469		2581452		135
547		468		2586170		135
548		466		2590889		137
549		468		2595606		137
550		473		2600325		137
551		472		2605045		137
552		468		2609763		139
553		472		2614482		139
554		477		2619200		137
555		475		2623918		135
556		475		2628638		137
557		471		2633357		136
558		468		2638077		138
559		468		2642797		138
560		473		2647516		139
561		475		2652235		137
562		473		2656955		139
563		471		2661675		139
564		465		2666395		137
565		470		2671115		137
566		461		2675833		137
567		466		2680553		137
568		460		2685273		137
569		461		2689992		134
570		457		2694710		133
571		462		2699430		131
572		459		2704148		131
573		466		2708867		137
574		468		2713587		132
575		468		2718306		134
576		458		2723026		132
577		457		2727744		134
578		457		2732463		137
579		458		2737183		135
580		465		2741903		132
581		468		2746621		134
582		470		2751340		130
583		463		2756060		130
584		459		2760778		128
585		465		2765498		132
586		460		2770218		132
587		459		2774938		130
588		460		2779657		132
589		460		2784377		128
590		461		2789097		131
591		461		2793817		131
592		462		2798536		131
593		465		2803256		129
594		463		2807976		131
595		468		2812696		131
596		463		2817416		131
597		462		2822135		129
598		463		2826854		127
599		456		2831574		129
600		458		2836292		129
601		460		2841012		131
602		460		2845732		131
603		459		2850452		131
604		458		2855172		132
605		464		2859891		130
606		456		2864609		129
607		458		2869328		129
608		454		2874047		126
609		457		2878766		130
610		456		2883486		128
611		455		2888206		128
612		457		2892925		128
613		456		2897644		131
614		459		2902364		133
615		462		2907084		135
616		468		2911804		137
617		464		2916524		139
618		467		2921244		135
619		459		2925963		135
620		465		2930682		133
621		460		2935402		128
622		468		2940121		132
623		467		2944839		134
624		460		2949559		130
625		453		2954277		129
626		451		2958996		130
627		453		2963716		132
628		452		2968435		135
629		458		2973152		134
630		456		2977872		133
631		456		2982592		131
632		457		2987310		131
633		461		2992030		131
634		460		2996749		130
635		464		3001469		130
636		465		3006188		130
637		461		3010907		130
638		454		3015627		127
639		457		3020346		129
640		461		3025065		130
641		459		3029783		129
642		462		3034502		132
643		463		3039221		133
644		468		3043941		135
645		458		3048661		129
646		458		3053381		129
647		456		3058101		130
648		457		3062821		128
649		456		3067541		128
650		456		3072261		126
651		460		3076980		128
652		464		3081700		128
653		465		3086420		130
654		463		3091138		133
655		463		3095857		132
656		467		3100577		131
657		466		3105296		134
658		464		3110016		132
659		465		3114736		132
660		463		3119455		132
661		463		3124174		132
662		462		3128894		133
663		463		3133613		133
664		463		3138333		134
665		461		3143053		134
666		465		3147773		132
667		461		3152492		132
668		457		3157212		132
669		465		3161931		132
670		462		3166650		128
671		462		3171370		130
672		464		3176090		132
673		463		3180810		134
674		460		3185529		134
675		460		3190247		134
676		461		3194967		132
677		455		3199687		132
678		452		3204404		131
679		450		3209123		131
680		448		3213841		130
681		448		3218561		128
682		447		3223280		128
683		449		3227999		130
684		454		3232719		130
685		462		3237438		132
686		462		3242158		132
687		458		3246876		132
688		455		3251595		134
689		454		3256314		130
690		449		3261034		129
691		455		3265754		129
692		450		3270474		129
693		452		3275194		131
694		452		3279914		129
695		452		3284634		131
696		458		3289353		131
697		460		3294072		133
698		454		3298792		133
699		453		3303512		130
700		456		3308232		131
701		461		3312952		132
702		457		3317672		132
703		453		3322392		131
704		449		3327111		127
705		449		3331830		129
706		453		3336548		129
707		452		3341268		129
708		453		3345988		128
709		454		3350708		131
710		452		3355428		129
711		453		3360146		132
712		453		3364866		131
713		455		3369586		129
714		454		3374305		129
715		453		3379024		129
716		449		3383742		130
717		452		3388461		130
718		456		3393181		128
719		454		3397901		130
720		455		3402621		131
721		453		3407341		129
722		456		3412061		133
723		454		3416781		133
724		457		3421500		133
725		461		3426220		135
726		455		3430937		131
727		455		3435657		133
728		458		3440375		133
729		460		3445093		128
730		451		3449812		128
731		448		3454530		129
732		449		3459250		129
733		449		3463970		129
734		451		3468689		129
735		451		3473408		127
736		453		3478128		127
737		453		3482847		127
738		453		3487566		127
739		449		3492285		127
740		449		3497003		126
741		453		3501720		128
742		455		3506439		128
743		455		3511159		128
744		454		3515878		128
745		451		3520595		126
746		457		3525315		128
747		458		3530033		128
748		454		3534752		128
749		455		3539472		128
750		457		3544190		128
751		450		3548910		128
752		452		3553630		132
753		451		3558348		132
754		453		3563067		130
755		451		3567787		129
756		451		3572505		131
757		454		3577225		131
758		457		3581944		132
759		459		3586664		133
760		455		3591382		129
761		454		3596102		129
762		460		3600822		131
763		456		3605542		131
764		459		3610262		131
765		456		3614982		132
766		455		3619702		132
767		460		3624422		130
768		454		3629141		133
769		454		3633860		129
770		451		3638578		127
771		456		3643297		128
772		450		3648016		126
773		448		3652735		125
774		448		3657453		126
775		448		3662173		126
776		448		3666893		124
777		450		3671613		125
778		451		3676333		126
779		453		3681053		126
780		453		3685773		125
781		451		3690492		125
782		447		3695211		126
783		445		3699931		126
784		447		3704651		126
785		450		3709369		127
786		448		3714088		124
787		449		3718806		124
788		449		3723525		124
789		447		3728244		122
790		453		3732963		126
791		456		3737681		132
792		449		3742401		126
793		458		3747121		128
794		458		3751840		128
795		459		3756559		128
796		455		3761279		128
797		454		3765998		125
798		447		3770718		126
799		445		3775437		123
800		448		3780156		128
801		449		3784876		126
802		448		3789595		127
803		446		3794315		128
804		444		3799034		126
805		442		3803754		125
806		444		3808474		126
807		444		3813193		126
808		451		3817912		128
809		445		3822630		126
810		444		3827350		126
811		446		3832069		125
812		442		3836788		123
813		447		3841507		125
814		450		3846226		126
815		447		3850946		129
816		446		3855666		124
817		444		3860386		125
818		444		3865106		125
819		447		3869824		125
820		446		3874542		126
821		446		3879261		126
822		445		3883981		123
823		446		3888700		124
824		448		3893420		126
825		449		3898137		126
826		449		3902857		129
827		446		3907575		126
828		442		3912295		121
829		441		3917013		124
830		441		3921733		124
831		442		3926453		124
832		442		3931172		124
833		441		3935891		123
834		443		3940610		123
835		447		3945329		123
836		450		3950048		126
837		448		3954768		128
838		447		3959486		125
839		445		3964206		126
840		445		3968926		127
841		446		3973645		127
842		445		3978363		124
843		439		3983082		125
844		441		3987802		125
845		452		3992521		127
846		444		3997241		123
847		443		4001961		120
848		446		4006679		120
849		443		4011399		120
850		449		4016119		122
851		444		4020838		120
852		450		4025556		124
853		449		4030276		123
854		446		4034996		121
855		446		4039716		120
856		443		4044436		116
857		440		4049155		116
858		436		4053873		116
859		447		4058593		117
860		441		4063312		117
861		444		4068028		118
862		444		4072747		120
863		448		4077467		120
864		447		4082187		122
865		444		4086907		121
866		444		4091627		121
867		445		4096346		121
868		447		4101066		121
869		442		4105785		122
870		440		4110505		121
871		440		4115223		121
872		437		4119943		120
873		432		4124663		116
874		433		4129382		118
875		436		4134102		118
876		436		4138821		118
877		437		4143540		116
878		435		4148260		117
879		440		4152977		122
880		438		4157696		118
881		439		4162416		118
882		444		4167136		123
883		444		4171855		123
884		446		4176575		128
885		443		4181295		124
886		446		4186013		125
887		442		4190731		125
888		441		4195451		123
889		443		4200168		125
890		443		4204888		125
891		444		4209608		123
892		442		4214327		124
893		441		4219046		122
894		442		4223766		124
895		442		4228486		124
896		444		4233203		124
897		444		4237922		125
898		446		4242642		127
899		448		4247362		125
900		446		4252082		127
901		451		4256802		123
902		444		4261521		121
903		450		4266239		123
904		445		4270959		121
905		445		4275679		120
906		446		4280398		118
907		445		4285118		120
908		445		4289836		120
909		442		4294556		119
910		445		4299276		121
911		446		4303996		121
912		444		4308716		121
913		440		4313435		119
914		444		4318154		119
915		444		4322874		119
916		444		4327594		121
917		445		4332313		120
918		440		4337032		120
919		444		4341752		119
920		449		4346472		121
921		451		4351191		125
922		450		4355911		123
923		450		4360631		125
924		447		4365350		123
925		451		4370069		125
926		450		4374788		125
927		445		4379507		125
928		448		4384227		125
929		455		4388947		126
930		452		4393666		128
931		447		4398386		126
932		445		4403105		124
933		444		4407824		121
934		441		4412544		121
935		439		4417263		121
936		442		4421983		123
937		439		4426701		121
938		437		4431421		121
939		442		4436141		121
940		443		4440861		121
941		445		4445580		125
942		445		4450299		123
943		447		4455019		123
944		452		4459738		125
945		450		4464458		125
946		441		4469177		124
947		442		4473897		122
948		443		4478617		122
949		445		4483336		121
950		447		4488054		122
951		443		4492774		122
952		443		4497494		124
953		445		4502214		124
954		440		4506934		122
955		445		4511653		124
956		443		4516372		122
957		449		4521092		124
958		449		4525812		122
959		446		4530531		124
960		447		4535250		125
961		447		4539969		125
962		446		4544688		125
963		447		4549407		125
964		447		4554126		125
965		445		4558845		126
966		439		4563565		123
967		443		4568285		122
968		439		4573004		123
969		443		4577724		122
970		444		4582444		126
971		445		4587164		124
972		445		4591883		124
973		445		4596603		123
974		440		4601321		122
975		438		4606041		122
976		441		4610761		122
977		439		4615481		121
978		440		4620201		121
979		436		4624920		121
980		432		4629639		119
981		430		4634358		121
982		429		4639076		121
983		431		4643795		119
984		430		4648515		120
985		431		4653235		120
986		433		4657955		123
987		434		4662675		123
988		430		4667393		122
989		434		4672111		120
990		434		4676831		122
991		433		4681551		122
992		430		4686271		119
993		434		4690990		119
994		431		4695709		119
995		431		4700429		120
996		433		4705149		121
997		435		4709869		124
998		436		4714588		124
999		438		4719308		125
