# Migration is number of nodes that have changed color.

Round		Edge-Cut		Swaps		Migrations		Skipped
0		543		4720		58
1		536		9439		67
2		527		14159		70
3		533		18878		77
4		524		23598		76
5		530		28318		81
6		527		33038		79
7		532		37756		81
8		529		42476		78
9		524		47196		83
10		535		51916		90
11		529		56635		84
12		520		61355		83
13		516		66075		85
14		528		70794		84
15		512		75513		85
16		516		80232		93
17		503		84952		88
18		504		89672		90
19		505		94389		90
20		513		99109		96
21		510		103829		98
22		491		108549		92
23		493		113269		92
24		494		117989		93
25		494		122708		91
26		499		127427		91
27		505		132147		97
28		499		136866		100
29		506		141584		100
30		510		146304		96
31		503		151024		99
32		493		155743		93
33		504		160462		91
34		502		165182		94
35		501		169900		98
36		502		174620		100
37		504		179340		102
38		511		184058		103
39		508		188777		101
40		499		193497		94
41		501		198217		94
42		501		202937		95
43		497		207657		95
44		506		212376		101
45		502		217096		102
46		498		221815		99
47		497		226534		97
48		494		231253		97
49		500		235973		94
50		495		240692		94
51		499		245411		99
52		500		250131		99
53		500		254850		102
54		509		259570		106
55		496		264289		103
56		498		269009		107
57		490		273728		107
58		494		278448		100
59		501		283168		106
60		500		287887		103
61		500		292607		103
62		502		297327		104
63		500		302046		107
64		494		306765		101
65		498		311484		99
66		497		316204		105
67		498		320922		107
68		496		325640		107
69		492		330360		105
70		495		335080		105
71		498		339799		107
72		497		344518		104
73		499		349236		101
74		494		353954		103
75		493		358674		101
76		489		363393		100
77		488		368113		103
78		487		372832		103
79		489		377552		105
80		486		382272		107
81		483		386991		105
82		483		391711		106
83		485		396431		104
84		484		401151		110
85		480		405869		104
86		481		410589		107
87		475		415308		104
88		476		420027		100
89		482		424746		105
90		474		429465		105
91		477		434184		105
92		478		438903		101
93		476		443622		108
94		476		448342		108
95		477		453062		104
96		478		457782		106
97		479		462502		100
98		480		467222		104
99		476		471941		102
100		479		476661		104
101		467		481381		101
102		469		486099		103
103		461		490818		101
104		472		495538		103
105		465		500257		101
106		472		504976		106
107		468		509696		103
108		465		514415		103
109		469		519135		106
110		469		523854		100
111		471		528574		104
112		467		533294		99
113		469		538012		101
114		463		542731		99
115		463		547451		98
116		466		552171		95
117		461		556891		95
118		465		561610		98
119		463		566329		98
120		457		571048		95
121		460		575768		98
122		463		580486		104
123		459		585203		98
124		461		589923		97
125		460		594642		99
126		465		599362		94
127		462		604082		101
128		459		608802		98
129		461		613522		99
130		462		618242		99
131		466		622962		104
132		465		627682		102
133		469		632400		103
134		460		637118		105
135		456		641837		97
136		453		646557		97
137		453		651275		96
138		457		655994		98
139		457		660714		104
140		460		665433		105
141		455		670151		101
142		458		674871		102
143		460		679590		102
144		464		684310		99
145		462		689029		102
146		462		693749		107
147		462		698469		109
148		460		703188		106
149		464		707908		108
150		468		712628		108
151		461		717348		108
152		467		722068		108
153		462		726787		112
154		463		731506		112
155		465		736226		113
156		463		740946		112
157		468		745664		112
158		459		750384		109
159		454		755104		109
160		454		759824		109
161		463		764544		111
162		462		769263		107
163		458		773983		105
164		453		778703		106
165		457		783421		108
166		453		788141		104
167		453		792861		104
168		449		797581		100
169		452		802301		105
170		451		807021		103
171		450		811741		103
172		454		816461		103
173		453		821180		101
174		458		825900		101
175		453		830620		103
176		458		835338		103
177		452		840058		103
178		452		844778		102
179		456		849498		106
180		453		854218		104
181		455		858938		107
182		456		863658		105
183		455		868377		107
184		455		873097		105
185		467		877817		106
186		466		882536		107
187		463		887256		107
188		458		891976		102
189		462		896696		105
190		455		901415		105
191		461		906133		109
192		457		910853		102
193		458		915572		104
194		456		920292		102
195		458		925012		102
196		456		929732		101
197		459		934452		100
198		458		939171		100
199		451		943891		97
200		457		948611		100
201		458		953331		105
202		458		958050		105
203		455		962770		101
204		453		967490		97
205		456		972210		99
206		452		976930		96
207		447		981650		98
208		448		986369		99
209		447		991089		100
210		453		995809		104
211		453		1000528		106
212		457		1005248		103
213		457		1009968		103
214		458		1014688		103
215		458		1019408		106
216		452		1024127		103
217		456		1028846		104
218		462		1033566		107
219		466		1038285		108
220		461		1043005		108
221		463		1047724		111
222		458		1052444		104
223		458		1057163		102
224		460		1061883		104
225		463		1066603		108
226		460		1071323		107
227		457		1076043		106
228		462		1080763		108
229		460		1085482		108
230		463		1090201		112
231		464		1094920		115
232		466		1099640		112
233		465		1104359		111
234		457		1109077		113
235		460		1113797		112
236		462		1118517		111
237		455		1123236		113
238		460		1127956		119
239		463		1132675		115
240		461		1137394		113
241		455		1142113		111
242		453		1146832		109
243		451		1151551		110
244		454		1156270		110
245		457		1160989		114
246		453		1165709		110
247		457		1170428		112
248		465		1175148		116
249		457		1179868		111
250		458		1184588		111
251		455		1189308		107
252		456		1194028		108
253		460		1198747		110
254		460		1203467		112
255		452		1208187		106
256		456		1212907		106
257		455		1217627		106
258		457		1222347		105
259		462		1227067		107
260		459		1231787		108
261		456		1236507		106
262		454		1241227		105
263		456		1245945		107
264		454		1250665		105
265		453		1255385		103
266		458		1260104		105
267		455		1264824		105
268		466		1269544		110
269		455		1274264		106
270		459		1278984		114
271		458		1283704		110
272		457		1288424		114
273		465		1293144		111
274		458		1297864		105
275		455		1302583		107
276		454		1307303		107
277		452		1312023		107
278		457		1316742		107
279		452		1321462		106
280		456		1326182		103
281		456		1330902		108
282		455		1335621		103
283		451		1340341		103
284		450		1345061		105
285		450		1349781		105
286		455		1354500		109
287		454		1359220		109
288		458		1363940		110
289		451		1368659		104
290		453		1373379		108
291		455		1378099		107
292		453		1382818		109
293		456		1387538		108
294		455		1392258		112
295		450		1396978		108
296		454		1401698		111
297		452		1406416		111
298		458		1411136		116
299		456		1415856		115
300		455		1420576		112
301		455		1425295		114
302		462		1430014		116
303		460		1434734		114
304		462		1439454		112
305		456		1444174		112
306		456		1448894		110
307		457		1453614		112
308		463		1458334		116
309		461		1463054		120
310		460		1467773		120
311		459		1472493		119
312		463		1477213		120
313		457		1481933		114
314		460		1486653		116
315		463		1491373		117
316		456		1496093		116
317		457		1500813		120
318		455		1505533		119
319		455		1510253		119
320		459		1514973		119
321		459		1519693		119
322		456		1524413		117
323		457		1529133		120
324		454		1533853		118
325		451		1538573		116
326		451		1543293		115
327		453		1548012		117
328		452		1552732		119
329		452		1557452		119
330		458		1562172		120
331		453		1566892		119
332		458		1571612		121
333		456		1576332		121
334		458		1581052		117
335		456		1585771		117
336		458		1590490		118
337		459		1595210		120
338		450		1599927		114
339		449		1604647		114
340		454		1609365		116
341		455		1614084		117
342		458		1618804		117
343		465		1623524		119
344		456		1628243		119
345		456		1632962		119
346		461		1637681		119
347		457		1642401		114
348		452		1647121		118
349		459		1651840		116
350		451		1656560		118
351		448		1661279		118
352		448		1665999		117
353		452		1670719		119
354		456		1675438		122
355		455		1680157		120
356		460		1684877		123
357		458		1689597		120
358		454		1694316		121
359		452		1699036		120
360		450		1703756		120
361		450		1708474		118
362		454		1713193		117
363		453		1717913		115
364		445		1722632		119
365		446		1727352		119
366		447		1732071		120
367		447		1736790		120
368		447		1741509		120
369		451		1746229		122
370		457		1750948		123
371		458		1755668		127
372		457		1760388		120
373		454		1765107		125
374		459		1769825		126
375		466		1774545		128
376		464		1779264		129
377		459		1783983		126
378		467		1788703		130
379		462		1793422		127
380		466		1798141		127
381		459		1802861		125
382		457		1807581		129
383		457		1812301		125
384		455		1817021		125
385		454		1821740		125
386		453		1826460		125
387		452		1831180		125
388		449		1835899		127
389		455		1840619		129
390		460		1845339		129
391		454		1850059		129
392		452		1854778		128
393		447		1859498		128
394		447		1864217		122
395		442		1868937		126
396		442		1873657		128
397		446		1878377		124
398		450		1883096		127
399		448		1887814		127
400		449		1892534		130
401		445		1897253		126
402		450		1901972		134
403		449		1906691		132
404		447		1911410		126
405		446		1916130		124
406		448		1920848		122
407		448		1925568		126
408		442		1930286		122
409		440		1935006		122
410		442		1939726		124
411		449		1944446		124
412		441		1949166		122
413		447		1953886		126
414		440		1958606		124
415		442		1963326		122
416		443		1968044		126
417		448		1972764		130
418		443		1977484		126
419		448		1982204		127
420		449		1986924		131
421		447		1991644		130
422		449		1996364		129
423		452		2001083		132
424		445		2005802		129
425		442		2010519		129
426		443		2015239		127
427		439		2019958		124
428		443		2024677		128
429		444		2029395		127
430		439		2034115		124
431		447		2038833		126
432		447		2043552		127
433		446		2048272		127
434		446		2052992		123
435		451		2057710		129
436		448		2062430		127
437		446		2067149		133
438		441		2071869		127
439		442		2076589		129
440		444		2081309		129
441		448		2086029		127
442		447		2090749		128
443		450		2095469		130
444		454		2100188		132
445		458		2104906		133
446		455		2109626		133
447		462		2114343		136
448		447		2119061		124
449		441		2123781		128
450		441		2128500		129
451		440		2133220		126
452		442		2137940		129
453		439		2142659		128
454		438		2147378		128
455		441		2152097		127
456		445		2156816		130
457		442		2161536		127
458		449		2166256		131
459		445		2170976		128
460		446		2175695		131
461		435		2180415		126
462		433		2185134		125
463		437		2189854		129
464		434		2194574		128
465		436		2199293		129
466		437		2204013		130
467		436		2208733		132
468		446		2213452		130
469		441		2218171		133
470		440		2222891		130
471		440		2227611		130
472		442		2232329		132
473		439		2237048		130
474		441		2241768		130
475		438		2246488		128
476		438		2251208		129
477		439		2255928		134
478		440		2260646		130
479		439		2265364		129
480		440		2270084		129
481		446		2274804		129
482		457		2279524		132
483		448		2284244		130
484		441		2288963		129
485		438		2293683		127
486		435		2298400		129
487		434		2303120		130
488		434		2307839		130
489		433		2312559		131
490		430		2317278		129
491		431		2321998		129
492		435		2326717		130
493		433		2331436		129
494		434		2336156		131
495		431		2340876		131
496		430		2345596		129
497		434		2350316		129
498		436		2355036		132
499		436		2359756		132
500		435		2364476		134
501		433		2369196		131
502		435		2373916		129
503		443		2378636		129
504		442		2383356		130
505		439		2388076		132
506		438		2392796		133
507		442		2397515		133
508		439		2402234		130
509		440		2406954		127
510		440		2411673		129
511		440		2416392		131
512		437		2421112		129
513		435		2425831		128
514		437		2430550		130
515		438		2435270		130
516		438		2439990		127
517		439		2444710		129
518		438		2449430		127
519		437		2454149		129
520		440		2458868		128
521		442		2463587		127
522		442		2468307		128
523		449		2473027		130
524		436		2477747		127
525		437		2482467		130
526		445		2487185		133
527		437		2491904		129
528		438		2496623		130
529		436		2501343		129
530		443		2506063		135
531		447		2510782		136
532		441		2515502		137
533		444		2520221		134
534		447		2524939		132
535		448		2529658		132
536		449		2534377		135
537		438		2539097		135
538		441		2543817		127
539		440		2548537		126
540		441		2553255		128
541		441		2557975		132
542		443		2562694		134
543		444		2567414		132
544		436		2572133		130
545		436		2576853		130
546		431		2581572		134
547		431		2586292		134
548		433		2591012		131
549		432		2595732		134
550		432		2600452		134
551		433		2605172		136
552		431		2609892		135
553		431		2614612		133
554		433		2619330		129
555		430		2624048		132
556		438		2628768		132
557		435		2633487		131
558		432		2638206		133
559		430		2642926		130
560		429		2647645		129
561		428		2652365		131
562		429		2657085		134
563		434		2661804		132
564		431		2666524		132
565		427		2671244		130
566		430		2675964		130
567		430		2680683		128
568		430		2685402		128
569		432		2690122		129
570		436		2694842		129
571		437		2699562		127
572		430		2704281		130
573		433		2709000		132
574		427		2713720		131
575		429		2718439		133
576		426		2723159		130
577		426		2727879		132
578		427		2732599		132
579		426		2737318		132
580		434		2742036		133
581		435		2746754		133
582		435		2751473		135
583		432		2756193		133
584		431		2760913		133
585		427		2765633		130
586		430		2770352		132
587		429		2775072		133
588		437		2779791		132
589		438		2784510		134
590		431		2789229		135
591		435		2793949		134
592		433		2798669		134
593		435		2803389		137
594		431		2808109		135
595		430		2812828		133
596		430		2817548		135
597		432		2822267		135
598		432		2826986		131
599		429		2831706		133
600		429		2836426		131
601		431		2841146		131
602		430		2845865		131
603		428		2850584		133
604		434		2855303		136
605		437		2860022		135
606		438		2864742		132
607		431		2869461		134
608		438		2874181		133
609		437		2878899		133
610		433		2883618		130
611		436		2888338		134
612		434		2893057		136
613		436		2897777		132
614		438		2902495		132
615		432		2907215		132
616		443		2911935		134
617		434		2916655		134
618		437		2921375		139
619		438		2926094		138
620		438		2930814		137
621		438		2935534		135
622		436		2940254		136
623		441		2944974		139
624		438		2949692		139
625		438		2954410		135
626		438		2959130		137
627		437		2963849		139
628		435		2968569		138
629		433		2973288		137
630		438		2978008		138
631		440		2982728		138
632		437		2987448		139
633		446		2992168		137
634		440		2996888		137
635		436		3001607		138
636		436		3006327		135
637		441		3011045		136
638		434		3015765		136
639		434		3020485		136
640		436		3025204		138
641		438		3029923		136
642		437		3034641		134
643		434		3039360		136
644		434		3044078		136
645		435		3048798		134
646		435		3053518		134
647		440		3058237		134
648		437		3062956		133
649		435		3067675		131
650		445		3072394		131
651		443		3077114		127
652		438		3081833		128
653		444		3086553		130
654		440		3091273		130
655		448		3095992		125
656		445		3100712		127
657		435		3105432		129
658		440		3110152		128
659		442		3114871		128
660		439		3119590		129
661		443		3124310		129
662		447		3129029		129
663		447		3133749		132
664		447		3138468		134
665		444		3143186		132
666		444		3147905		128
667		448		3152625		129
668		446		3157344		131
669		445		3162064		131
670		441		3166783		132
671		445		3171503		132
672		444		3176222		132
673		444		3180942		134
674		437		3185662		136
675		442		3190382		138
676		439		3195102		135
677		438		3199821		136
678		433		3204541		135
679		430		3209261		133
680		429		3213979		133
681		430		3218698		133
682		429		3223418		130
683		431		3228138		132
684		431		3232856		131
685		429		3237576		133
686		431		3242295		131
687		435		3247015		130
688		436		3251733		128
689		435		3256453		129
690		442		3261173		129
691		447		3265893		128
692		442		3270610		130
693		437		3275328		128
694		437		3280048		128
695		439		3284767		128
696		439		3289485		130
697		435		3294205		130
698		436		3298923		130
699		436		3303642		128
700		431		3308359		128
701		433		3313077		131
702		436		3317796		134
703		432		3322515		130
704		434		3327233		136
705		439		3331953		135
706		437		3336671		134
707		439		3341391		132
708		431		3346109		129
709		429		3350829		128
710		431		3355548		127
711		433		3360268		129
712		428		3364988		129
713		432		3369707		131
714		432		3374427		132
715		435		3379146		136
716		436		3383864		132
717		432		3388582		132
718		435		3393302		131
719		433		3398022		130
720		432		3402741		129
721		433		3407461		130
722		431		3412181		132
723		436		3416900		132
724		433		3421619		132
725		432		3426339		130
726		439		3431059		132
727		436		3435778		127
728		437		3440498		131
729		439		3445217		130
730		434		3449936		130
731		429		3454656		128
732		427		3459375		128
733		432		3464095		129
734		428		3468815		126
735		428		3473534		126
736		426		3478254		127
737		434		3482973		127
738		434		3487693		129
739		429		3492411		127
740		428		3497131		125
741		426		3501851		127
742		425		3506570		127
743		430		3511289		127
744		432		3516009		130
745		435		3520728		130
746		428		3525447		129
747		429		3530167		129
748		430		3534886		133
749		431		3539606		133
750		428		3544324		129
751		431		3549043		129
752		429		3553763		129
753		427		3558483		128
754		427		3563201		128
755		427		3567921		129
756		429		3572640		131
757		427		3577360		129
758		425		3582080		129
759		422		3586800		127
760		424		3591519		128
761		422		3596239		128
762		427		3600958		132
763		430		3605678		126
764		431		3610397		129
765		424		3615116		130
766		426		3619835		132
767		428		3624555		130
768		425		3629275		130
769		428		3633995		130
770		431		3638715		130
771		430		3643433		129
772		430		3648150		130
773		434		3652869		130
774		430		3657588		132
775		435		3662307		130
776		434		3667026		133
777		432		3671745		130
778		433		3676464		131
779		443		3681183		135
780		435		3685903		132
781		435		3690623		132
782		434		3695343		134
783		432		3700063		133
784		433		3704782		131
785		434		3709502		132
786		436		3714222		134
787		439		3718941		136
788		436		3723661		134
789		431		3728381		134
790		435		3733100		133
791		435		3737820		129
792		432		3742540		131
793		433		3747260		131
794		434		3751979		128
795		438		3756699		130
796		436		3761419		132
797		443		3766138		135
798		440		3770858		134
799		437		3775577		131
800		437		3780296		131
801		444		3785016		131
802		446		3789736		135
803		441		3794456		139
804		436		3799174		139
805		437		3803894		137
806		435		3808614		137
807		437		3813334		138
808		437		3818054		137
809		437		3822773		140
810		435		3827493		138
811		435		3832213		137
812		443		3836933		138
813		450		3841653		140
814		441		3846373		141
815		438		3851093		143
816		440		3855813		141
817		439		3860533		136
818		432		3865252		133
819		433		3869971		134
820		431		3874690		136
821		433		3879410		131
822		432		3884130		133
823		432		3888850		139
824		431		3893570		137
825		433		3898290		135
826		431		3903010		137
827		431		3907730		136
828		428		3912450		134
829		429		3917170		136
830		429		3921890		136
831		430		3926609		136
832		434		3931329		136
833		432		3936049		137
834		433		3940769		135
835		436		3945489		135
836		438		3950208		135
837		437		3954928		137
838		435		3959648		137
839		433		3964367		136
840		434		3969087		135
841		431		3973807		135
842		433		3978527		135
843		433		3983246		135
844		438		3987965		136
845		436		3992685		140
846		429		3997404		139
847		430		4002124		140
848		433		4006842		137
849		434		4011562		137
850		435		4016282		137
851		433		4021001		139
852		433		4025721		139
853		430		4030441		135
854		432		4035161		135
855		436		4039880		137
856		444		4044600		140
857		440		4049319		140
858		442		4054039		140
859		447		4058758		137
860		437		4063478		135
861		434		4068198		135
862		432		4072918		135
863		433		4077637		135
864		431		4082357		135
865		429		4087076		131
866		428		4091796		131
867		428		4096514		131
868		430		4101233		131
869		432		4105953		134
870		436		4110673		134
871		436		4115392		137
872		436		4120112		137
873		442		4124832		138
874		442		4129549		140
875		442		4134269		140
876		443		4138989		140
877		440		4143709		142
878		434		4148426		145
879		433		4153145		140
880		436		4157865		140
881		437		4162585		144
882		436		4167305		142
883		433		4172025		142
884		436		4176745		144
885		435		4181465		139
886		434		4186185		141
887		432		4190905		141
888		434		4195622		141
889		434		4200341		136
890		439		4205060		138
891		439		4209780		143
892		437		4214500		141
893		439		4219220		143
894		435		4223940		142
895		444		4228660		144
896		436		4233379		142
897		436		4238098		144
898		443		4242818		144
899		440		4247537		142
900		434		4252257		139
901		436		4256975		140
902		436		4261695		139
903		435		4266415		139
904		443		4271134		136
905		435		4275854		139
906		434		4280573		139
907		433		4285292		141
908		439		4290010		139
909		429		4294729		139
910		426		4299448		137
911		431		4304167		138
912		436		4308887		140
913		438		4313607		140
914		434		4318327		140
915		438		4323046		140
916		435		4327765		142
917		429		4332484		140
918		429		4337204		140
919		429		4341923		140
920		424		4346642		140
921		425		4351362		140
922		428		4356082		140
923		429		4360802		140
924		428		4365522		142
925		426		4370240		142
926		427		4374960		140
927		432		4379680		140
928		429		4384400		141
929		432		4389120		141
930		431		4393840		143
931		431		4398560		142
932		435		4403279		143
933		435		4407998		144
934		431		4412718		144
935		432		4417437		144
936		430		4422156		144
937		427		4426876		144
938		427		4431596		144
939		427		4436315		142
940		428		4441035		141
941		428		4445755		143
942		430		4450473		143
943		434		4455192		143
944		438		4459912		146
945		440		4464631		143
946		435		4469351		142
947		430		4474070		145
948		426		4478788		145
949		427		4483508		143
950		428		4488227		143
951		430		4492945		142
952		431		4497665		145
953		429		4502385		144
954		433		4507105		143
955		432		4511825		145
956		435		4516545		145
957		436		4521264		145
958		435		4525984		143
959		437		4530703		145
960		439		4535423		143
961		443		4540142		146
962		445		4544862		148
963		445		4549582		150
964		441		4554301		148
965		441		4559021		146
966		448		4563740		146
967		444		4568460		150
968		439		4573179		148
969		445		4577898		145
970		440		4582618		146
971		441		4587338		144
972		436		4592056		142
973		440		4596776		144
974		436		4601495		142
975		435		4606215		144
976		438		4610934		145
977		436		4615654		143
978		431		4620374		145
979		432		4625094		145
980		433		4629813		144
981		432		4634532		146
982		429		4639252		144
983		430		4643972		142
984		431		4648692		145
985		428		4653410		143
986		434		4658130		142
987		437		4662848		144
988		438		4667568		144
989		438		4672288		145
990		440		4677007		147
991		436		4681725		146
992		437		4686442		146
993		433		4691161		144
994		428		4695880		142
995		431		4700597		140
996		431		4705317		140
997		431		4710036		143
998		435		4714755		144
999		438		4719473		147
1000		439		4724192		146
1001		438		4728910		144
1002		440		4733629		145
1003		438		4738348		145
1004		439		4743066		147
1005		444		4747785		147
1006		439		4752504		146
1007		441		4757223		150
1008		442		4761942		151
1009		436		4766662		147
1010		438		4771382		147
1011		437		4776100		147
1012		441		4780819		147
1013		437		4785539		147
1014		436		4790259		147
1015		448		4794977		147
1016		442		4799697		146
1017		437		4804416		148
1018		438		4809135		148
1019		435		4813855		144
1020		435		4818575		144
1021		436		4823294		145
1022		441		4828013		145
1023		438		4832733		149
1024		443		4837453		149
1025		438		4842170		150
1026		442		4846890		149
1027		438		4851607		150
1028		441		4856327		147
1029		440		4861047		144
1030		446		4865765		148
1031		445		4870483		148
1032		442		4875202		152
1033		446		4879921		153
1034		447		4884641		152
1035		444		4889361		153
1036		439		4894081		152
1037		441		4898800		148
1038		443		4903519		154
1039		445		4908238		152
1040		442		4912957		154
1041		438		4917677		154
1042		437		4922397		151
1043		441		4927117		149
1044		439		4931837		149
1045		439		4936557		151
1046		438		4941277		151
1047		441		4945996		151
1048		442		4950716		151
1049		441		4955436		153
1050		444		4960154		152
1051		441		4964873		153
1052		442		4969592		153
1053		438		4974312		153
1054		436		4979031		153
1055		436		4983751		151
1056		438		4988471		149
1057		437		4993191		151
1058		442		4997910		151
1059		437		5002630		148
1060		436		5007349		152
1061		439		5012069		152
1062		438		5016789		152
1063		440		5021509		154
1064		440		5026228		156
1065		441		5030948		155
1066		443		5035668		154
1067		440		5040388		153
1068		437		5045108		153
1069		443		5049827		153
1070		441		5054546		152
1071		446		5059266		156
1072		438		5063986		158
1073		438		5068705		156
1074		441		5073425		155
1075		440		5078145		156
1076		441		5082864		154
1077		438		5087583		154
1078		441		5092302		154
1079		441		5097021		153
1080		441		5101739		154
1081		444		5106459		154
1082		443		5111179		154
1083		442		5115899		154
1084		437		5120619		154
1085		440		5125339		154
1086		441		5130058		154
1087		441		5134777		154
1088		441		5139497		154
1089		443		5144216		154
1090		446		5148936		153
1091		441		5153656		152
1092		443		5158376		152
1093		443		5163095		153
1094		445		5167815		153
1095		444		5172534		154
1096		440		5177254		152
1097		439		5181973		154
1098		442		5186693		154
1099		441		5191412		151
1100		447		5196132		152
1101		444		5200852		154
1102		443		5205572		155
1103		448		5210292		155
1104		446		5215012		152
1105		451		5219732		154
1106		447		5224451		154
1107		448		5229171		156
1108		448		5233891		156
1109		446		5238611		156
1110		446		5243331		154
1111		445		5248050		154
1112		439		5252770		154
1113		444		5257490		154
1114		442		5262209		154
1115		441		5266929		156
1116		442		5271649		160
1117		443		5276369		156
1118		445		5281089		156
1119		442		5285807		158
1120		447		5290527		156
1121		447		5295245		156
1122		440		5299965		158
1123		440		5304684		156
1124		446		5309404		156
1125		445		5314124		158
1126		446		5318844		159
1127		448		5323563		157
1128		443		5328283		156
1129		448		5333002		156
1130		449		5337722		156
1131		453		5342442		157
1132		445		5347161		157
1133		445		5351881		155
1134		442		5356601		155
1135		441		5361321		159
1136		444		5366041		159
1137		444		5370759		161
1138		438		5375479		157
1139		439		5380199		157
1140		438		5384919		162
1141		439		5389639		161
1142		445		5394359		166
1143		446		5399078		164
1144		441		5403798		165
1145		437		5408517		164
1146		433		5413237		164
1147		442		5417957		164
1148		436		5422677		164
1149		438		5427397		166
1150		438		5432115		164
1151		439		5436835		164
1152		438		5441555		166
1153		443		5446275		166
1154		441		5450995		166
1155		439		5455715		166
1156		439		5460435		164
1157		443		5465154		168
1158		445		5469872		168
1159		438		5474592		170
1160		446		5479312		170
1161		438		5484032		170
1162		438		5488751		171
1163		437		5493470		169
1164		439		5498189		169
1165		438		5502909		169
1166		438		5507629		169
1167		434		5512348		165
1168		439		5517068		167
1169		439		5521788		163
1170		437		5526508		165
1171		438		5531228		163
1172		434		5535947		165
1173		429		5540667		165
1174		429		5545387		165
1175		430		5550106		165
1176		434		5554826		165
1177		436		5559545		165
1178		431		5564265		165
1179		433		5568985		165
1180		431		5573704		163
1181		428		5578424		161
1182		433		5583144		165
1183		427		5587864		160
1184		427		5592584		160
1185		429		5597304		161
1186		429		5602024		159
1187		429		5606743		159
1188		429		5611461		159
1189		426		5616181		159
1190		435		5620900		161
1191		427		5625619		158
1192		425		5630339		158
1193		427		5635059		159
1194		426		5639779		161
1195		430		5644497		163
1196		427		5649217		161
1197		428		5653936		159
1198		429		5658653		159
1199		428		5663373		159
1200		426		5668091		159
1201		428		5672811		159
1202		434		5677531		161
1203		435		5682251		159
1204		436		5686970		161
1205		440		5691690		161
1206		441		5696410		161
1207		433		5701130		158
1208		435		5705849		158
1209		438		5710569		156
1210		435		5715289		155
1211		434		5720008		156
1212		430		5724727		156
1213		427		5729446		155
1214		433		5734166		157
1215		429		5738886		155
1216		430		5743606		155
1217		427		5748326		155
1218		425		5753045		155
1219		428		5757765		151
1220		427		5762485		151
1221		429		5767204		151
1222		431		5771923		154
1223		428		5776642		152
1224		427		5781362		152
1225		427		5786081		153
1226		431		5790801		153
1227		428		5795521		153
1228		427		5800241		153
1229		433		5804961		155
1230		432		5809680		153
1231		432		5814399		153
1232		429		5819118		153
1233		432		5823838		153
1234		432		5828558		155
1235		423		5833277		151
1236		429		5837997		155
1237		424		5842715		151
1238		423		5847435		153
1239		425		5852154		153
1240		429		5856874		153
1241		428		5861594		153
1242		433		5866314		154
1243		432		5871034		154
1244		437		5875753		154
1245		429		5880473		151
1246		430		5885193		151
1247		431		5889913		151
1248		429		5894632		152
1249		431		5899352		151
1250		431		5904071		149
1251		429		5908791		148
1252		431		5913510		150
1253		428		5918230		150
1254		430		5922950		149
1255		432		5927669		149
1256		430		5932389		149
1257		427		5937108		149
1258		429		5941826		149
1259		429		5946546		147
1260		429		5951265		151
1261		431		5955984		149
1262		430		5960704		151
1263		432		5965424		152
1264		431		5970143		155
1265		426		5974863		149
1266		430		5979583		150
1267		430		5984303		149
1268		429		5989023		152
1269		431		5993743		153
1270		434		5998463		153
1271		432		6003182		151
1272		431		6007902		152
1273		433		6012621		154
1274		431		6017341		152
1275		433		6022061		154
1276		434		6026780		156
1277		439		6031500		155
1278		436		6036220		154
1279		434		6040939		153
1280		434		6045658		153
1281		434		6050378		153
1282		433		6055097		155
1283		436		6059817		157
1284		431		6064535		155
1285		433		6069255		153
1286		436		6073975		151
1287		436		6078695		157
1288		436		6083414		160
1289		434		6088134		158
1290		435		6092854		156
1291		432		6097574		156
1292		432		6102294		156
1293		431		6107014		156
1294		435		6111733		156
1295		433		6116453		154
1296		428		6121173		154
1297		430		6125893		154
1298		431		6130613		154
1299		431		6135332		156
1300		431		6140052		156
1301		435		6144772		156
1302		436		6149490		158
1303		434		6154210		160
1304		438		6158929		160
1305		434		6163649		158
1306		431		6168369		158
1307		432		6173089		159
1308		436		6177809		160
1309		434		6182529		158
1310		435		6187249		160
1311		438		6191969		157
1312		439		6196688		158
1313		444		6201408		157
1314		436		6206128		156
1315		440		6210847		160
1316		441		6215567		158
1317		439		6220286		156
1318		442		6225006		158
1319		441		6229726		163
1320		448		6234446		163
1321		446		6239166		160
1322		443		6243886		161
1323		441		6248606		158
1324		440		6253326		160
1325		441		6258046		160
1326		444		6262766		160
1327		443		6267486		159
1328		444		6272206		158
1329		442		6276925		158
1330		443		6281644		159
1331		442		6286364		160
1332		442		6291083		161
1333		440		6295802		159
1334		439		6300522		160
1335		434		6305242		164
1336		439		6309961		158
1337		438		6314681		156
1338		432		6319400		156
1339		436		6324120		157
1340		438		6328838		158
1341		436		6333557		160
1342		437		6338276		156
1343		433		6342996		158
1344		433		6347715		157
1345		434		6352434		158
1346		433		6357154		156
1347		441		6361874		158
1348		434		6366594		159
1349		431		6371312		157
1350		438		6376032		155
1351		435		6380752		159
1352		439		6385471		158
1353		436		6390191		160
1354		437		6394910		158
1355		435		6399629		158
1356		436		6404349		154
1357		434		6409068		154
1358		430		6413788		152
1359		429		6418507		152
1360		434		6423227		153
1361		433		6427947		156
1362		441		6432667		159
1363		433		6437387		157
1364		433		6442107		156
1365		440		6446826		158
1366		437		6451546		155
1367		434		6456266		155
1368		430		6460986		153
1369		430		6465706		156
1370		426		6470426		156
1371		427		6475145		156
1372		425		6479865		153
1373		425		6484585		152
1374		433		6489305		153
1375		430		6494025		150
1376		431		6498745		152
1377		426		6503465		151
1378		428		6508185		149
1379		424		6512905		150
1380		420		6517625		150
1381		424		6522343		150
1382		426		6527063		149
1383		426		6531783		152
1384		429		6536503		152
1385		428		6541222		151
1386		433		6545941		154
1387		425		6550661		155
1388		425		6555381		155
1389		424		6560101		153
1390		427		6564821		154
1391		433		6569540		155
1392		427		6574260		156
1393		422		6578980		156
1394		422		6583699		156
1395		422		6588419		156
1396		419		6593138		154
1397		421		6597858		154
1398		419		6602578		152
1399		420		6607298		154
1400		420		6612018		156
1401		423		6616738		156
1402		421		6621457		154
1403		422		6626177		154
1404		424		6630896		156
1405		421		6635616		156
1406		421		6640336		156
1407		424		6645056		154
1408		422		6649776		156
1409		427		6654496		159
1410		428		6659216		158
1411		425		6663936		157
1412		424		6668656		157
1413		432		6673376		157
1414		431		6678095		157
1415		432		6682815		157
1416		425		6687534		159
1417		429		6692253		159
1418		426		6696973		161
1419		425		6701693		161
1420		427		6706413		158
1421		427		6711131		159
1422		424		6715851		154
1423		427		6720571		155
1424		427		6725291		151
1425		423		6730011		153
1426		420		6734731		152
1427		419		6739451		151
1428		419		6744171		150
1429		421		6748889		147
1430		422		6753609		147
1431		425		6758329		150
1432		427		6763049		155
1433		428		6767769		155
1434		423		6772489		152
1435		423		6777209		152
1436		418		6781929		150
1437		423		6786649		151
1438		417		6791369		150
1439		423		6796089		152
1440		423		6800809		153
1441		421		6805529		153
1442		417		6810249		150
1443		417		6814969		153
1444		416		6819689		149
1445		425		6824409		149
1446		416		6829129		149
1447		418		6833849		151
1448		423		6838569		151
1449		420		6843289		149
1450		419		6848009		151
1451		419		6852729		150
1452		419		6857448		151
1453		423		6862168		153
1454		427		6866888		155
1455		430		6871607		157
1456		426		6876327		157
1457		422		6881047		151
1458		420		6885766		151
1459		421		6890486		151
1460		421		6895206		151
1461		424		6899926		151
1462		426		6904646		148
1463		422		6909365		151
1464		423		6914085		149
1465		424		6918805		149
1466		426		6923525		150
1467		429		6928245		152
1468		427		6932965		152
1469		432		6937685		150
1470		428		6942404		147
1471		429		6947123		148
1472		425		6951843		147
1473		426		6956563		148
1474		424		6961283		147
1475		423		6966002		151
1476		420		6970722		152
1477		428		6975442		154
1478		424		6980161		158
1479		422		6984881		155
1480		423		6989599		155
1481		421		6994318		153
1482		426		6999038		155
1483		426		7003757		154
1484		431		7008477		155
1485		427		7013196		151
1486		424		7017916		150
1487		425		7022636		150
1488		423		7027353		148
1489		429		7032073		152
1490		426		7036793		151
1491		423		7041511		150
1492		420		7046230		150
1493		426		7050948		151
1494		424		7055667		152
1495		428		7060387		153
1496		428		7065107		155
1497		429		7069826		151
1498		427		7074546		154
1499		429		7079265		158
1500		423		7083984		156
1501		427		7088704		155
1502		421		7093424		153
1503		427		7098143		155
1504		429		7102863		156
1505		431		7107583		157
1506		428		7112303		158
1507		426		7117022		157
1508		431		7121742		157
1509		422		7126462		154
1510		424		7131182		152
1511		425		7135901		154
1512		427		7140620		153
1513		428		7145340		156
1514		429		7150060		154
1515		427		7154780		152
1516		429		7159500		152
1517		432		7164220		152
1518		426		7168940		154
1519		430		7173660		158
1520		430		7178380		156
1521		428		7183099		154
1522		431		7187819		156
1523		430		7192539		156
1524		429		7197259		154
1525		430		7201979		154
1526		433		7206699		160
1527		432		7211419		160
1528		426		7216139		156
1529		426		7220859		157
1530		424		7225579		155
1531		428		7230299		159
1532		426		7235019		157
1533		422		7239739		159
1534		425		7244459		157
1535		430		7249179		155
1536		424		7253898		159
1537		420		7258618		158
1538		421		7263338		158
1539		422		7268058		158
1540		421		7272775		158
1541		421		7277495		156
1542		422		7282214		154
1543		422		7286933		155
1544		420		7291653		159
1545		418		7296373		159
1546		420		7301093		157
1547		420		7305813		157
1548		422		7310532		157
1549		418		7315251		157
1550		420		7319971		159
1551		422		7324688		159
1552		421		7329408		159
1553		421		7334128		159
1554		419		7338848		159
1555		420		7343568		157
1556		425		7348288		157
1557		423		7353008		159
1558		421		7357728		159
1559		419		7362448		159
1560		422		7367168		159
1561		426		7371888		157
1562		425		7376607		157
1563		425		7381327		159
1564		429		7386047		161
1565		430		7390766		161
1566		424		7395486		157
1567		424		7400206		157
1568		422		7404926		159
1569		420		7409646		157
1570		419		7414366		157
1571		424		7419086		155
1572		422		7423806		159
1573		424		7428526		160
1574		421		7433246		158
1575		420		7437966		158
1576		422		7442686		158
1577		427		7447406		156
1578		426		7452126		156
1579		425		7456846		156
1580		422		7461566		156
1581		422		7466286		158
1582		421		7471006		159
1583		422		7475726		159
1584		422		7480446		158
1585		423		7485166		158
1586		423		7489886		158
1587		417		7494606		156
1588		421		7499326		156
1589		426		7504046		158
1590		423		7508766		156
1591		427		7513486		156
1592		424		7518205		154
1593		424		7522925		156
1594		423		7527644		154
1595		425		7532364		156
1596		429		7537084		156
1597		430		7541804		157
1598		432		7546524		157
1599		424		7551244		156
1600		419		7555964		156
1601		423		7560684		158
1602		420		7565404		157
1603		417		7570124		157
1604		417		7574844		155
1605		422		7579564		157
1606		425		7584283		159
1607		422		7589002		158
1608		424		7593722		158
1609		424		7598441		158
1610		424		7603161		156
1611		422		7607880		156
1612		422		7612600		155
1613		417		7617319		154
1614		420		7622039		154
1615		424		7626759		156
1616		419		7631477		154
1617		419		7636197		154
1618		421		7640917		158
1619		423		7645636		157
1620		424		7650356		157
1621		422		7655074		157
1622		424		7659794		157
1623		421		7664514		156
1624		419		7669234		157
1625		423		7673954		159
1626		425		7678674		159
1627		427		7683394		159
1628		426		7688114		161
1629		431		7692834		161
1630		426		7697554		159
1631		422		7702273		159
1632		425		7706993		161
1633		429		7711711		159
1634		427		7716431		159
1635		426		7721151		159
1636		427		7725871		159
1637		429		7730590		159
1638		431		7735309		159
1639		430		7740029		159
1640		427		7744749		159
1641		424		7749469		159
1642		428		7754188		159
1643		427		7758908		159
1644		427		7763628		160
1645		426		7768348		160
1646		425		7773067		158
1647		423		7777787		158
1648		427		7782506		158
1649		430		7787226		158
1650		426		7791946		156
1651		429		7796666		158
1652		425		7801386		156
1653		425		7806105		156
1654		429		7810824		157
1655		432		7815544		158
1656		430		7820264		158
1657		428		7824983		156
1658		429		7829703		156
1659		428		7834422		156
1660		427		7839142		155
1661		427		7843861		155
1662		429		7848581		156
1663		428		7853301		157
1664		432		7858021		159
1665		428		7862741		157
1666		431		7867461		159
1667		427		7872181		156
1668		427		7876900		156
1669		429		7881620		156
1670		426		7886340		156
1671		425		7891058		156
1672		425		7895776		156
1673		430		7900496		157
1674		429		7905216		158
1675		427		7909936		158
1676		429		7914655		158
1677		428		7919375		160
1678		430		7924093		158
1679		429		7928813		158
1680		432		7933533		158
1681		430		7938253		158
1682		432		7942973		158
1683		431		7947692		158
1684		431		7952412		157
1685		432		7957132		158
1686		433		7961851		158
1687		430		7966570		158
1688		427		7971289		158
1689		426		7976009		158
1690		430		7980729		158
1691		437		7985449		156
1692		441		7990169		155
1693		432		7994889		158
1694		431		7999609		155
1695		432		8004329		155
1696		432		8009049		157
1697		432		8013769		157
1698		433		8018489		159
1699		429		8023208		157
1700		430		8027927		156
1701		431		8032646		157
1702		432		8037366		158
1703		430		8042086		160
1704		425		8046806		157
1705		432		8051525		157
1706		430		8056244		157
1707		434		8060964		159
1708		435		8065684		158
1709		432		8070404		155
1710		429		8075124		156
1711		433		8079842		154
1712		430		8084561		157
1713		430		8089281		156
1714		431		8094001		158
1715		435		8098721		155
1716		433		8103441		155
1717		436		8108161		159
1718		434		8112881		156
1719		430		8117601		153
1720		428		8122321		155
1721		433		8127040		155
1722		433		8131760		154
1723		432		8136479		154
1724		438		8141199		154
1725		437		8145919		156
1726		434		8150639		156
1727		431		8155359		154
1728		430		8160078		154
1729		429		8164798		152
1730		428		8169518		152
1731		436		8174237		155
1732		439		8178957		159
1733		438		8183676		154
1734		437		8188396		154
1735		432		8193116		155
1736		435		8197835		156
1737		440		8202554		156
1738		439		8207273		156
1739		435		8211992		156
1740		435		8216711		155
1741		443		8221430		157
1742		439		8226150		157
1743		439		8230870		157
1744		439		8235589		156
1745		438		8240309		157
1746		439		8245029		158
1747		439		8249749		155
1748		440		8254469		155
1749		440		8259188		155
1750		439		8263908		153
1751		436		8268628		156
1752		431		8273347		152
1753		433		8278066		153
1754		431		8282786		153
1755		438		8287506		154
1756		430		8292226		152
1757		437		8296945		156
1758		435		8301665		152
1759		438		8306384		153
1760		435		8311104		153
1761		434		8315824		153
1762		437		8320543		153
1763		441		8325263		158
1764		441		8329983		154
1765		433		8334702		155
1766		434		8339422		155
1767		438		8344142		153
1768		441		8348861		156
1769		442		8353581		157
1770		445		8358301		157
1771		435		8363021		157
1772		440		8367741		156
1773		436		8372461		159
1774		442		8377181		157
1775		440		8381901		156
1776		436		8386621		157
1777		435		8391341		158
1778		435		8396061		157
1779		433		8400781		157
1780		437		8405500		159
1781		436		8410220		157
1782		438		8414940		159
1783		434		8419659		158
1784		441		8424379		161
1785		441		8429099		161
1786		441		8433819		163
1787		446		8438539		167
1788		441		8443259		161
1789		442		8447979		161
1790		444		8452699		161
1791		442		8457419		163
1792		444		8462139		163
1793		443		8466859		165
1794		443		8471579		166
1795		442		8476299		165
1796		438		8481019		165
1797		440		8485739		165
1798		439		8490457		165
1799		438		8495176		165
1800		444		8499896		167
1801		440		8504616		167
1802		434		8509335		164
1803		438		8514054		166
1804		435		8518772		167
1805		436		8523491		165
1806		434		8528210		165
1807		431		8532929		161
1808		431		8537648		161
1809		434		8542368		161
1810		436		8547086		161
1811		439		8551805		161
1812		435		8556525		159
1813		431		8561244		160
1814		430		8565964		160
1815		430		8570682		158
1816		426		8575402		160
1817		428		8580122		158
1818		427		8584841		158
1819		431		8589559		160
1820		430		8594279		160
1821		430		8598999		160
1822		433		8603718		160
1823		430		8608438		160
1824		434		8613158		160
1825		433		8617878		159
1826		433		8622598		159
1827		438		8627318		158
1828		437		8632038		156
1829		433		8636758		160
1830		435		8641478		159
1831		425		8646198		155
1832		425		8650918		155
1833		427		8655638		157
1834		424		8660358		155
1835		427		8665077		155
1836		428		8669796		156
1837		431		8674514		158
1838		434		8679232		159
1839		435		8683951		158
1840		431		8688671		157
1841		433		8693391		157
1842		430		8698111		160
1843		428		8702830		157
1844		430		8707550		157
1845		433		8712269		157
1846		431		8716989		160
1847		436		8721709		162
1848		437		8726429		161
1849		434		8731147		161
1850		431		8735867		161
1851		430		8740587		161
1852		430		8745307		161
1853		427		8750026		160
1854		428		8754746		160
1855		432		8759466		159
1856		433		8764186		161
1857		430		8768905		161
1858		429		8773623		159
1859		430		8778343		158
1860		429		8783063		160
1861		426		8787782		160
1862		427		8792502		160
1863		435		8797222		155
1864		432		8801942		158
1865		433		8806662		158
1866		439		8811382		158
1867		434		8816102		157
1868		439		8820822		159
1869		435		8825542		156
1870		439		8830262		157
1871		436		8834981		159
1872		432		8839701		158
1873		439		8844420		160
1874		432		8849140		161
1875		433		8853859		161
1876		442		8858579		161
1877		438		8863299		164
1878		436		8868019		160
1879		432		8872739		160
1880		431		8877459		160
1881		434		8882179		157
1882		432		8886899		158
1883		433		8891618		158
1884		435		8896337		157
1885		433		8901057		161
1886		432		8905777		162
1887		436		8910497		164
1888		437		8915216		162
1889		438		8919935		163
1890		442		8924654		163
1891		442		8929374		161
1892		440		8934094		163
1893		445		8938814		160
1894		447		8943534		162
1895		447		8948254		161
1896		444		8952974		161
1897		440		8957693		161
1898		441		8962412		163
1899		441		8967132		161
1900		442		8971852		161
1901		446		8976571		165
1902		452		8981291		165
1903		451		8986011		165
1904		441		8990731		165
1905		445		8995451		161
1906		447		9000171		161
1907		451		9004891		162
1908		451		9009611		162
1909		445		9014331		161
1910		441		9019051		161
1911		447		9023770		163
1912		445		9028490		164
1913		442		9033210		161
1914		444		9037930		160
1915		441		9042650		164
1916		439		9047370		162
1917		439		9052089		162
1918		446		9056808		162
1919		446		9061528		161
1920		438		9066247		160
1921		442		9070966		160
1922		439		9075686		162
1923		439		9080406		160
1924		441		9085125		159
1925		444		9089845		159
1926		444		9094565		160
1927		445		9099285		159
1928		440		9104005		159
1929		434		9108725		159
1930		437		9113444		159
1931		439		9118164		159
1932		435		9122884		158
1933		437		9127604		159
1934		441		9132323		158
1935		435		9137043		159
1936		437		9141763		159
1937		439		9146483		159
1938		437		9151203		159
1939		441		9155923		159
1940		446		9160643		162
1941		439		9165362		162
1942		436		9170081		162
1943		445		9174800		162
1944		446		9179519		161
1945		450		9184239		161
1946		447		9188959		163
1947		440		9193679		163
1948		435		9198398		161
1949		435		9203118		162
1950		435		9207838		162
1951		436		9212557		163
1952		437		9217276		163
1953		440		9221996		163
1954		440		9226716		163
1955		444		9231435		163
1956		437		9236155		161
1957		435		9240874		161
1958		435		9245594		161
1959		441		9250314		161
1960		441		9255033		162
1961		440		9259752		162
1962		442		9264471		164
1963		438		9269191		164
1964		437		9273911		163
1965		440		9278631		164
1966		436		9283351		162
1967		435		9288071		163
1968		435		9292791		163
1969		434		9297511		163
1970		437		9302229		164
1971		432		9306949		164
1972		431		9311669		164
1973		429		9316389		164
1974		431		9321109		164
1975		431		9325829		162
1976		434		9330547		160
1977		432		9335267		162
1978		431		9339987		162
1979		426		9344707		159
1980		430		9349427		159
1981		430		9354147		161
1982		428		9358866		159
1983		429		9363586		159
1984		425		9368306		158
1985		427		9373026		159
1986		428		9377746		157
1987		427		9382466		156
1988		426		9387186		158
1989		431		9391905		158
1990		424		9396625		158
1991		425		9401344		157
1992		434		9406064		158
1993		435		9410784		158
1994		436		9415504		160
1995		432		9420223		160
1996		432		9424943		158
1997		431		9429663		158
1998		432		9434383		158
1999		437		9439103		160
