# Migration is number of nodes that have changed color.

Round		Edge-Cut		Swaps		Migrations		Skipped
0		8876		4719		3021
1		8021		9434		3019
2		7484		14150		3033
3		7026		18867		3039
4		6689		23581		3073
5		6438		28298		3130
6		6260		33014		3133
7		6009		37730		3129
8		5845		42445		3109
9		5742		47160		3085
10		5609		51870		3129
11		5575		56581		3082
12		5446		61295		3105
13		5405		66009		3098
14		5269		70715		3098
15		5241		75423		3108
16		5198		80135		3124
17		5166		84850		3126
18		5089		89567		3110
19		5067		94282		3126
20		5016		98998		3107
21		4976		103710		3129
22		4934		108425		3125
23		4895		113137		3155
24		4866		117851		3166
25		4817		122563		3164
26		4774		127277		3164
27		4708		131991		3158
28		4699		136703		3163
29		4658		141412		3155
30		4650		146123		3174
31		4632		150836		3163
32		4655		155552		3129
33		4676		160262		3142
34		4642		164974		3163
35		4636		169683		3176
36		4610		174396		3183
37		4617		179112		3170
38		4583		183827		3171
39		4575		188542		3172
40		4527		193254		3170
41		4504		197973		3159
42		4490		202684		3170
43		4445		207391		3185
44		4458		212100		3185
45		4431		216813		3171
46		4471		221527		3171
47		4436		226244		3190
48		4389		230958		3177
49		4370		235667		3178
50		4395		240376		3185
51		4380		245090		3196
52		4366		249806		3194
53		4338		254516		3235
54		4335		259228		3205
55		4322		263939		3203
56		4321		268649		3212
57		4279		273362		3205
58		4286		278079		3202
59		4282		282795		3192
60		4320		287510		3217
61		4291		292223		3220
62		4233		296936		3222
63		4215		301652		3216
64		4212		306365		3222
65		4205		311077		3228
66		4179		315792		3207
67		4183		320499		3214
68		4179		325208		3207
69		4194		329919		3197
70		4141		334633		3193
71		4133		339345		3181
72		4091		344059		3198
73		4093		348774		3196
74		4133		353486		3209
75		4151		358197		3194
76		4121		362908		3188
77		4106		367624		3197
78		4089		372336		3184
79		4088		377051		3177
80		4097		381767		3189
81		4092		386479		3169
82		4069		391191		3181
83		4093		395906		3185
84		4079		400622		3191
85		4069		405337		3187
86		4070		410051		3185
87		4045		414763		3196
88		4010		419478		3229
89		3991		424191		3219
90		3987		428903		3203
91		3985		433616		3190
92		3944		438331		3164
93		3919		443047		3188
94		3918		447757		3198
95		3923		452470		3180
96		3908		457184		3171
97		3882		461894		3176
98		3880		466609		3189
99		3880		471321		3176
100		3875		476033		3182
101		3871		480747		3191
102		3889		485453		3198
103		3846		490169		3188
104		3867		494884		3214
105		3864		499598		3191
106		3855		504312		3212
107		3824		509025		3197
108		3850		513735		3206
109		3828		518444		3206
110		3819		523158		3210
111		3852		527870		3217
112		3838		532586		3222
113		3866		537303		3235
114		3835		542015		3228
115		3812		546729		3208
116		3776		551443		3204
117		3753		556156		3209
118		3772		560867		3208
119		3772		565580		3211
120		3763		570291		3204
121		3764		575006		3213
122		3731		579720		3199
123		3719		584436		3214
124		3743		589152		3203
125		3736		593867		3209
126		3744		598582		3206
127		3754		603299		3218
128		3747		608014		3217
129		3745		612730		3217
130		3780		617443		3208
131		3772		622157		3224
132		3741		626873		3208
133		3734		631589		3222
134		3719		636298		3225
135		3733		641013		3220
136		3724		645730		3220
137		3735		650440		3234
138		3700		655154		3245
139		3694		659871		3238
140		3678		664582		3239
141		3654		669298		3234
142		3657		674011		3228
143		3630		678721		3239
144		3653		683435		3245
145		3672		688142		3262
146		3653		692854		3249
147		3625		697571		3261
148		3615		702285		3249
149		3643		707002		3255
150		3652		711714		3249
151		3639		716431		3250
152		3652		721143		3266
153		3640		725853		3267
154		3614		730564		3253
155		3634		735278		3257
156		3596		739989		3262
157		3617		744707		3257
158		3600		749419		3259
159		3599		754133		3262
160		3638		758844		3241
161		3612		763560		3269
162		3621		768274		3258
163		3618		772989		3249
164		3633		777709		3257
165		3646		782422		3256
166		3626		787141		3245
167		3617		791855		3246
168		3586		796568		3248
169		3604		801282		3250
170		3607		805999		3251
171		3579		810707		3229
172		3592		815417		3269
173		3592		820135		3252
174		3570		824844		3266
175		3533		829562		3266
176		3527		834269		3267
177		3550		838984		3261
178		3546		843697		3255
179		3551		848412		3256
180		3549		853125		3254
181		3539		857839		3246
182		3508		862550		3243
183		3500		867263		3251
184		3491		871976		3262
185		3498		876691		3251
186		3485		881402		3271
187		3516		886118		3273
188		3486		890830		3280
189		3472		895542		3260
190		3500		900260		3265
191		3520		904971		3271
192		3499		909679		3274
193		3467		914392		3257
194		3468		919109		3278
195		3480		923822		3258
196		3456		928534		3287
197		3455		933250		3274
198		3459		937962		3278
199		3440		942674		3292
200		3445		947389		3296
201		3415		952105		3290
202		3409		956816		3290
203		3419		961530		3300
204		3439		966245		3298
205		3429		970960		3281
206		3427		975672		3285
207		3417		980383		3281
208		3418		985097		3281
209		3386		989812		3266
210		3394		994523		3258
211		3397		999238		3263
212		3386		1003951		3281
213		3393		1008666		3272
214		3387		1013382		3270
215		3393		1018095		3255
216		3383		1022814		3263
217		3383		1027525		3259
218		3382		1032241		3271
219		3366		1036956		3259
220		3350		1041670		3258
221		3371		1046383		3257
222		3377		1051100		3279
223		3365		1055817		3262
224		3379		1060530		3265
225		3390		1065247		3278
226		3362		1069963		3273
227		3354		1074678		3271
228		3346		1079395		3259
229		3378		1084112		3257
230		3377		1088830		3262
231		3359		1093547		3254
232		3362		1098255		3233
233		3366		1102971		3235
234		3343		1107685		3252
235		3353		1112398		3266
236		3340		1117112		3261
237		3338		1121827		3259
238		3323		1126539		3259
239		3346		1131250		3253
240		3315		1135961		3259
241		3312		1140673		3255
242		3314		1145387		3254
243		3316		1150098		3258
244		3322		1154814		3259
245		3322		1159528		3261
246		3303		1164242		3262
247		3301		1168958		3252
248		3310		1173671		3249
249		3303		1178385		3268
250		3318		1183100		3264
251		3305		1187812		3263
252		3332		1192526		3268
253		3304		1197242		3255
254		3281		1201958		3246
255		3307		1206674		3249
256		3285		1211390		3270
257		3279		1216104		3253
258		3273		1220815		3263
259		3250		1225532		3256
260		3275		1230244		3254
261		3249		1234959		3262
262		3268		1239670		3266
263		3261		1244380		3265
264		3273		1249090		3265
265		3278		1253807		3279
266		3290		1258519		3260
267		3276		1263235		3262
268		3281		1267950		3264
269		3299		1272660		3269
270		3305		1277371		3272
271		3290		1282090		3267
272		3297		1286806		3260
273		3265		1291519		3262
274		3278		1296237		3263
275		3303		1300949		3269
276		3276		1305665		3282
277		3259		1310378		3266
278		3230		1315091		3269
279		3235		1319801		3275
280		3221		1324517		3265
281		3237		1329233		3265
282		3234		1333948		3282
283		3243		1338664		3256
284		3219		1343382		3262
285		3200		1348098		3258
286		3210		1352816		3263
287		3225		1357530		3269
288		3212		1362245		3256
289		3205		1366956		3255
290		3219		1371673		3259
291		3238		1376390		3258
292		3245		1381110		3261
293		3262		1385825		3272
294		3264		1390536		3269
295		3252		1395249		3281
296		3218		1399969		3278
297		3215		1404683		3289
298		3213		1409398		3283
299		3210		1414114		3288
300		3226		1418827		3271
301		3228		1423539		3275
302		3230		1428258		3282
303		3221		1432973		3272
304		3177		1437689		3275
305		3199		1442405		3282
306		3200		1447122		3270
307		3222		1451837		3280
308		3208		1456553		3297
309		3157		1461265		3280
310		3170		1465981		3281
311		3189		1470698		3279
312		3165		1475414		3268
313		3187		1480128		3279
314		3183		1484842		3277
315		3159		1489559		3280
316		3159		1494273		3297
317		3159		1498992		3303
318		3158		1503709		3284
319		3171		1508426		3286
320		3164		1513142		3275
321		3149		1517856		3287
322		3154		1522571		3290
323		3157		1527291		3276
324		3127		1532007		3280
325		3125		1536718		3298
326		3108		1541431		3287
327		3110		1546146		3286
328		3095		1550856		3281
329		3127		1555575		3270
330		3123		1560294		3285
331		3092		1565004		3283
332		3095		1569714		3278
333		3126		1574427		3262
334		3123		1579144		3275
335		3103		1583857		3269
336		3102		1588568		3279
337		3096		1593282		3270
338		3116		1597995		3275
339		3110		1602710		3298
340		3105		1607425		3292
341		3118		1612141		3298
342		3094		1616852		3288
343		3094		1621569		3296
344		3079		1626282		3297
345		3086		1630997		3295
346		3092		1635707		3289
347		3075		1640426		3293
348		3084		1645141		3287
349		3107		1649858		3282
350		3093		1654572		3291
351		3077		1659279		3284
352		3078		1663994		3284
353		3065		1668710		3285
354		3076		1673426		3287
355		3064		1678140		3288
356		3073		1682856		3292
357		3085		1687571		3288
358		3058		1692287		3302
359		3069		1696999		3303
360		3086		1701711		3302
361		3084		1706426		3295
362		3071		1711143		3293
363		3056		1715857		3287
364		3075		1720573		3290
365		3065		1725284		3297
366		3038		1730000		3299
367		3076		1734712		3296
368		3076		1739429		3303
369		3050		1744145		3292
370		3046		1748857		3284
371		3061		1753570		3281
372		3033		1758288		3292
373		3023		1763003		3288
374		3040		1767717		3291
375		3025		1772432		3285
376		3039		1777148		3284
377		3034		1781863		3291
378		3030		1786578		3290
379		3019		1791290		3275
380		3029		1796007		3265
381		3006		1800721		3269
382		3015		1805434		3269
383		3024		1810145		3266
384		3020		1814861		3274
385		2992		1819575		3279
386		3003		1824289		3286
387		2992		1829005		3278
388		2981		1833718		3277
389		2992		1838429		3284
390		2986		1843139		3279
391		2987		1847852		3276
392		2977		1852569		3287
393		2976		1857288		3281
394		3001		1862003		3288
395		2977		1866713		3283
396		2971		1871425		3281
397		2962		1876139		3290
398		2954		1880849		3285
399		2947		1885566		3279
400		2961		1890279		3274
401		2982		1894997		3282
402		2972		1899710		3287
403		2965		1904420		3287
404		2969		1909133		3294
405		2961		1913844		3301
406		2953		1918557		3295
407		2962		1923269		3291
408		2945		1927983		3290
409		2956		1932696		3277
410		2968		1937411		3286
411		2964		1942127		3281
412		2958		1946842		3280
413		2965		1951560		3291
414		2962		1956277		3288
415		2958		1960990		3282
416		2970		1965707		3287
417		2977		1970425		3291
418		2966		1975141		3275
419		2950		1979855		3291
420		2963		1984573		3281
421		2952		1989287		3295
422		2940		1994000		3294
423		2947		1998714		3302
424		2947		2003432		3298
425		2948		2008143		3293
426		2940		2012859		3302
427		2953		2017574		3309
428		2949		2022294		3306
429		2966		2027008		3286
430		2961		2031726		3283
431		2962		2036441		3289
432		2953		2041160		3281
433		2950		2045874		3300
434		2948		2050591		3289
435		2940		2055309		3299
436		2946		2060027		3310
437		2943		2064743		3294
438		2930		2069455		3294
439		2922		2074165		3306
440		2904		2078880		3293
441		2924		2083593		3303
442		2920		2088312		3296
443		2925		2093026		3305
444		2907		2097740		3291
445		2918		2102454		3310
446		2920		2107169		3302
447		2923		2111885		3275
448		2933		2116596		3284
449		2929		2121310		3289
450		2927		2126019		3287
451		2932		2130736		3288
452		2939		2135454		3275
453		2934		2140168		3282
454		2919		2144879		3279
455		2899		2149593		3290
456		2892		2154309		3293
457		2911		2159023		3290
458		2906		2163739		3302
459		2911		2168450		3297
460		2906		2173165		3296
461		2891		2177876		3298
462		2876		2182592		3292
463		2892		2187306		3285
464		2897		2192019		3288
465		2880		2196735		3292
466		2891		2201450		3290
467		2895		2206168		3285
468		2899		2210884		3289
469		2889		2215598		3294
470		2887		2220312		3287
471		2888		2225027		3289
472		2870		2229736		3280
473		2870		2234454		3280
474		2882		2239173		3278
475		2879		2243884		3286
476		2876		2248600		3278
477		2893		2253314		3277
478		2876		2258030		3272
479		2859		2262746		3288
480		2860		2267466		3282
481		2862		2272178		3278
482		2853		2276897		3290
483		2893		2281613		3278
484		2881		2286326		3283
485		2882		2291040		3273
486		2885		2295754		3279
487		2862		2300471		3288
488		2870		2305185		3294
489		2862		2309903		3293
490		2847		2314614		3280
491		2874		2319331		3273
492		2891		2324046		3273
493		2878		2328763		3286
494		2887		2333476		3282
495		2881		2338194		3270
496		2856		2342908		3293
497		2855		2347624		3282
498		2860		2352340		3292
499		2843		2357056		3291
500		2847		2361771		3287
501		2849		2366485		3286
502		2852		2371199		3288
503		2848		2375911		3290
504		2857		2380624		3285
505		2839		2385339		3296
506		2877		2390056		3290
507		2878		2394770		3299
508		2883		2399485		3279
509		2871		2404200		3298
510		2889		2408918		3287
511		2879		2413633		3288
512		2881		2418348		3283
513		2867		2423061		3299
514		2873		2427777		3295
515		2856		2432492		3293
516		2858		2437205		3287
517		2873		2441921		3296
518		2857		2446636		3298
519		2865		2451350		3299
520		2894		2456066		3308
521		2878		2460780		3296
522		2879		2465495		3288
523		2872		2470210		3299
524		2851		2474924		3292
525		2859		2479639		3297
526		2853		2484352		3299
527		2846		2489070		3276
528		2855		2493784		3302
529		2851		2498501		3301
530		2840		2503216		3283
531		2835		2507933		3286
532		2848		2512643		3294
533		2833		2517359		3308
534		2846		2522075		3299
535		2864		2526791		3286
536		2842		2531507		3276
537		2835		2536222		3309
538		2852		2540936		3296
539		2837		2545651		3294
540		2858		2550367		3288
541		2838		2555083		3297
542		2825		2559795		3294
543		2849		2564513		3302
544		2839		2569225		3284
545		2827		2573940		3291
546		2830		2578657		3307
547		2821		2583370		3311
548		2842		2588090		3308
549		2835		2592803		3297
550		2825		2597519		3300
551		2843		2602237		3305
552		2847		2606954		3286
553		2848		2611665		3304
554		2820		2616373		3294
555		2822		2621087		3302
556		2829		2625801		3309
557		2810		2630514		3295
558		2822		2635229		3311
559		2825		2639945		3301
560		2817		2644656		3308
561		2829		2649365		3313
562		2815		2654081		3313
563		2817		2658799		3320
564		2810		2663514		3319
565		2813		2668229		3303
566		2804		2672941		3306
567		2812		2677656		3308
568		2821		2682372		3307
569		2809		2687086		3306
570		2798		2691801		3307
571		2780		2696517		3311
572		2793		2701232		3323
573		2804		2705945		3318
574		2790		2710659		3312
575		2791		2715372		3314
576		2797		2720086		3315
577		2789		2724801		3310
578		2801		2729516		3301
579		2819		2734233		3294
580		2793		2738949		3304
581		2799		2743666		3309
582		2803		2748382		3307
583		2797		2753097		3307
584		2806		2757813		3316
585		2785		2762524		3319
586		2766		2767239		3311
587		2779		2771951		3316
588		2767		2776662		3309
589		2762		2781376		3315
590		2751		2786093		3301
591		2758		2790809		3314
592		2753		2795526		3311
593		2761		2800242		3332
594		2763		2804959		3330
595		2742		2809676		3322
596		2746		2814393		3319
597		2741		2819108		3324
598		2758		2823821		3312
599		2747		2828537		3313
600		2746		2833249		3299
601		2744		2837966		3313
602		2734		2842677		3313
603		2742		2847394		3305
604		2747		2852106		3316
605		2737		2856821		3313
606		2743		2861533		3318
607		2746		2866250		3308
608		2754		2870963		3305
609		2766		2875677		3311
610		2748		2880394		3308
611		2755		2885106		3305
612		2761		2889818		3310
613		2751		2894532		3304
614		2763		2899251		3303
615		2775		2903964		3293
616		2759		2908679		3292
617		2757		2913388		3299
618		2774		2918098		3295
619		2791		2922814		3299
620		2780		2927528		3293
621		2794		2932239		3280
622		2776		2936955		3290
623		2766		2941670		3290
624		2743		2946383		3276
625		2760		2951092		3285
626		2758		2955807		3287
627		2763		2960522		3278
628		2747		2965237		3278
629		2741		2969951		3276
630		2738		2974666		3290
631		2729		2979382		3294
632		2735		2984093		3295
633		2751		2988803		3298
634		2727		2993516		3295
635		2741		2998230		3308
636		2729		3002947		3308
637		2736		3007663		3297
638		2735		3012379		3304
639		2729		3017093		3302
640		2721		3021806		3287
641		2744		3026524		3286
642		2734		3031235		3294
643		2712		3035953		3293
644		2706		3040666		3299
645		2717		3045377		3309
646		2728		3050093		3302
647		2722		3054806		3305
648		2714		3059520		3306
649		2730		3064234		3312
650		2726		3068953		3295
651		2703		3073666		3309
652		2707		3078378		3293
653		2713		3083095		3297
654		2717		3087812		3292
655		2724		3092525		3304
656		2688		3097239		3306
657		2706		3101950		3312
658		2684		3106664		3318
659		2699		3111377		3308
660		2722		3116093		3322
661		2717		3120811		3307
662		2697		3125525		3311
663		2698		3130241		3319
664		2695		3134954		3307
665		2708		3139669		3304
666		2708		3144385		3311
667		2713		3149101		3311
668		2708		3153813		3316
669		2706		3158525		3309
670		2694		3163243		3318
671		2698		3167958		3332
672		2693		3172669		3328
673		2699		3177384		3306
674		2683		3182100		3321
675		2682		3186815		3315
676		2664		3191529		3316
677		2668		3196241		3327
678		2670		3200958		3318
679		2672		3205671		3305
680		2668		3210387		3303
681		2672		3215102		3326
682		2659		3219818		3323
683		2653		3224532		3312
684		2653		3229250		3320
685		2671		3233969		3318
686		2673		3238684		3320
687		2650		3243400		3322
688		2682		3248118		3331
689		2681		3252832		3318
690		2687		3257551		3314
691		2659		3262266		3322
692		2649		3266982		3334
693		2654		3271698		3329
694		2658		3276414		3315
695		2636		3281128		3324
696		2646		3285837		3328
697		2679		3290553		3326
698		2668		3295268		3321
699		2670		3299981		3317
700		2656		3304697		3328
701		2638		3309415		3329
702		2636		3314126		3316
703		2644		3318843		3327
704		2638		3323559		3319
705		2637		3328272		3324
706		2645		3332989		3321
707		2655		3337703		3331
708		2648		3342419		3316
709		2652		3347135		3321
710		2656		3351852		3321
711		2638		3356569		3321
712		2651		3361285		3323
713		2642		3365999		3327
714		2642		3370714		3320
715		2620		3375429		3338
716		2603		3380142		3330
717		2614		3384858		3326
718		2609		3389576		3326
719		2613		3394290		3323
720		2605		3399002		3329
721		2595		3403717		3343
722		2590		3408434		3333
723		2586		3413151		3331
724		2594		3417868		3328
725		2580		3422581		3326
726		2607		3427300		3322
727		2621		3432016		3324
728		2612		3436735		3339
729		2618		3441451		3319
730		2622		3446169		3334
731		2620		3450886		3322
732		2614		3455602		3332
733		2611		3460317		3330
734		2602		3465035		3327
735		2611		3469749		3326
736		2633		3474464		3326
737		2628		3479180		3337
738		2621		3483897		3337
739		2633		3488613		3338
740		2617		3493327		3318
741		2617		3498045		3323
742		2626		3502758		3333
743		2612		3507471		3314
744		2597		3512185		3311
745		2598		3516898		3326
746		2592		3521611		3328
747		2601		3526327		3323
748		2592		3531042		3320
749		2598		3535756		3311
750		2599		3540471		3307
751		2612		3545184		3319
752		2621		3549899		3323
753		2639		3554617		3317
754		2641		3559332		3315
755		2619		3564048		3336
756		2627		3568759		3338
757		2636		3573477		3337
758		2640		3578192		3323
759		2631		3582908		3316
760		2626		3587624		3321
761		2615		3592334		3316
762		2612		3597052		3332
763		2608		3601768		3331
764		2603		3606484		3322
765		2581		3611196		3323
766		2586		3615911		3308
767		2586		3620630		3302
768		2588		3625347		3303
769		2582		3630066		3309
770		2586		3634783		3307
771		2598		3639495		3305
772		2593		3644208		3309
773		2599		3648923		3309
774		2573		3653641		3300
775		2579		3658353		3293
776		2587		3663066		3317
777		2568		3667783		3324
778		2583		3672499		3298
779		2590		3677217		3310
780		2591		3681936		3294
781		2590		3686649		3300
782		2599		3691362		3295
783		2614		3696079		3300
784		2605		3700796		3297
785		2606		3705506		3295
786		2603		3710223		3303
787		2605		3714938		3310
788		2593		3719654		3311
789		2593		3724369		3315
790		2581		3729082		3324
791		2599		3733797		3314
792		2591		3738512		3326
793		2596		3743226		3311
794		2623		3747940		3305
795		2632		3752657		3305
796		2641		3757372		3309
797		2610		3762088		3319
798		2597		3766805		3305
799		2594		3771522		3302
800		2584		3776240		3307
801		2585		3780956		3307
802		2571		3785671		3312
803		2562		3790386		3321
804		2567		3795101		3305
805		2580		3799813		3310
806		2567		3804526		3315
807		2584		3809238		3310
808		2598		3813951		3311
809		2593		3818667		3309
810		2603		3823380		3310
811		2577		3828099		3305
812		2577		3832815		3316
813		2567		3837530		3316
814		2538		3842243		3310
815		2542		3846960		3307
816		2559		3851677		3312
817		2584		3856394		3308
818		2573		3861109		3321
819		2564		3865826		3315
820		2565		3870539		3311
821		2558		3875254		3329
822		2542		3879969		3325
823		2553		3884686		3324
824		2554		3889402		3319
825		2571		3894115		3331
826		2565		3898832		3327
827		2556		3903541		3329
828		2542		3908257		3328
829		2527		3912972		3324
830		2551		3917684		3322
831		2555		3922402		3326
832		2543		3927119		3322
833		2543		3931833		3323
834		2543		3936548		3330
835		2518		3941266		3317
836		2529		3945980		3312
837		2550		3950697		3321
838		2542		3955406		3317
839		2549		3960120		3322
840		2540		3964836		3319
841		2543		3969551		3325
842		2549		3974267		3318
843		2542		3978981		3314
844		2542		3983696		3311
845		2532		3988411		3314
846		2529		3993129		3301
847		2526		3997846		3317
848		2512		4002560		3313
849		2519		4007275		3317
850		2512		4011991		3310
851		2520		4016709		3318
852		2508		4021419		3320
853		2515		4026135		3314
854		2535		4030851		3316
855		2527		4035566		3324
856		2517		4040283		3320
857		2516		4045002		3321
858		2515		4049717		3329
859		2507		4054431		3329
860		2511		4059143		3328
861		2506		4063859		3326
862		2507		4068571		3320
863		2509		4073284		3327
864		2521		4077998		3317
865		2519		4082710		3325
866		2526		4087427		3317
867		2504		4092140		3321
868		2521		4096850		3329
869		2519		4101562		3316
870		2497		4106281		3322
871		2504		4110993		3320
872		2506		4115710		3313
873		2512		4120421		3330
874		2516		4125135		3325
875		2501		4129851		3324
876		2508		4134564		3314
877		2510		4139282		3319
878		2501		4143996		3317
879		2503		4148708		3330
880		2507		4153426		3327
881		2509		4158141		3317
882		2506		4162855		3327
883		2504		4167573		3324
884		2497		4172291		3323
885		2504		4177003		3320
886		2494		4181719		3321
887		2488		4186435		3321
888		2476		4191150		3325
889		2479		4195865		3328
890		2482		4200578		3320
891		2483		4205293		3326
892		2496		4210005		3324
893		2497		4214724		3321
894		2482		4219442		3317
895		2483		4224156		3323
896		2490		4228872		3318
897		2493		4233589		3312
898		2491		4238305		3314
899		2480		4243020		3323
900		2483		4247737		3323
901		2493		4252453		3311
902		2476		4257168		3322
903		2487		4261886		3327
904		2482		4266601		3324
905		2486		4271315		3315
906		2506		4276031		3327
907		2506		4280746		3319
908		2520		4285462		3320
909		2489		4290179		3309
910		2491		4294891		3320
911		2497		4299608		3328
912		2498		4304325		3323
913		2511		4309043		3317
914		2493		4313757		3318
915		2518		4318473		3310
916		2509		4323189		3320
917		2512		4327901		3337
918		2532		4332616		3331
919		2508		4337335		3322
920		2497		4342052		3321
921		2478		4346765		3314
922		2487		4351485		3323
923		2493		4356201		3322
924		2516		4360919		3313
925		2523		4365633		3321
926		2531		4370352		3330
927		2507		4375070		3320
928		2525		4379787		3326
929		2507		4384500		3325
930		2508		4389213		3328
931		2491		4393931		3317
932		2505		4398648		3318
933		2522		4403361		3327
934		2505		4408075		3324
935		2503		4412792		3332
936		2512		4417509		3325
937		2488		4422227		3327
938		2501		4426943		3323
939		2506		4431658		3325
940		2516		4436374		3319
941		2507		4441091		3310
942		2511		4445807		3321
943		2505		4450526		3309
944		2507		4455242		3323
945		2511		4459959		3313
946		2503		4464671		3313
947		2484		4469383		3312
948		2495		4474099		3319
949		2499		4478811		3308
950		2492		4483528		3312
951		2498		4488243		3305
952		2492		4492960		3318
953		2489		4497678		3318
954		2476		4502393		3326
955		2493		4507106		3323
956		2479		4511824		3317
957		2485		4516542		3323
958		2466		4521259		3319
959		2485		4525975		3313
960		2488		4530692		3316
961		2481		4535409		3333
962		2480		4540123		3319
963		2472		4544839		3323
964		2474		4549556		3321
965		2469		4554274		3320
966		2452		4558992		3320
967		2456		4563711		3317
968		2459		4568428		3316
969		2467		4573146		3320
970		2456		4577863		3322
971		2483		4582583		3316
972		2464		4587298		3320
973		2473		4592016		3325
974		2482		4596732		3318
975		2495		4601446		3323
976		2503		4606161		3331
977		2496		4610879		3328
978		2477		4615596		3327
979		2474		4620315		3325
980		2474		4625034		3324
981		2464		4629750		3321
982		2477		4634468		3323
983		2483		4639185		3323
984		2475		4643902		3326
985		2454		4648618		3328
986		2470		4653330		3312
987		2475		4658043		3322
988		2476		4662760		3319
989		2476		4667479		3321
990		2465		4672195		3313
991		2473		4676912		3318
992		2466		4681624		3324
993		2463		4686344		3322
994		2472		4691061		3330
995		2463		4695777		3327
996		2468		4700493		3326
997		2466		4705208		3325
998		2462		4709925		3328
999		2465		4714643		3328
