# Migration is number of nodes that have changed color.

Round		Edge-Cut		Swaps		Migrations		Skipped
0		8190		3787		3058
1		7001		6574		3121
2		6134		8713		3157
3		5614		10406		3128
4		5160		11913		3155
5		4726		13116		3186
6		4398		14230		3161
7		4138		15177		3175
8		3913		16013		3177
9		3695		16740		3172
10		3542		17396		3171
11		3423		17956		3166
12		3328		18499		3168
13		3242		19041		3198
14		3166		19482		3213
15		3087		19929		3184
16		3022		20335		3207
17		2962		20729		3215
18		2905		21099		3242
19		2839		21382		3241
20		2802		21667		3240
21		2760		21987		3214
22		2704		22271		3230
23		2664		22523		3230
24		2631		22799		3231
25		2584		23062		3238
26		2558		23304		3233
27		2512		23570		3234
28		2503		23829		3243
29		2472		24081		3238
30		2433		24345		3232
31		2396		24570		3232
32		2357		24768		3232
33		2307		24964		3244
34		2302		25181		3240
35		2265		25373		3243
36		2249		25541		3241
37		2223		25723		3254
38		2223		25901		3256
39		2211		26080		3245
40		2198		26245		3259
41		2177		26400		3258
42		2155		26584		3253
43		2132		26715		3252
44		2109		26819		3266
45		2100		26931		3270
46		2085		27044		3266
47		2072		27135		3271
48		2044		27233		3273
49		2040		27322		3284
50		2047		27400		3279
51		2034		27490		3274
52		2027		27566		3283
53		2014		27647		3276
54		2016		27719		3279
55		2005		27799		3281
56		2002		27855		3280
57		1993		27927		3275
58		1991		28000		3273
59		1987		28078		3270
60		1975		28150		3267
61		1962		28208		3271
62		1956		28278		3271
63		1949		28340		3275
64		1940		28384		3264
65		1927		28434		3273
66		1930		28502		3269
67		1938		28575		3274
68		1930		28632		3271
69		1927		28682		3272
70		1917		28741		3271
71		1909		28793		3269
72		1908		28842		3276
73		1908		28895		3280
74		1905		28964		3289
75		1893		29040		3281
76		1884		29106		3279
77		1886		29161		3284
78		1881		29210		3281
79		1880		29253		3286
80		1869		29303		3290
81		1864		29356		3286
82		1860		29419		3292
83		1853		29479		3290
84		1841		29535		3291
85		1837		29589		3291
86		1828		29638		3292
87		1822		29685		3290
88		1822		29724		3286
89		1825		29760		3288
90		1822		29799		3291
91		1818		29843		3299
92		1806		29888		3298
93		1803		29926		3292
94		1794		29972		3289
95		1793		30008		3293
96		1790		30050		3295
97		1778		30094		3296
98		1776		30130		3290
99		1766		30166		3299
100		1762		30193		3295
101		1765		30229		3294
102		1763		30256		3287
103		1768		30304		3286
104		1773		30330		3288
105		1769		30370		3284
106		1763		30402		3289
107		1767		30432		3286
108		1763		30454		3283
109		1753		30486		3284
110		1761		30508		3282
111		1757		30548		3291
112		1753		30580		3289
113		1748		30608		3296
114		1754		30629		3291
115		1746		30655		3293
116		1746		30679		3292
117		1738		30700		3294
118		1737		30717		3296
119		1735		30731		3291
120		1731		30754		3289
121		1733		30786		3289
122		1737		30829		3291
123		1736		30858		3298
124		1716		30877		3290
125		1715		30893		3291
126		1717		30915		3289
127		1723		30945		3295
128		1721		30988		3289
129		1709		31013		3289
130		1705		31030		3288
131		1703		31047		3288
132		1713		31078		3294
133		1711		31094		3292
134		1706		31111		3290
135		1704		31144		3285
136		1698		31156		3290
137		1700		31178		3289
138		1694		31197		3291
139		1701		31220		3291
140		1704		31234		3291
141		1697		31250		3285
142		1696		31262		3283
143		1694		31276		3284
144		1691		31282		3287
145		1686		31292		3287
146		1687		31296		3285
147		1686		31302		3286
148		1687		31312		3288
149		1684		31318		3290
150		1689		31326		3289
151		1687		31331		3289
152		1684		31334		3289
153		1685		31335		3290
154		1683		31337		3288
155		1683		31339		3288
156		1684		31342		3289
157		1684		31344		3289
158		1683		31345		3288
159		1681		31348		3287
160		1678		31353		3288
161		1677		31354		3287
162		1677		31356		3288
163		1677		31356		3288
164		1677		31356		3288
165		1677		31356		3288
166		1677		31356		3288
167		1677		31356		3288
168		1677		31356		3288
169		1677		31356		3288
170		1677		31356		3288
171		1677		31356		3288
172		1677		31356		3288
173		1674		31358		3287
174		1673		31361		3287
175		1674		31362		3287
176		1673		31363		3287
177		1673		31363		3287
178		1673		31363		3287
179		1673		31363		3287
180		1673		31363		3287
181		1673		31363		3287
182		1673		31363		3287
183		1673		31363		3287
184		1673		31363		3287
185		1673		31363		3287
186		1673		31363		3287
187		1673		31363		3287
188		1673		31363		3287
189		1673		31363		3287
190		1673		31363		3287
191		1673		31363		3287
192		1673		31363		3287
193		1673		31363		3287
194		1673		31363		3287
195		1673		31363		3287
196		1673		31363		3287
197		1673		31363		3287
198		1673		31363		3287
199		1673		31363		3287
200		1673		31363		3287
201		1673		31363		3287
202		1673		31363		3287
203		1673		31363		3287
204		1673		31363		3287
205		1673		31363		3287
206		1673		31363		3287
207		1673		31363		3287
208		1673		31363		3287
209		1673		31363		3287
210		1673		31363		3287
211		1673		31363		3287
212		1673		31363		3287
213		1673		31363		3287
214		1673		31363		3287
215		1673		31363		3287
216		1673		31363		3287
217		1673		31363		3287
218		1673		31363		3287
219		1673		31363		3287
220		1673		31363		3287
221		1673		31363		3287
222		1673		31363		3287
223		1673		31363		3287
224		1673		31363		3287
225		1673		31363		3287
226		1673		31363		3287
227		1673		31363		3287
228		1673		31363		3287
229		1673		31363		3287
230		1673		31363		3287
231		1673		31363		3287
232		1673		31363		3287
233		1673		31363		3287
234		1673		31363		3287
235		1673		31363		3287
236		1673		31363		3287
237		1673		31363		3287
238		1673		31363		3287
239		1673		31363		3287
240		1673		31363		3287
241		1673		31363		3287
242		1673		31363		3287
243		1673		31363		3287
244		1673		31363		3287
245		1673		31363		3287
246		1673		31363		3287
247		1673		31363		3287
248		1673		31363		3287
249		1673		31363		3287
250		1673		31363		3287
251		1673		31363		3287
252		1673		31363		3287
253		1673		31363		3287
254		1673		31363		3287
255		1673		31363		3287
256		1673		31363		3287
257		1673		31363		3287
258		1673		31363		3287
259		1673		31363		3287
260		1673		31363		3287
261		1673		31363		3287
262		1673		31363		3287
263		1673		31363		3287
264		1673		31363		3287
265		1673		31363		3287
266		1673		31363		3287
267		1673		31363		3287
268		1673		31363		3287
269		1673		31363		3287
270		1673		31363		3287
271		1673		31363		3287
272		1673		31363		3287
273		1673		31363		3287
274		1673		31363		3287
275		1673		31363		3287
276		1673		31363		3287
277		1673		31363		3287
278		1673		31363		3287
279		1673		31363		3287
280		1673		31363		3287
281		1673		31363		3287
282		1673		31363		3287
283		1673		31363		3287
284		1673		31363		3287
285		1673		31363		3287
286		1673		31363		3287
287		1673		31363		3287
288		1673		31363		3287
289		1673		31363		3287
290		1673		31363		3287
291		1673		31363		3287
292		1673		31363		3287
293		1673		31363		3287
294		1673		31363		3287
295		1673		31363		3287
296		1673		31363		3287
297		1673		31363		3287
298		1673		31363		3287
299		1673		31363		3287
300		1673		31363		3287
301		1673		31363		3287
302		1673		31363		3287
303		1673		31363		3287
304		1673		31363		3287
305		1673		31363		3287
306		1673		31363		3287
307		1673		31363		3287
308		1673		31363		3287
309		1673		31363		3287
310		1673		31363		3287
311		1673		31363		3287
312		1673		31363		3287
313		1673		31363		3287
314		1673		31363		3287
315		1673		31363		3287
316		1673		31363		3287
317		1673		31363		3287
318		1673		31363		3287
319		1673		31363		3287
320		1673		31363		3287
321		1673		31363		3287
322		1673		31363		3287
323		1673		31363		3287
324		1673		31363		3287
325		1673		31363		3287
326		1673		31363		3287
327		1673		31363		3287
328		1673		31363		3287
329		1673		31363		3287
330		1673		31363		3287
331		1673		31363		3287
332		1673		31363		3287
333		1673		31363		3287
334		1673		31363		3287
335		1673		31363		3287
336		1673		31363		3287
337		1673		31363		3287
338		1673		31363		3287
339		1673		31363		3287
340		1673		31363		3287
341		1673		31363		3287
342		1673		31363		3287
343		1673		31363		3287
344		1673		31363		3287
345		1673		31363		3287
346		1673		31363		3287
347		1673		31363		3287
348		1673		31363		3287
349		1673		31363		3287
350		1673		31363		3287
351		1673		31363		3287
352		1673		31363		3287
353		1673		31363		3287
354		1673		31363		3287
355		1673		31363		3287
356		1673		31363		3287
357		1673		31363		3287
358		1673		31363		3287
359		1673		31363		3287
360		1673		31363		3287
361		1673		31363		3287
362		1673		31363		3287
363		1673		31363		3287
364		1673		31363		3287
365		1673		31363		3287
366		1673		31363		3287
367		1673		31363		3287
368		1673		31363		3287
369		1673		31363		3287
370		1673		31363		3287
371		1673		31363		3287
372		1673		31363		3287
373		1673		31363		3287
374		1673		31363		3287
375		1673		31363		3287
376		1673		31363		3287
377		1673		31363		3287
378		1673		31363		3287
379		1673		31363		3287
380		1673		31363		3287
381		1673		31363		3287
382		1673		31363		3287
383		1673		31363		3287
384		1673		31363		3287
385		1673		31363		3287
386		1673		31363		3287
387		1673		31363		3287
388		1673		31363		3287
389		1673		31363		3287
390		1673		31363		3287
391		1673		31363		3287
392		1673		31363		3287
393		1673		31363		3287
394		1673		31363		3287
395		1673		31363		3287
396		1673		31363		3287
397		1673		31363		3287
398		1673		31363		3287
399		1673		31363		3287
400		1673		31363		3287
401		1673		31363		3287
402		1673		31363		3287
403		1673		31363		3287
404		1673		31363		3287
405		1673		31363		3287
406		1673		31363		3287
407		1673		31363		3287
408		1673		31363		3287
409		1673		31363		3287
410		1673		31363		3287
411		1673		31363		3287
412		1673		31363		3287
413		1673		31363		3287
414		1673		31363		3287
415		1673		31363		3287
416		1673		31363		3287
417		1673		31363		3287
418		1673		31363		3287
419		1673		31363		3287
420		1673		31363		3287
421		1673		31363		3287
422		1673		31363		3287
423		1673		31363		3287
424		1673		31363		3287
425		1673		31363		3287
426		1673		31363		3287
427		1673		31363		3287
428		1673		31363		3287
429		1673		31363		3287
430		1673		31363		3287
431		1673		31363		3287
432		1673		31363		3287
433		1673		31363		3287
434		1673		31363		3287
435		1673		31363		3287
436		1673		31363		3287
437		1673		31363		3287
438		1673		31363		3287
439		1673		31363		3287
440		1673		31363		3287
441		1673		31363		3287
442		1673		31363		3287
443		1673		31363		3287
444		1673		31363		3287
445		1673		31363		3287
446		1673		31363		3287
447		1673		31363		3287
448		1673		31363		3287
449		1673		31363		3287
450		1673		31363		3287
451		1673		31363		3287
452		1673		31363		3287
453		1673		31363		3287
454		1673		31363		3287
455		1673		31363		3287
456		1673		31363		3287
457		1673		31363		3287
458		1673		31363		3287
459		1673		31363		3287
460		1673		31363		3287
461		1673		31363		3287
462		1673		31363		3287
463		1673		31363		3287
464		1673		31363		3287
465		1673		31363		3287
466		1673		31363		3287
467		1673		31363		3287
468		1673		31363		3287
469		1673		31363		3287
470		1673		31363		3287
471		1673		31363		3287
472		1673		31363		3287
473		1673		31363		3287
474		1673		31363		3287
475		1673		31363		3287
476		1673		31363		3287
477		1673		31363		3287
478		1673		31363		3287
479		1673		31363		3287
480		1673		31363		3287
481		1673		31363		3287
482		1673		31363		3287
483		1673		31363		3287
484		1673		31363		3287
485		1673		31363		3287
486		1673		31363		3287
487		1673		31363		3287
488		1673		31363		3287
489		1673		31363		3287
490		1673		31363		3287
491		1673		31363		3287
492		1673		31363		3287
493		1673		31363		3287
494		1673		31363		3287
495		1673		31363		3287
496		1673		31363		3287
497		1673		31363		3287
498		1673		31363		3287
499		1673		31363		3287
500		1673		31363		3287
501		1673		31363		3287
502		1673		31363		3287
503		1673		31363		3287
504		1673		31363		3287
505		1673		31363		3287
506		1673		31363		3287
507		1673		31363		3287
508		1673		31363		3287
509		1673		31363		3287
510		1673		31363		3287
511		1673		31363		3287
512		1673		31363		3287
513		1673		31363		3287
514		1673		31363		3287
515		1673		31363		3287
516		1673		31363		3287
517		1673		31363		3287
518		1673		31363		3287
519		1673		31363		3287
520		1673		31363		3287
521		1673		31363		3287
522		1673		31363		3287
523		1673		31363		3287
524		1673		31363		3287
525		1673		31363		3287
526		1673		31363		3287
527		1673		31363		3287
528		1673		31363		3287
529		1673		31363		3287
530		1673		31363		3287
531		1673		31363		3287
532		1673		31363		3287
533		1673		31363		3287
534		1673		31363		3287
535		1673		31363		3287
536		1673		31363		3287
537		1673		31363		3287
538		1673		31363		3287
539		1673		31363		3287
540		1673		31363		3287
541		1673		31363		3287
542		1673		31363		3287
543		1673		31363		3287
544		1673		31363		3287
545		1673		31363		3287
546		1673		31363		3287
547		1673		31363		3287
548		1673		31363		3287
549		1673		31363		3287
550		1673		31363		3287
551		1673		31363		3287
552		1673		31363		3287
553		1673		31363		3287
554		1673		31363		3287
555		1673		31363		3287
556		1673		31363		3287
557		1673		31363		3287
558		1673		31363		3287
559		1673		31363		3287
560		1673		31363		3287
561		1673		31363		3287
562		1673		31363		3287
563		1673		31363		3287
564		1673		31363		3287
565		1673		31363		3287
566		1673		31363		3287
567		1673		31363		3287
568		1673		31363		3287
569		1673		31363		3287
570		1673		31363		3287
571		1673		31363		3287
572		1673		31363		3287
573		1673		31363		3287
574		1673		31363		3287
575		1673		31363		3287
576		1673		31363		3287
577		1673		31363		3287
578		1673		31363		3287
579		1673		31363		3287
580		1673		31363		3287
581		1673		31363		3287
582		1673		31363		3287
583		1673		31363		3287
584		1673		31363		3287
585		1673		31363		3287
586		1673		31363		3287
587		1673		31363		3287
588		1673		31363		3287
589		1673		31363		3287
590		1673		31363		3287
591		1673		31363		3287
592		1673		31363		3287
593		1673		31363		3287
594		1673		31363		3287
595		1673		31363		3287
596		1673		31363		3287
597		1673		31363		3287
598		1673		31363		3287
599		1673		31363		3287
600		1673		31363		3287
601		1673		31363		3287
602		1673		31363		3287
603		1673		31363		3287
604		1673		31363		3287
605		1673		31363		3287
606		1673		31363		3287
607		1673		31363		3287
608		1673		31363		3287
609		1673		31363		3287
610		1673		31363		3287
611		1673		31363		3287
612		1673		31363		3287
613		1673		31363		3287
614		1673		31363		3287
615		1673		31363		3287
616		1673		31363		3287
617		1673		31363		3287
618		1673		31363		3287
619		1673		31363		3287
620		1673		31363		3287
621		1673		31363		3287
622		1673		31363		3287
623		1673		31363		3287
624		1673		31363		3287
625		1673		31363		3287
626		1673		31363		3287
627		1673		31363		3287
628		1673		31363		3287
629		1673		31363		3287
630		1673		31363		3287
631		1673		31363		3287
632		1673		31363		3287
633		1673		31363		3287
634		1673		31363		3287
635		1673		31363		3287
636		1673		31363		3287
637		1673		31363		3287
638		1673		31363		3287
639		1673		31363		3287
640		1673		31363		3287
641		1673		31363		3287
642		1673		31363		3287
643		1673		31363		3287
644		1673		31363		3287
645		1673		31363		3287
646		1673		31363		3287
647		1673		31363		3287
648		1673		31363		3287
649		1673		31363		3287
650		1673		31363		3287
651		1673		31363		3287
652		1673		31363		3287
653		1673		31363		3287
654		1673		31363		3287
655		1673		31363		3287
656		1673		31363		3287
657		1673		31363		3287
658		1673		31363		3287
659		1673		31363		3287
660		1673		31363		3287
661		1673		31363		3287
662		1673		31363		3287
663		1673		31363		3287
664		1673		31363		3287
665		1673		31363		3287
666		1673		31363		3287
667		1673		31363		3287
668		1673		31363		3287
669		1673		31363		3287
670		1673		31363		3287
671		1673		31363		3287
672		1673		31363		3287
673		1673		31363		3287
674		1673		31363		3287
675		1673		31363		3287
676		1673		31363		3287
677		1673		31363		3287
678		1673		31363		3287
679		1673		31363		3287
680		1673		31363		3287
681		1673		31363		3287
682		1673		31363		3287
683		1673		31363		3287
684		1673		31363		3287
685		1673		31363		3287
686		1673		31363		3287
687		1673		31363		3287
688		1673		31363		3287
689		1673		31363		3287
690		1673		31363		3287
691		1673		31363		3287
692		1673		31363		3287
693		1673		31363		3287
694		1673		31363		3287
695		1673		31363		3287
696		1673		31363		3287
697		1673		31363		3287
698		1673		31363		3287
699		1673		31363		3287
700		1673		31363		3287
701		1673		31363		3287
702		1673		31363		3287
703		1673		31363		3287
704		1673		31363		3287
705		1673		31363		3287
706		1673		31363		3287
707		1673		31363		3287
708		1673		31363		3287
709		1673		31363		3287
710		1673		31363		3287
711		1673		31363		3287
712		1673		31363		3287
713		1673		31363		3287
714		1673		31363		3287
715		1673		31363		3287
716		1673		31363		3287
717		1673		31363		3287
718		1673		31363		3287
719		1673		31363		3287
720		1673		31363		3287
721		1673		31363		3287
722		1673		31363		3287
723		1673		31363		3287
724		1673		31363		3287
725		1673		31363		3287
726		1673		31363		3287
727		1673		31363		3287
728		1673		31363		3287
729		1673		31363		3287
730		1673		31363		3287
731		1673		31363		3287
732		1673		31363		3287
733		1673		31363		3287
734		1673		31363		3287
735		1673		31363		3287
736		1673		31363		3287
737		1673		31363		3287
738		1673		31363		3287
739		1673		31363		3287
740		1673		31363		3287
741		1673		31363		3287
742		1673		31363		3287
743		1673		31363		3287
744		1673		31363		3287
745		1673		31363		3287
746		1673		31363		3287
747		1673		31363		3287
748		1673		31363		3287
749		1673		31363		3287
750		1673		31363		3287
751		1673		31363		3287
752		1673		31363		3287
753		1673		31363		3287
754		1673		31363		3287
755		1673		31363		3287
756		1673		31363		3287
757		1673		31363		3287
758		1673		31363		3287
759		1673		31363		3287
760		1673		31363		3287
761		1673		31363		3287
762		1673		31363		3287
763		1673		31363		3287
764		1673		31363		3287
765		1673		31363		3287
766		1673		31363		3287
767		1673		31363		3287
768		1673		31363		3287
769		1673		31363		3287
770		1673		31363		3287
771		1673		31363		3287
772		1673		31363		3287
773		1673		31363		3287
774		1673		31363		3287
775		1673		31363		3287
776		1673		31363		3287
777		1673		31363		3287
778		1673		31363		3287
779		1673		31363		3287
780		1673		31363		3287
781		1673		31363		3287
782		1673		31363		3287
783		1673		31363		3287
784		1673		31363		3287
785		1673		31363		3287
786		1673		31363		3287
787		1673		31363		3287
788		1673		31363		3287
789		1673		31363		3287
790		1673		31363		3287
791		1673		31363		3287
792		1673		31363		3287
793		1673		31363		3287
794		1673		31363		3287
795		1673		31363		3287
796		1673		31363		3287
797		1673		31363		3287
798		1673		31363		3287
799		1673		31363		3287
800		1673		31363		3287
801		1673		31363		3287
802		1673		31363		3287
803		1673		31363		3287
804		1673		31363		3287
805		1673		31363		3287
806		1673		31363		3287
807		1673		31363		3287
808		1673		31363		3287
809		1673		31363		3287
810		1673		31363		3287
811		1673		31363		3287
812		1673		31363		3287
813		1673		31363		3287
814		1673		31363		3287
815		1673		31363		3287
816		1673		31363		3287
817		1673		31363		3287
818		1673		31363		3287
819		1673		31363		3287
820		1673		31363		3287
821		1673		31363		3287
822		1673		31363		3287
823		1673		31363		3287
824		1673		31363		3287
825		1673		31363		3287
826		1673		31363		3287
827		1673		31363		3287
828		1673		31363		3287
829		1673		31363		3287
830		1673		31363		3287
831		1673		31363		3287
832		1673		31363		3287
833		1673		31363		3287
834		1673		31363		3287
835		1673		31363		3287
836		1673		31363		3287
837		1673		31363		3287
838		1673		31363		3287
839		1673		31363		3287
840		1673		31363		3287
841		1673		31363		3287
842		1673		31363		3287
843		1673		31363		3287
844		1673		31363		3287
845		1673		31363		3287
846		1673		31363		3287
847		1673		31363		3287
848		1673		31363		3287
849		1673		31363		3287
850		1673		31363		3287
851		1673		31363		3287
852		1673		31363		3287
853		1673		31363		3287
854		1673		31363		3287
855		1673		31363		3287
856		1673		31363		3287
857		1673		31363		3287
858		1673		31363		3287
859		1673		31363		3287
860		1673		31363		3287
861		1673		31363		3287
862		1673		31363		3287
863		1673		31363		3287
864		1673		31363		3287
865		1673		31363		3287
866		1673		31363		3287
867		1673		31363		3287
868		1673		31363		3287
869		1673		31363		3287
870		1673		31363		3287
871		1673		31363		3287
872		1673		31363		3287
873		1673		31363		3287
874		1673		31363		3287
875		1673		31363		3287
876		1673		31363		3287
877		1673		31363		3287
878		1673		31363		3287
879		1673		31363		3287
880		1673		31363		3287
881		1673		31363		3287
882		1673		31363		3287
883		1673		31363		3287
884		1673		31363		3287
885		1673		31363		3287
886		1673		31363		3287
887		1673		31363		3287
888		1673		31363		3287
889		1673		31363		3287
890		1673		31363		3287
891		1673		31363		3287
892		1673		31363		3287
893		1673		31363		3287
894		1673		31363		3287
895		1673		31363		3287
896		1673		31363		3287
897		1673		31363		3287
898		1673		31363		3287
899		1673		31363		3287
900		1673		31363		3287
901		1673		31363		3287
902		1673		31363		3287
903		1673		31363		3287
904		1673		31363		3287
905		1673		31363		3287
906		1673		31363		3287
907		1673		31363		3287
908		1673		31363		3287
909		1673		31363		3287
910		1673		31363		3287
911		1673		31363		3287
912		1673		31363		3287
913		1673		31363		3287
914		1673		31363		3287
915		1673		31363		3287
916		1673		31363		3287
917		1673		31363		3287
918		1673		31363		3287
919		1673		31363		3287
920		1673		31363		3287
921		1673		31363		3287
922		1673		31363		3287
923		1673		31363		3287
924		1673		31363		3287
925		1673		31363		3287
926		1673		31363		3287
927		1673		31363		3287
928		1673		31363		3287
929		1673		31363		3287
930		1673		31363		3287
931		1673		31363		3287
932		1673		31363		3287
933		1673		31363		3287
934		1673		31363		3287
935		1673		31363		3287
936		1673		31363		3287
937		1673		31363		3287
938		1673		31363		3287
939		1673		31363		3287
940		1673		31363		3287
941		1673		31363		3287
942		1673		31363		3287
943		1673		31363		3287
944		1673		31363		3287
945		1673		31363		3287
946		1673		31363		3287
947		1673		31363		3287
948		1673		31363		3287
949		1673		31363		3287
950		1673		31363		3287
951		1673		31363		3287
952		1673		31363		3287
953		1673		31363		3287
954		1673		31363		3287
955		1673		31363		3287
956		1673		31363		3287
957		1673		31363		3287
958		1673		31363		3287
959		1673		31363		3287
960		1673		31363		3287
961		1673		31363		3287
962		1673		31363		3287
963		1673		31363		3287
964		1673		31363		3287
965		1673		31363		3287
966		1673		31363		3287
967		1673		31363		3287
968		1673		31363		3287
969		1673		31363		3287
970		1673		31363		3287
971		1673		31363		3287
972		1673		31363		3287
973		1673		31363		3287
974		1673		31363		3287
975		1673		31363		3287
976		1673		31363		3287
977		1673		31363		3287
978		1673		31363		3287
979		1673		31363		3287
980		1673		31363		3287
981		1673		31363		3287
982		1673		31363		3287
983		1673		31363		3287
984		1673		31363		3287
985		1673		31363		3287
986		1673		31363		3287
987		1673		31363		3287
988		1673		31363		3287
989		1673		31363		3287
990		1673		31363		3287
991		1673		31363		3287
992		1673		31363		3287
993		1673		31363		3287
994		1673		31363		3287
995		1673		31363		3287
996		1673		31363		3287
997		1673		31363		3287
998		1673		31363		3287
999		1673		31363		3287
