# Migration is number of nodes that have changed color.

Round		Edge-Cut		Swaps		Migrations		Skipped
0		543		4720		58
1		536		9439		67
2		527		14159		70
3		534		18878		75
4		532		23597		73
5		533		28317		79
6		530		33037		82
7		539		37756		86
8		532		42476		86
9		524		47195		80
10		527		51914		80
11		537		56634		81
12		530		61354		84
13		539		66074		91
14		537		70794		92
15		523		75514		90
16		532		80233		87
17		533		84953		91
18		530		89671		89
19		527		94391		91
20		523		99110		91
21		531		103829		95
22		538		108549		94
23		543		113268		105
24		531		117988		103
25		531		122708		96
26		534		127428		96
27		533		132148		97
28		528		136868		96
29		529		141588		100
30		525		146307		98
31		532		151027		99
32		528		155745		94
33		525		160464		92
34		523		165181		94
35		527		169899		99
36		527		174618		103
37		534		179337		101
38		525		184057		98
39		530		188776		96
40		526		193496		101
41		530		198214		97
42		528		202934		98
43		522		207654		92
44		520		212374		97
45		532		217094		99
46		529		221814		97
47		525		226534		94
48		521		231254		96
49		519		235972		94
50		528		240691		97
51		525		245410		96
52		523		250130		94
53		526		254850		96
54		526		259570		91
55		521		264289		95
56		516		269008		95
57		509		273728		92
58		512		278448		93
59		509		283166		91
60		508		287885		95
61		514		292604		98
62		510		297322		99
63		505		302041		99
64		504		306759		99
65		514		311479		97
66		508		316198		98
67		493		320917		94
68		510		325637		96
69		503		330355		95
70		510		335074		98
71		506		339793		93
72		507		344513		96
73		509		349233		102
74		513		353953		97
75		504		358672		100
76		511		363392		107
77		506		368112		103
78		509		372832		109
79		513		377552		111
80		506		382272		109
81		507		386990		107
82		509		391709		107
83		512		396429		110
84		522		401149		111
85		518		405869		108
86		514		410588		102
87		512		415308		108
88		502		420027		109
89		505		424744		107
90		508		429464		108
91		504		434182		109
92		501		438901		104
93		501		443621		96
94		504		448341		102
95		522		453061		103
96		518		457781		109
97		517		462500		108
98		504		467220		102
99		508		471939		106
100		503		476659		107
101		499		481378		101
102		497		486097		99
103		500		490817		106
104		504		495537		104
105		509		500257		113
106		501		504976		104
107		503		509695		107
108		504		514413		108
109		499		519133		110
110		498		523852		106
111		491		528571		105
112		491		533291		106
113		503		538009		108
114		505		542729		104
115		493		547448		107
116		492		552166		105
117		499		556886		108
118		496		561606		103
119		495		566324		103
120		500		571042		102
121		508		575759		109
122		507		580479		109
123		486		585198		101
124		486		589917		99
125		486		594637		103
126		491		599355		102
127		498		604075		106
128		499		608794		109
129		494		613514		109
130		497		618234		106
131		503		622954		111
132		496		627672		105
133		496		632392		104
134		498		637110		109
135		492		641830		109
136		497		646550		111
137		503		651270		110
138		510		655990		116
139		501		660710		109
140		507		665429		111
141		498		670149		103
142		507		674869		103
143		499		679589		105
144		494		684308		100
145		494		689028		98
146		493		693747		100
147		491		698466		102
148		495		703186		102
149		497		707906		103
150		497		712626		104
151		496		717345		103
152		488		722064		100
153		483		726784		98
154		486		731503		100
155		488		736221		98
156		487		740937		97
157		485		745656		101
158		485		750376		94
159		491		755095		99
160		483		759815		97
161		485		764534		98
162		487		769254		99
163		489		773973		99
164		477		778693		97
165		483		783412		101
166		487		788132		105
167		490		792850		106
168		483		797570		103
169		482		802290		106
170		479		807009		102
171		483		811727		102
172		481		816447		108
173		487		821167		108
174		479		825887		106
175		473		830606		101
176		482		835325		105
177		483		840044		105
178		483		844762		102
179		485		849482		106
180		489		854202		105
181		484		858921		106
182		481		863640		103
183		475		868357		101
184		468		873077		100
185		472		877797		102
186		480		882517		101
187		476		887237		106
188		474		891956		101
189		472		896676		105
190		481		901395		107
191		470		906115		102
192		473		910834		105
193		472		915553		108
194		473		920273		112
195		467		924993		108
196		468		929713		106
197		472		934432		111
198		472		939151		109
199		473		943871		111
200		470		948590		108
201		479		953308		110
202		470		958028		108
203		472		962748		109
204		473		967468		112
205		466		972188		114
206		466		976908		115
207		470		981627		113
208		469		986347		112
209		472		991065		110
210		467		995784		114
211		463		1000504		113
212		461		1005223		111
213		469		1009941		115
214		466		1014661		115
215		461		1019379		115
216		466		1024098		115
217		462		1028817		114
218		464		1033537		115
219		462		1038256		113
220		459		1042975		112
221		462		1047694		112
222		458		1052413		111
223		462		1057132		114
224		467		1061851		110
225		468		1066571		112
226		462		1071288		110
227		465		1076007		112
228		455		1080726		108
229		460		1085446		105
230		459		1090163		105
231		456		1094881		104
232		460		1099600		104
233		456		1104319		109
234		456		1109036		110
235		453		1113756		113
236		459		1118476		114
237		453		1123196		114
238		458		1127915		115
239		459		1132634		115
240		461		1137352		113
241		465		1142070		116
242		452		1146790		110
243		460		1151510		114
244		456		1156230		111
245		453		1160948		109
246		460		1165665		111
247		459		1170385		106
248		449		1175103		104
249		454		1179823		106
250		455		1184543		110
251		457		1189263		118
252		441		1193983		108
253		453		1198702		114
254		450		1203421		108
255		448		1208141		108
256		446		1212860		109
257		453		1217579		112
258		455		1222299		113
259		455		1227018		114
260		452		1231738		112
261		454		1236458		110
262		458		1241178		117
263		452		1245897		115
264		460		1250617		113
265		458		1255335		115
266		455		1260055		111
267		457		1264775		112
268		447		1269495		111
269		449		1274215		116
270		451		1278934		118
271		451		1283651		116
272		458		1288370		118
273		456		1293088		123
274		458		1297806		120
275		458		1302526		121
276		461		1307244		120
277		462		1311963		119
278		459		1316683		121
279		453		1321403		117
280		453		1326123		115
281		448		1330843		118
282		454		1335560		119
283		448		1340279		121
284		446		1344999		116
285		447		1349719		118
286		449		1354439		116
287		454		1359159		118
288		450		1363878		118
289		451		1368597		119
290		446		1373317		117
291		452		1378036		120
292		449		1382753		118
293		446		1387473		119
294		453		1392193		120
295		447		1396912		116
296		450		1401630		120
297		446		1406350		119
298		441		1411069		118
299		443		1415787		118
300		447		1420506		120
301		454		1425226		119
302		457		1429946		118
303		458		1434665		122
304		453		1439383		122
305		456		1444102		120
306		455		1448821		121
307		452		1453540		122
308		449		1458260		122
309		452		1462980		120
310		453		1467699		123
311		458		1472418		121
312		445		1477137		122
313		452		1481854		122
314		448		1486573		124
315		446		1491292		122
316		449		1496012		124
317		457		1500731		126
318		455		1505449		127
319		462		1510166		127
320		461		1514886		126
321		450		1519605		123
322		459		1524325		127
323		457		1529045		129
324		458		1533764		131
325		462		1538481		129
326		460		1543201		127
327		458		1547921		124
328		465		1552640		124
329		456		1557360		121
330		459		1562079		124
331		454		1566798		122
332		457		1571518		119
333		456		1576238		120
334		456		1580958		119
335		448		1585678		118
336		450		1590398		120
337		446		1595118		116
338		451		1599836		118
339		447		1604555		121
340		446		1609272		121
341		450		1613992		121
342		452		1618711		123
343		454		1623431		122
344		455		1628150		122
345		452		1632868		120
346		445		1637587		121
347		448		1642307		121
348		443		1647027		119
349		444		1651747		116
350		451		1656467		117
351		442		1661187		116
352		440		1665906		113
353		442		1670626		114
354		441		1675346		113
355		443		1680065		113
356		446		1684785		113
357		449		1689504		114
358		446		1694223		112
359		450		1698943		118
360		444		1703662		117
361		437		1708382		115
362		435		1713101		113
363		434		1717819		115
364		436		1722537		111
365		439		1727257		114
366		436		1731977		113
367		437		1736697		113
368		442		1741416		115
369		438		1746136		111
370		435		1750855		109
371		441		1755575		114
372		439		1760295		113
373		441		1765014		112
374		438		1769733		113
375		444		1774452		113
376		446		1779172		113
377		447		1783891		119
378		446		1788611		115
379		447		1793330		118
380		444		1798050		118
381		440		1802769		116
382		442		1807488		118
383		445		1812208		115
384		441		1816928		112
385		444		1821648		112
386		454		1826368		115
387		441		1831088		114
388		446		1835807		112
389		442		1840526		112
390		448		1845245		115
391		445		1849965		118
392		449		1854685		119
393		447		1859405		116
394		444		1864125		120
395		445		1868844		122
396		443		1873564		124
397		443		1878284		120
398		448		1883003		123
399		440		1887722		119
400		442		1892441		119
401		439		1897160		119
402		442		1901880		119
403		444		1906598		122
404		441		1911318		119
405		446		1916038		122
406		440		1920756		117
407		439		1925476		116
408		441		1930196		118
409		446		1934916		120
410		441		1939636		119
411		439		1944355		119
412		444		1949074		119
413		442		1953792		117
414		446		1958511		115
415		434		1963229		115
416		437		1967949		113
417		435		1972668		113
418		436		1977388		115
419		436		1982108		115
420		434		1986828		113
421		434		1991548		110
422		437		1996268		110
423		444		2000988		113
424		441		2005708		109
425		442		2010428		109
426		446		2015148		111
427		439		2019866		111
428		442		2024586		114
429		445		2029305		116
430		447		2034025		116
431		445		2038745		114
432		445		2043464		114
433		440		2048184		114
434		441		2052903		114
435		442		2057623		114
436		440		2062343		116
437		440		2067063		114
438		442		2071783		114
439		436		2076503		111
440		436		2081223		105
441		435		2085943		108
442		435		2090662		110
443		439		2095382		113
444		436		2100102		115
445		438		2104822		113
446		438		2109542		113
447		440		2114260		115
448		436		2118980		115
449		441		2123700		115
450		437		2128420		115
451		436		2133140		115
452		435		2137860		113
453		431		2142579		111
454		434		2147299		111
455		434		2152018		109
456		430		2156738		109
457		431		2161458		109
458		432		2166178		107
459		433		2170897		107
460		439		2175617		111
461		442		2180337		112
462		437		2185057		109
463		438		2189777		109
464		441		2194497		109
465		442		2199216		109
466		441		2203936		111
467		446		2208656		111
468		445		2213376		113
469		440		2218095		115
470		443		2222814		115
471		441		2227534		113
472		441		2232253		117
473		438		2236973		113
474		443		2241693		113
475		438		2246413		117
476		436		2251132		115
477		441		2255852		117
478		440		2260572		115
479		442		2265291		117
480		445		2270011		115
481		446		2274730		118
482		446		2279450		119
483		442		2284170		116
484		437		2288890		114
485		438		2293610		116
486		440		2298330		116
487		439		2303050		114
488		441		2307770		118
489		439		2312489		116
490		440		2317207		118
491		439		2321927		118
492		443		2326647		120
493		440		2331367		118
494		448		2336087		120
495		443		2340806		117
496		442		2345526		114
497		433		2350246		109
498		431		2354966		109
499		435		2359686		113
500		435		2364406		113
501		445		2369126		115
502		441		2373846		115
503		435		2378566		115
504		437		2383285		113
505		439		2388004		115
506		433		2392724		115
507		436		2397444		117
508		440		2402164		117
509		436		2406884		117
510		434		2411602		115
511		434		2416321		117
512		435		2421041		117
513		438		2425760		117
514		438		2430480		119
515		435		2435200		115
516		444		2439919		118
517		441		2444639		120
518		436		2449359		117
519		438		2454078		118
520		442		2458798		118
521		447		2463518		120
522		446		2468238		116
523		438		2472958		116
524		437		2477677		119
525		435		2482397		119
526		434		2487117		121
527		441		2491836		119
528		440		2496556		121
529		438		2501276		115
530		438		2505995		117
531		437		2510713		117
532		440		2515433		118
533		435		2520153		115
534		433		2524872		117
535		436		2529592		118
536		433		2534312		116
537		434		2539031		118
538		435		2543751		118
539		434		2548471		118
540		427		2553191		116
541		430		2557911		116
542		429		2562629		116
543		430		2567348		116
544		431		2572068		116
545		426		2576787		116
546		430		2581507		114
547		430		2586225		116
548		435		2590945		118
549		430		2595664		118
550		433		2600384		118
551		428		2605104		114
552		432		2609823		116
553		432		2614543		116
554		429		2619263		110
555		431		2623983		116
556		432		2628702		117
557		433		2633421		115
558		436		2638141		120
559		429		2642861		117
560		435		2647580		117
561		440		2652300		119
562		433		2657020		122
563		436		2661740		124
564		436		2666460		124
565		439		2671179		125
566		439		2675899		124
567		437		2680619		125
568		437		2685339		122
569		433		2690059		121
570		439		2694778		121
571		438		2699498		122
572		436		2704217		120
573		437		2708937		121
574		435		2713657		119
575		437		2718377		117
576		436		2723097		120
577		438		2727817		120
578		438		2732537		119
579		435		2737256		118
580		441		2741975		121
581		442		2746694		123
582		437		2751410		122
583		437		2756130		118
584		437		2760848		121
585		430		2765568		121
586		433		2770288		120
587		430		2775008		119
588		431		2779727		118
589		428		2784447		120
590		433		2789166		120
591		436		2793885		123
592		434		2798605		123
593		437		2803324		126
594		434		2808044		124
595		435		2812763		122
596		437		2817482		124
597		435		2822202		126
598		437		2826921		125
599		433		2831641		124
600		434		2836361		122
601		434		2841078		122
602		431		2845798		122
603		429		2850517		124
604		432		2855237		121
605		429		2859955		117
606		430		2864675		122
607		431		2869394		125
608		434		2874113		125
609		433		2878832		124
610		441		2883552		127
611		440		2888271		126
612		437		2892991		125
613		437		2897711		121
614		438		2902431		124
615		440		2907151		123
616		441		2911871		123
617		432		2916591		122
618		434		2921309		125
619		436		2926029		126
620		433		2930748		125
621		435		2935467		125
622		439		2940187		124
623		439		2944907		124
624		446		2949626		124
625		442		2954345		126
626		447		2959064		126
627		446		2963783		128
628		443		2968503		127
629		445		2973223		124
630		442		2977943		124
631		446		2982663		124
632		453		2987383		128
633		450		2992102		126
634		444		2996821		126
635		445		3001541		128
636		449		3006260		128
637		446		3010980		128
638		447		3015700		130
639		441		3020420		128
640		444		3025140		130
641		436		3029859		127
642		435		3034579		128
643		436		3039299		131
644		435		3044019		130
645		432		3048738		129
646		431		3053457		130
647		436		3058177		129
648		434		3062896		130
649		433		3067616		130
650		435		3072336		130
651		435		3077056		131
652		435		3081776		130
653		439		3086496		130
654		430		3091216		129
655		432		3095936		130
656		435		3100655		131
657		430		3105375		129
658		429		3110094		129
659		424		3114814		130
660		427		3119531		130
661		428		3124251		132
662		431		3128971		129
663		435		3133691		131
664		432		3138411		132
665		432		3143131		130
666		429		3147851		128
667		428		3152569		128
668		430		3157286		128
669		432		3162006		129
670		436		3166726		128
671		438		3171446		129
672		429		3176166		129
673		433		3180885		127
674		432		3185605		129
675		433		3190325		129
676		434		3195045		129
677		435		3199765		131
678		438		3204485		129
679		430		3209205		129
680		430		3213925		129
681		431		3218645		128
682		434		3223365		128
683		432		3228083		126
684		429		3232803		126
685		430		3237523		126
686		433		3242243		128
687		422		3246963		126
688		426		3251680		127
689		426		3256400		127
690		424		3261120		126
691		425		3265837		126
692		432		3270557		129
693		427		3275277		128
694		426		3279997		130
695		426		3284717		130
696		427		3289437		131
697		425		3294156		127
698		427		3298876		127
699		430		3303596		129
700		426		3308316		130
701		426		3313035		130
702		432		3317754		130
703		433		3322474		133
704		433		3327194		133
705		434		3331914		133
706		436		3336634		134
707		435		3341353		138
708		429		3346073		137
709		431		3350793		137
710		429		3355513		137
711		430		3360233		137
712		428		3364952		137
713		428		3369671		135
714		428		3374390		135
715		432		3379109		135
716		428		3383829		136
717		429		3388548		134
718		430		3393266		134
719		427		3397986		132
720		431		3402705		132
721		429		3407425		132
722		427		3412144		132
723		429		3416864		134
724		424		3421584		130
725		426		3426303		131
726		430		3431021		133
727		424		3435740		130
728		424		3440459		131
729		429		3445179		133
730		430		3449899		131
731		428		3454618		128
732		433		3459338		133
733		428		3464057		138
734		429		3468777		137
735		428		3473497		132
736		426		3478216		131
737		431		3482936		134
738		427		3487654		134
739		425		3492374		131
740		431		3497094		132
741		426		3501814		135
742		427		3506533		137
743		426		3511252		136
744		427		3515971		136
745		425		3520690		136
746		434		3525410		137
747		435		3530130		134
748		421		3534849		132
749		422		3539569		132
750		427		3544289		135
751		422		3549009		132
752		425		3553729		132
753		426		3558449		132
754		424		3563169		134
755		425		3567888		133
756		422		3572608		134
757		426		3577328		135
758		425		3582046		133
759		430		3586766		133
760		426		3591485		133
761		425		3596205		131
762		425		3600925		131
763		423		3605645		133
764		427		3610364		134
765		428		3615084		136
766		423		3619803		134
767		420		3624523		132
768		422		3629243		132
769		421		3633963		131
770		428		3638682		132
771		425		3643402		134
772		425		3648121		134
773		423		3652841		136
774		426		3657560		138
775		424		3662280		138
776		428		3667000		138
777		429		3671720		137
778		436		3676440		140
779		432		3681160		137
780		428		3685880		142
781		425		3690600		144
782		419		3695320		138
783		421		3700040		138
784		422		3704760		137
785		424		3709480		137
786		425		3714200		136
787		423		3718920		135
788		421		3723640		136
789		421		3728359		138
790		425		3733079		138
791		422		3737799		138
792		424		3742518		136
793		424		3747237		136
794		425		3751956		136
795		423		3756676		135
796		430		3761396		135
797		427		3766115		135
798		428		3770835		135
799		431		3775555		137
800		428		3780275		135
801		429		3784995		135
802		424		3789714		133
803		422		3794434		132
804		422		3799153		132
805		424		3803872		132
806		426		3808592		132
807		418		3813312		133
808		422		3818031		135
809		424		3822751		133
810		428		3827470		134
811		428		3832189		132
812		424		3836909		130
813		426		3841628		136
814		424		3846347		138
815		428		3851067		136
816		426		3855787		138
817		420		3860506		135
818		425		3865225		133
819		429		3869944		137
820		420		3874663		134
821		418		3879383		134
822		417		3884103		131
823		417		3888822		132
824		418		3893542		134
825		418		3898262		132
826		416		3902981		132
827		415		3907701		132
828		416		3912421		131
829		417		3917141		129
830		417		3921861		130
831		418		3926581		130
832		417		3931301		130
833		415		3936021		131
834		417		3940740		130
835		413		3945460		130
836		417		3950180		131
837		421		3954900		133
838		415		3959619		130
839		420		3964339		130
840		421		3969058		131
841		427		3973777		133
842		425		3978497		137
843		419		3983216		134
844		418		3987936		132
845		416		3992656		132
846		419		3997376		134
847		418		4002095		134
848		415		4006814		133
849		422		4011534		134
850		418		4016253		132
851		418		4020973		130
852		412		4025693		130
853		414		4030413		130
854		414		4035133		128
855		411		4039853		128
856		412		4044573		128
857		418		4049293		126
858		418		4054013		126
859		417		4058732		130
860		416		4063452		127
861		423		4068172		126
862		423		4072892		126
863		425		4077612		126
864		424		4082332		125
865		418		4087052		124
866		418		4091771		127
867		417		4096490		125
868		419		4101209		127
869		416		4105929		126
870		420		4110649		128
871		415		4115369		129
872		418		4120089		129
873		416		4124809		127
874		416		4129529		127
875		416		4134249		126
876		415		4138968		125
877		415		4143687		125
878		418		4148406		129
879		415		4153126		127
880		417		4157846		129
881		418		4162565		129
882		419		4167285		129
883		421		4172004		129
884		416		4176723		125
885		415		4181443		125
886		419		4186163		123
887		416		4190881		125
888		414		4195601		125
889		415		4200319		125
890		415		4205038		125
891		413		4209758		127
892		411		4214477		125
893		408		4219197		125
894		410		4223917		126
895		410		4228637		125
896		412		4233357		127
897		412		4238076		123
898		417		4242795		128
899		415		4247515		125
900		416		4252235		125
901		415		4256955		123
902		416		4261675		123
903		414		4266394		123
904		413		4271114		124
905		414		4275833		124
906		417		4280553		124
907		417		4285272		126
908		417		4289992		126
909		417		4294712		128
910		414		4299432		128
911		416		4304152		128
912		412		4308871		126
913		412		4313589		124
914		413		4318309		121
915		419		4323028		121
916		416		4327748		124
917		413		4332468		126
918		414		4337187		128
919		416		4341906		126
920		412		4346626		125
921		416		4351346		125
922		410		4356066		125
923		410		4360785		127
924		411		4365504		126
925		416		4370224		128
926		417		4374944		129
927		417		4379664		129
928		418		4384384		128
929		419		4389103		128
930		421		4393821		134
931		421		4398540		133
932		412		4403260		129
933		416		4407980		130
934		417		4412700		127
935		418		4417420		129
936		411		4422140		129
937		418		4426860		131
938		418		4431579		131
939		413		4436298		125
940		416		4441018		128
941		419		4445737		131
942		416		4450457		130
943		415		4455177		132
944		417		4459895		133
945		420		4464615		132
946		416		4469334		129
947		416		4474053		128
948		415		4478773		130
949		417		4483492		130
950		417		4488211		129
951		421		4492931		128
952		417		4497651		129
953		417		4502370		128
954		421		4507088		130
955		414		4511808		128
956		415		4516527		126
957		414		4521247		127
958		414		4525967		127
959		414		4530686		124
960		413		4535406		122
961		420		4540126		130
962		416		4544846		125
963		416		4549566		122
964		417		4554285		123
965		417		4559004		124
966		413		4563724		124
967		410		4568444		127
968		411		4573163		127
969		410		4577883		126
970		409		4582602		126
971		410		4587321		126
972		407		4592040		125
973		405		4596759		124
974		409		4601479		126
975		409		4606199		127
976		414		4610919		131
977		410		4615639		129
978		411		4620359		129
979		415		4625079		129
980		407		4629798		129
981		411		4634517		131
982		409		4639237		130
983		406		4643957		126
984		403		4648677		126
985		407		4653396		129
986		403		4658116		130
987		407		4662835		130
988		406		4667553		131
989		404		4672272		131
990		409		4676991		131
991		404		4681711		131
992		407		4686431		131
993		409		4691151		133
994		406		4695871		133
995		403		4700591		135
996		405		4705310		135
997		404		4710030		135
998		402		4714750		131
999		400		4719469		133
1000		401		4724188		131
1001		399		4728908		131
1002		399		4733628		131
1003		399		4738347		131
1004		402		4743067		131
1005		405		4747787		136
1006		404		4752506		131
1007		405		4757226		132
1008		400		4761946		131
1009		402		4766666		133
1010		400		4771385		134
1011		399		4776103		132
1012		401		4780822		133
1013		400		4785542		133
1014		401		4790261		133
1015		405		4794980		130
1016		403		4799699		131
1017		403		4804418		131
1018		399		4809138		130
1019		401		4813858		130
1020		400		4818578		130
1021		401		4823297		132
1022		401		4828015		132
1023		404		4832734		130
1024		404		4837454		130
1025		408		4842174		132
1026		404		4846894		131
1027		401		4851614		131
1028		404		4856334		131
1029		404		4861053		131
1030		410		4865773		131
1031		410		4870491		129
1032		405		4875211		130
1033		406		4879931		133
1034		406		4884651		133
1035		404		4889371		135
1036		404		4894091		133
1037		403		4898811		133
1038		405		4903531		134
1039		402		4908251		134
1040		401		4912970		136
1041		402		4917689		136
1042		402		4922409		137
1043		403		4927128		136
1044		401		4931848		136
1045		401		4936567		136
1046		404		4941286		137
1047		408		4946006		139
1048		406		4950725		139
1049		406		4955443		139
1050		406		4960163		139
1051		402		4964883		139
1052		404		4969603		139
1053		398		4974322		137
1054		396		4979041		137
1055		398		4983761		137
1056		398		4988481		137
1057		400		4993201		137
1058		402		4997921		137
1059		402		5002641		137
1060		403		5007361		135
1061		403		5012080		133
1062		400		5016800		134
1063		402		5021520		134
1064		407		5026240		134
1065		402		5030960		135
1066		402		5035680		137
1067		400		5040399		137
1068		402		5045119		137
1069		403		5049839		135
1070		402		5054559		137
1071		404		5059279		135
1072		405		5063999		135
1073		404		5068718		135
1074		404		5073438		135
1075		401		5078158		135
1076		402		5082878		137
1077		401		5087597		137
1078		404		5092317		137
1079		406		5097036		137
1080		401		5101754		137
1081		402		5106474		137
1082		401		5111194		137
1083		400		5115914		137
1084		401		5120634		137
1085		402		5125354		137
1086		397		5130074		135
1087		399		5134794		137
1088		404		5139514		134
1089		399		5144234		139
1090		399		5148954		139
1091		396		5153674		137
1092		396		5158392		137
1093		398		5163112		137
1094		400		5167832		135
1095		399		5172552		137
1096		401		5177272		139
1097		396		5181991		138
1098		396		5186711		138
1099		396		5191431		138
1100		400		5196151		136
1101		401		5200871		136
1102		401		5205590		134
1103		400		5210309		135
1104		397		5215028		136
1105		397		5219748		136
1106		397		5224467		136
1107		400		5229187		135
1108		401		5233907		135
1109		404		5238627		137
1110		397		5243346		137
1111		404		5248066		135
1112		402		5252786		134
1113		397		5257505		139
1114		400		5262225		138
1115		400		5266943		135
1116		405		5271663		134
1117		399		5276383		134
1118		399		5281102		134
1119		401		5285822		134
1120		399		5290542		134
1121		399		5295261		134
1122		404		5299981		134
1123		400		5304701		132
1124		402		5309421		134
1125		398		5314141		134
1126		401		5318861		134
1127		401		5323580		134
1128		401		5328299		134
1129		403		5333019		133
1130		401		5337738		132
1131		399		5342458		133
1132		403		5347177		136
1133		405		5351897		136
1134		405		5356616		135
1135		407		5361335		135
1136		403		5366054		136
1137		403		5370774		136
1138		405		5375493		136
1139		402		5380212		134
1140		405		5384932		135
1141		404		5389652		134
1142		402		5394372		131
1143		405		5399092		135
1144		410		5403812		137
1145		409		5408531		136
1146		407		5413251		136
1147		408		5417970		137
1148		407		5422690		137
1149		408		5427410		137
1150		402		5432130		133
1151		403		5436850		133
1152		408		5441570		137
1153		402		5446290		138
1154		405		5451009		136
1155		406		5455729		136
1156		406		5460449		136
1157		404		5465169		136
1158		406		5469889		138
1159		408		5474608		140
1160		411		5479328		143
1161		404		5484048		141
1162		406		5488767		138
1163		406		5493487		137
1164		411		5498206		138
1165		404		5502926		137
1166		404		5507645		137
1167		404		5512365		136
1168		405		5517085		138
1169		404		5521805		139
1170		406		5526525		141
1171		406		5531243		141
1172		408		5535963		141
1173		406		5540682		141
1174		408		5545402		141
1175		406		5550122		138
1176		403		5554842		136
1177		403		5559561		136
1178		403		5564281		136
1179		408		5569001		138
1180		407		5573721		138
1181		404		5578440		140
1182		402		5583160		139
1183		400		5587880		137
1184		406		5592600		137
1185		406		5597318		138
1186		403		5602037		138
1187		403		5606756		141
1188		403		5611476		139
1189		404		5616196		139
1190		403		5620916		139
1191		403		5625635		139
1192		404		5630355		139
1193		407		5635075		140
1194		404		5639794		140
1195		401		5644512		140
1196		403		5649232		140
1197		401		5653951		138
1198		403		5658671		137
1199		404		5663390		140
1200		406		5668108		139
1201		407		5672828		141
1202		408		5677548		139
1203		404		5682268		139
1204		400		5686987		139
1205		401		5691706		139
1206		403		5696426		143
1207		401		5701146		141
1208		403		5705865		139
1209		403		5710584		139
1210		405		5715304		140
1211		404		5720024		140
1212		407		5724744		141
1213		407		5729464		139
1214		413		5734182		141
1215		409		5738900		142
1216		406		5743620		145
1217		406		5748339		145
1218		405		5753058		142
1219		403		5757778		142
1220		407		5762498		146
1221		407		5767218		144
1222		403		5771937		144
1223		405		5776657		144
1224		403		5781377		143
1225		406		5786096		143
1226		402		5790814		143
1227		405		5795534		143
1228		407		5800254		145
1229		406		5804974		145
1230		402		5809693		144
1231		401		5814413		144
1232		400		5819133		145
1233		400		5823853		145
1234		402		5828573		145
1235		404		5833292		147
1236		400		5838012		145
1237		402		5842731		145
1238		406		5847450		145
1239		402		5852170		145
1240		402		5856889		146
1241		403		5861607		145
1242		404		5866327		147
1243		408		5871047		146
1244		408		5875766		146
1245		407		5880485		145
1246		407		5885205		146
1247		408		5889925		148
1248		403		5894643		147
1249		410		5899362		145
1250		405		5904081		144
1251		409		5908800		147
1252		404		5913519		145
1253		404		5918239		145
1254		407		5922959		145
1255		404		5927679		142
1256		402		5932398		142
1257		405		5937118		141
1258		404		5941838		141
1259		404		5946557		143
1260		404		5951277		142
1261		402		5955996		143
1262		401		5960716		143
1263		403		5965436		143
1264		398		5970156		142
1265		407		5974876		147
1266		402		5979596		145
1267		406		5984316		145
1268		402		5989036		144
1269		405		5993756		144
1270		402		5998476		142
1271		401		6003195		141
1272		399		6007914		141
1273		401		6012634		143
1274		402		6017354		139
1275		400		6022074		139
1276		405		6026794		139
1277		403		6031514		139
1278		402		6036234		139
1279		407		6040954		141
1280		409		6045674		142
1281		412		6050394		141
1282		408		6055114		139
1283		409		6059834		142
1284		407		6064554		141
1285		407		6069274		139
1286		406		6073993		139
1287		404		6078713		136
1288		402		6083433		136
1289		402		6088153		136
1290		411		6092873		140
1291		406		6097593		135
1292		407		6102313		136
1293		405		6107033		138
1294		409		6111753		138
1295		406		6116473		140
1296		403		6121193		140
1297		404		6125913		138
1298		405		6130633		137
1299		404		6135353		140
1300		406		6140073		141
1301		408		6144793		143
1302		406		6149512		139
1303		407		6154232		141
1304		405		6158951		145
1305		403		6163671		144
1306		405		6168391		142
1307		405		6173111		143
1308		407		6177831		146
1309		409		6182550		146
1310		408		6187268		146
1311		402		6191988		144
1312		404		6196708		144
1313		404		6201428		144
1314		404		6206148		144
1315		398		6210868		142
1316		397		6215588		141
1317		397		6220307		141
1318		399		6225027		141
1319		399		6229747		140
1320		399		6234467		140
1321		400		6239186		138
1322		403		6243906		138
1323		401		6248626		140
1324		403		6253346		140
1325		406		6258065		140
1326		399		6262784		138
1327		399		6267503		138
1328		399		6272223		140
1329		400		6276943		140
1330		400		6281662		138
1331		402		6286382		139
1332		402		6291102		138
1333		408		6295822		138
1334		408		6300541		140
1335		404		6305260		140
1336		404		6309980		140
1337		402		6314700		140
1338		413		6319420		141
1339		411		6324140		144
1340		407		6328860		142
1341		410		6333580		144
1342		401		6338300		142
1343		405		6343020		142
1344		407		6347740		142
1345		405		6352460		145
1346		403		6357180		141
1347		405		6361900		141
1348		403		6366620		143
1349		404		6371340		143
1350		404		6376060		140
1351		405		6380780		141
1352		405		6385500		137
1353		402		6390219		138
1354		402		6394938		140
1355		400		6399658		140
1356		402		6404378		140
1357		404		6409098		142
1358		406		6413817		142
1359		404		6418536		142
1360		399		6423256		140
1361		400		6427975		140
1362		398		6432695		140
1363		406		6437415		144
1364		406		6442135		144
1365		408		6446855		146
1366		402		6451574		143
1367		400		6456293		147
1368		402		6461013		148
1369		407		6465733		148
1370		407		6470452		150
1371		405		6475171		148
1372		411		6479890		151
1373		407		6484610		146
1374		413		6489329		148
1375		409		6494049		148
1376		419		6498767		148
1377		416		6503486		151
1378		408		6508205		147
1379		405		6512925		147
1380		399		6517644		149
1381		401		6522363		149
1382		404		6527083		149
1383		404		6531803		149
1384		404		6536523		150
1385		405		6541243		150
1386		404		6545963		149
1387		402		6550682		149
1388		405		6555402		149
1389		402		6560122		149
1390		404		6564842		149
1391		399		6569562		149
1392		404		6574281		149
1393		402		6578999		149
1394		400		6583719		149
1395		402		6588439		149
1396		405		6593159		145
1397		401		6597879		147
1398		402		6602599		143
1399		404		6607319		143
1400		409		6612039		145
1401		411		6616759		151
1402		408		6621479		148
1403		412		6626199		154
1404		410		6630919		154
1405		407		6635639		145
1406		412		6640359		146
1407		414		6645079		148
1408		409		6649799		151
1409		408		6654519		153
1410		411		6659239		153
1411		412		6663959		153
1412		410		6668678		153
1413		408		6673398		153
1414		405		6678117		152
1415		409		6682837		152
1416		406		6687557		151
1417		406		6692275		149
1418		408		6696993		151
1419		406		6701712		149
1420		411		6706432		150
1421		413		6711152		152
1422		416		6715872		154
1423		418		6720591		152
1424		414		6725310		150
1425		409		6730030		152
1426		413		6734750		152
1427		407		6739470		147
1428		406		6744190		147
1429		404		6748910		149
1430		405		6753629		145
1431		404		6758348		145
1432		405		6763068		149
1433		405		6767788		146
1434		404		6772506		146
1435		408		6777226		149
1436		407		6781945		150
1437		405		6786665		148
1438		402		6791385		148
1439		405		6796105		148
1440		409		6800824		150
1441		405		6805544		150
1442		403		6810263		150
1443		406		6814983		152
1444		406		6819703		152
1445		404		6824423		152
1446		406		6829142		152
1447		410		6833862		149
1448		409		6838582		149
1449		406		6843302		151
1450		404		6848022		152
1451		404		6852742		152
1452		409		6857462		149
1453		402		6862181		151
1454		411		6866901		151
1455		407		6871620		150
1456		411		6876340		150
1457		416		6881060		153
1458		408		6885779		154
1459		407		6890499		152
1460		405		6895218		150
1461		404		6899938		150
1462		405		6904657		150
1463		407		6909377		149
1464		411		6914097		151
1465		414		6918817		152
1466		407		6923537		152
1467		406		6928257		149
1468		405		6932975		150
1469		408		6937694		150
1470		406		6942414		150
1471		404		6947134		151
1472		406		6951854		150
1473		400		6956574		150
1474		404		6961294		148
1475		400		6966013		150
1476		406		6970733		150
1477		404		6975452		150
1478		407		6980171		150
1479		403		6984891		150
1480		411		6989610		152
1481		405		6994330		148
1482		401		6999050		148
1483		409		7003769		148
1484		403		7008489		148
1485		405		7013209		148
1486		409		7017929		150
1487		409		7022649		150
1488		410		7027368		146
1489		410		7032088		147
1490		404		7036807		147
1491		407		7041527		147
1492		405		7046246		148
1493		407		7050965		146
1494		405		7055685		150
1495		412		7060405		150
1496		410		7065125		151
1497		411		7069845		152
1498		413		7074564		152
1499		410		7079284		149
1500		418		7084004		152
1501		413		7088723		149
1502		409		7093443		149
1503		404		7098162		151
1504		402		7102882		151
1505		401		7107602		152
1506		400		7112322		152
1507		403		7117042		153
1508		399		7121761		153
1509		399		7126481		152
1510		402		7131201		152
1511		402		7135921		154
1512		404		7140641		154
1513		403		7145360		153
1514		400		7150079		153
1515		399		7154799		152
1516		400		7159519		150
1517		399		7164238		154
1518		405		7168958		153
1519		404		7173677		156
1520		402		7178397		154
1521		403		7183117		154
1522		402		7187836		154
1523		403		7192555		155
1524		402		7197275		155
1525		401		7201995		155
1526		399		7206714		155
1527		401		7211434		156
1528		401		7216153		155
1529		405		7220873		155
1530		404		7225592		155
1531		404		7230312		155
1532		406		7235031		156
1533		406		7239750		155
1534		403		7244470		155
1535		402		7249190		155
1536		402		7253910		154
1537		403		7258630		154
1538		403		7263349		155
1539		402		7268068		154
1540		404		7272788		153
1541		404		7277508		153
1542		405		7282228		153
1543		406		7286948		154
1544		406		7291667		154
1545		407		7296386		154
1546		406		7301106		157
1547		408		7305825		155
1548		406		7310545		155
1549		410		7315265		159
1550		405		7319985		159
1551		414		7324705		159
1552		412		7329425		158
1553		413		7334145		159
1554		409		7338865		159
1555		407		7343585		158
1556		414		7348305		158
1557		404		7353025		158
1558		406		7357745		158
1559		405		7362465		159
1560		409		7367185		159
1561		413		7371904		161
1562		415		7376624		159
1563		411		7381343		159
1564		415		7386063		158
1565		408		7390782		158
1566		409		7395500		156
1567		412		7400220		155
1568		409		7404940		154
1569		412		7409660		154
1570		407		7414380		152
1571		407		7419100		152
1572		407		7423819		149
1573		408		7428539		150
1574		414		7433259		148
1575		407		7437978		149
1576		406		7442696		149
1577		404		7447416		148
1578		405		7452136		150
1579		406		7456856		147
1580		404		7461574		149
1581		405		7466294		149
1582		405		7471014		150
1583		403		7475734		150
1584		402		7480453		148
1585		404		7485173		146
1586		400		7489893		146
1587		400		7494612		142
1588		401		7499332		145
1589		402		7504052		143
1590		399		7508772		143
1591		402		7513491		145
1592		399		7518210		144
1593		404		7522930		143
1594		406		7527650		145
1595		406		7532370		147
1596		401		7537090		145
1597		404		7541810		145
1598		409		7546529		149
1599		409		7551249		147
1600		405		7555968		148
1601		403		7560687		148
1602		402		7565407		148
1603		402		7570127		148
1604		402		7574847		149
1605		402		7579567		149
1606		410		7584287		149
1607		407		7589007		149
1608		405		7593726		150
1609		403		7598446		150
1610		405		7603166		150
1611		411		7607886		149
1612		409		7612606		152
1613		408		7617326		153
1614		407		7622045		152
1615		407		7626764		152
1616		406		7631483		152
1617		403		7636202		152
1618		403		7640921		150
1619		406		7645641		151
1620		406		7650361		151
1621		408		7655081		150
1622		403		7659801		150
1623		405		7664521		150
1624		402		7669241		150
1625		400		7673961		150
1626		404		7678681		150
1627		406		7683401		150
1628		406		7688121		149
1629		403		7692841		150
1630		402		7697561		150
1631		409		7702281		149
1632		405		7707001		148
1633		408		7711720		148
1634		401		7716440		146
1635		404		7721160		146
1636		406		7725879		146
1637		406		7730599		148
1638		405		7735319		148
1639		410		7740037		150
1640		411		7744756		149
1641		415		7749476		150
1642		409		7754196		150
1643		410		7758916		153
1644		412		7763636		149
1645		409		7768356		151
1646		409		7773076		151
1647		408		7777796		151
1648		407		7782515		153
1649		409		7787235		151
1650		403		7791954		151
1651		407		7796673		153
1652		403		7801392		150
1653		404		7806112		149
1654		406		7810830		148
1655		410		7815550		151
1656		408		7820270		151
1657		407		7824989		151
1658		406		7829709		148
1659		405		7834429		149
1660		409		7839148		147
1661		414		7843868		148
1662		414		7848588		149
1663		413		7853307		149
1664		408		7858027		147
1665		410		7862747		151
1666		409		7867466		151
1667		406		7872185		151
1668		407		7876905		153
1669		402		7881625		149
1670		404		7886345		149
1671		403		7891065		149
1672		401		7895785		153
1673		401		7900505		150
1674		401		7905224		150
1675		400		7909944		150
1676		399		7914663		151
1677		404		7919383		150
1678		401		7924103		150
1679		403		7928823		150
1680		406		7933542		150
1681		402		7938262		148
1682		401		7942982		148
1683		400		7947702		148
1684		399		7952422		149
1685		397		7957142		149
1686		398		7961861		149
1687		398		7966581		151
1688		403		7971301		152
1689		405		7976020		151
1690		405		7980740		152
1691		403		7985460		153
1692		406		7990180		152
1693		411		7994899		150
1694		407		7999618		150
1695		408		8004338		154
1696		408		8009058		153
1697		408		8013778		153
1698		409		8018498		154
1699		402		8023218		154
1700		402		8027938		155
1701		403		8032657		155
1702		401		8037376		152
1703		404		8042096		152
1704		398		8046814		151
1705		402		8051534		150
1706		400		8056253		148
1707		396		8060973		148
1708		397		8065693		147
1709		399		8070413		147
1710		396		8075133		148
1711		396		8079853		148
1712		395		8084573		148
1713		397		8089292		148
1714		397		8094012		146
1715		396		8098731		151
1716		396		8103450		149
1717		402		8108170		149
1718		399		8112890		149
1719		404		8117610		150
1720		401		8122329		149
1721		399		8127049		151
1722		400		8131767		150
1723		397		8136487		147
1724		398		8141207		147
1725		404		8145927		147
1726		399		8150645		147
1727		397		8155364		147
1728		396		8160083		149
1729		396		8164802		149
1730		395		8169522		149
1731		399		8174241		149
1732		396		8178961		149
1733		399		8183679		149
1734		395		8188399		150
1735		398		8193118		150
1736		402		8197837		152
1737		400		8202557		151
1738		404		8207277		150
1739		403		8211997		151
1740		409		8216717		152
1741		410		8221437		151
1742		404		8226157		153
1743		404		8230876		154
1744		404		8235596		153
1745		403		8240316		149
1746		401		8245036		149
1747		400		8249756		147
1748		403		8254476		147
1749		399		8259194		149
1750		402		8263912		152
1751		399		8268632		150
1752		398		8273352		150
1753		404		8278072		150
1754		400		8282792		150
1755		403		8287512		150
1756		404		8292231		151
1757		403		8296951		151
1758		401		8301669		151
1759		406		8306388		149
1760		404		8311108		149
1761		401		8315828		148
1762		402		8320546		149
1763		404		8325266		149
1764		405		8329986		150
1765		404		8334706		150
1766		403		8339426		148
1767		401		8344146		150
1768		405		8348866		151
1769		406		8353586		151
1770		402		8358305		150
1771		403		8363025		149
1772		404		8367745		148
1773		405		8372464		148
1774		408		8377183		153
1775		405		8381902		153
1776		404		8386622		156
1777		403		8391342		158
1778		403		8396062		157
1779		401		8400780		158
1780		399		8405500		158
1781		401		8410219		158
1782		405		8414939		156
1783		403		8419659		156
1784		404		8424379		155
1785		410		8429098		156
1786		411		8433818		157
1787		405		8438537		155
1788		402		8443257		156
1789		401		8447976		158
1790		405		8452695		154
1791		394		8457415		155
1792		396		8462135		156
1793		394		8466855		156
1794		400		8471575		159
1795		400		8476295		159
1796		400		8481014		157
1797		400		8485733		157
1798		397		8490452		156
1799		397		8495171		155
1800		395		8499891		157
1801		398		8504610		157
1802		396		8509330		157
1803		400		8514050		157
1804		405		8518770		153
1805		406		8523489		155
1806		402		8528209		155
1807		400		8532929		157
1808		402		8537649		155
1809		401		8542369		155
1810		408		8547089		154
1811		400		8551809		154
1812		399		8556529		154
1813		402		8561248		156
1814		405		8565968		156
1815		408		8570688		156
1816		411		8575407		156
1817		410		8580125		158
1818		408		8584845		159
1819		407		8589565		155
1820		409		8594284		155
1821		407		8599004		155
1822		403		8603723		156
1823		403		8608443		156
1824		403		8613162		155
1825		406		8617882		155
1826		406		8622601		155
1827		407		8627320		157
1828		409		8632039		159
1829		409		8636759		159
1830		403		8641478		159
1831		403		8646197		157
1832		401		8650916		157
1833		404		8655636		156
1834		401		8660356		154
1835		400		8665075		154
1836		402		8669795		154
1837		407		8674514		154
1838		399		8679234		154
1839		405		8683954		154
1840		405		8688673		154
1841		407		8693392		154
1842		402		8698112		154
1843		400		8702832		157
1844		407		8707552		157
1845		405		8712272		155
1846		404		8716992		156
1847		402		8721711		156
1848		400		8726431		156
1849		406		8731150		155
1850		407		8735870		157
1851		402		8740590		158
1852		402		8745310		158
1853		403		8750030		156
1854		402		8754750		154
1855		400		8759470		154
1856		404		8764190		158
1857		402		8768910		156
1858		407		8773629		158
1859		400		8778349		157
1860		402		8783068		157
1861		401		8787788		159
1862		402		8792508		158
1863		402		8797228		158
1864		401		8801948		160
1865		401		8806668		158
1866		401		8811388		161
1867		403		8816108		161
1868		412		8820828		161
1869		409		8825546		159
1870		404		8830266		155
1871		404		8834986		156
1872		406		8839706		156
1873		411		8844426		158
1874		401		8849146		161
1875		405		8853866		159
1876		407		8858586		161
1877		409		8863305		161
1878		409		8868025		161
1879		406		8872744		161
1880		407		8877464		157
1881		405		8882184		157
1882		401		8886904		152
1883		410		8891624		156
1884		405		8896344		159
1885		406		8901064		157
1886		403		8905784		156
1887		403		8910504		155
1888		403		8915224		155
1889		403		8919944		158
1890		405		8924663		156
1891		403		8929383		157
1892		404		8934103		158
1893		411		8938823		158
1894		413		8943542		158
1895		411		8948262		160
1896		412		8952982		162
1897		408		8957702		158
1898		406		8962422		156
1899		410		8967142		159
1900		414		8971861		162
1901		406		8976581		158
1902		413		8981301		160
1903		405		8986021		158
1904		398		8990741		154
1905		401		8995461		153
1906		404		9000181		153
1907		406		9004900		155
1908		407		9009620		153
1909		406		9014340		155
1910		404		9019060		157
1911		405		9023779		155
1912		404		9028499		151
1913		405		9033219		151
1914		401		9037939		153
1915		403		9042659		152
1916		404		9047379		154
1917		405		9052098		152
1918		398		9056818		153
1919		402		9061538		153
1920		404		9066258		151
1921		399		9070978		154
1922		399		9075697		155
1923		404		9080417		155
1924		411		9085137		160
1925		408		9089857		156
1926		405		9094576		155
1927		403		9099296		155
1928		402		9104016		156
1929		402		9108735		156
1930		409		9113455		154
1931		403		9118175		152
1932		407		9122895		153
1933		402		9127615		155
1934		406		9132333		155
1935		410		9137053		157
1936		405		9141771		159
1937		405		9146491		158
1938		399		9151210		158
1939		406		9155929		155
1940		400		9160649		157
1941		404		9165368		157
1942		404		9170088		159
1943		404		9174808		160
1944		404		9179527		159
1945		400		9184247		159
1946		400		9188967		159
1947		403		9193687		161
1948		406		9198405		159
1949		400		9203124		157
1950		400		9207844		157
1951		407		9212564		159
1952		406		9217284		159
1953		407		9222004		161
1954		409		9226723		159
1955		410		9231442		157
1956		405		9236162		159
1957		409		9240881		157
1958		404		9245601		159
1959		402		9250321		155
1960		402		9255041		155
1961		408		9259761		153
1962		407		9264480		153
1963		403		9269200		155
1964		405		9273920		155
1965		403		9278640		155
1966		403		9283360		159
1967		409		9288080		158
1968		407		9292800		158
1969		405		9297519		158
1970		403		9302239		159
1971		408		9306958		159
1972		407		9311678		161
1973		405		9316398		161
1974		407		9321116		161
1975		411		9325836		160
1976		408		9330556		159
1977		410		9335276		158
1978		405		9339996		158
1979		402		9344715		160
1980		401		9349434		158
1981		403		9354154		157
1982		402		9358873		156
1983		405		9363593		157
1984		404		9368312		157
1985		402		9373032		157
1986		399		9377752		159
1987		399		9382472		159
1988		399		9387192		159
1989		402		9391912		160
1990		401		9396632		161
1991		409		9401352		161
1992		407		9406070		161
1993		411		9410790		159
1994		411		9415510		159
1995		407		9420230		157
1996		407		9424949		156
1997		403		9429669		157
1998		404		9434389		157
1999		403		9439109		155
