# Migration is number of nodes that have changed color.

Round		Edge-Cut		Swaps		Migrations		Skipped
0		3993		2393		1508
1		3804		4788		1603
2		3727		7180		1569
3		3660		9575		1612
4		3623		11967		1592
5		3569		14360		1605
6		3559		16754		1662
7		3558		19149		1624
8		3494		21541		1596
9		3480		23931		1621
10		3495		26324		1658
11		3433		28715		1618
12		3426		31106		1635
13		3387		33498		1639
14		3396		35892		1590
15		3374		38286		1628
16		3354		40679		1601
17		3328		43072		1586
18		3316		45465		1636
19		3315		47860		1618
20		3311		50250		1600
21		3296		52641		1625
22		3295		55035		1633
23		3269		57427		1598
24		3296		59821		1625
25		3254		62213		1605
26		3248		64605		1612
27		3262		66999		1653
28		3235		69392		1642
29		3231		71784		1625
30		3244		74175		1652
31		3223		76564		1657
32		3203		78955		1622
33		3184		81349		1648
34		3186		83742		1646
35		3173		86137		1616
36		3163		88530		1644
37		3172		90921		1657
38		3165		93316		1622
39		3151		95707		1632
40		3161		98099		1647
41		3144		100490		1604
42		3146		102880		1633
43		3134		105274		1624
44		3115		107668		1601
45		3124		110062		1642
46		3117		112456		1644
47		3078		114849		1620
48		3062		117242		1625
49		3058		119634		1629
50		3058		122027		1626
51		3054		124418		1621
52		3063		126812		1620
53		3062		129205		1606
54		3068		131598		1628
55		3055		133991		1632
56		3026		136382		1602
57		3015		138774		1625
58		2990		141165		1630
59		2978		143559		1604
60		2986		145952		1605
61		2980		148346		1609
62		2970		150735		1608
63		2971		153124		1625
64		2979		155516		1619
65		2963		157909		1618
66		2974		160300		1616
67		2939		162692		1633
68		2957		165084		1597
69		2950		167474		1618
70		2947		169867		1602
71		2941		172261		1593
72		2928		174655		1614
73		2952		177046		1619
74		2922		179441		1594
75		2926		181835		1621
76		2943		184228		1604
77		2913		186620		1607
78		2917		189011		1620
79		2913		191403		1626
80		2910		193796		1605
81		2917		196187		1629
82		2893		198578		1613
83		2906		200971		1609
84		2906		203364		1617
85		2888		205756		1633
86		2898		208149		1607
87		2874		210539		1635
88		2872		212931		1611
89		2884		215321		1612
90		2879		217715		1619
91		2872		220106		1617
92		2868		222495		1608
93		2888		224889		1621
94		2881		227283		1617
95		2896		229676		1611
96		2887		232070		1620
97		2872		234462		1623
98		2879		236856		1616
99		2882		239247		1626
100		2876		241639		1611
101		2882		244031		1612
102		2863		246424		1632
103		2864		248815		1641
104		2863		251208		1635
105		2842		253602		1643
106		2856		255997		1636
107		2839		258391		1622
108		2848		260781		1635
109		2861		263172		1628
110		2833		265563		1611
111		2829		267955		1648
112		2838		270348		1635
113		2824		272741		1634
114		2838		275134		1642
115		2818		277528		1637
116		2824		279921		1623
117		2818		282312		1641
118		2808		284704		1624
119		2823		287097		1631
120		2812		289489		1632
121		2815		291884		1627
122		2812		294276		1624
123		2810		296670		1644
124		2817		299062		1627
125		2820		301454		1624
126		2794		303847		1636
127		2813		306240		1641
128		2804		308632		1619
129		2801		311026		1649
130		2804		313420		1634
131		2809		315812		1638
132		2815		318206		1640
133		2799		320600		1636
134		2802		322994		1619
135		2801		325386		1637
136		2796		327779		1623
137		2799		330171		1617
138		2791		332562		1624
139		2799		334954		1624
140		2786		337349		1622
141		2791		339741		1645
142		2799		342136		1643
143		2800		344530		1615
144		2784		346922		1634
145		2785		349313		1627
146		2783		351707		1626
147		2787		354100		1638
148		2774		356491		1618
149		2785		358885		1632
150		2774		361277		1643
151		2768		363669		1640
152		2766		366061		1640
153		2768		368455		1649
154		2790		370850		1634
155		2779		373242		1628
156		2782		375632		1643
157		2780		378024		1646
158		2764		380416		1619
159		2768		382809		1645
160		2770		385200		1635
161		2763		387593		1629
162		2754		389984		1642
163		2743		392374		1637
164		2747		394768		1632
165		2751		397162		1649
166		2755		399555		1635
167		2743		401949		1639
168		2744		404341		1635
169		2741		406732		1635
170		2739		409126		1617
171		2738		411519		1652
172		2747		413910		1637
173		2740		416304		1621
174		2736		418696		1642
175		2741		421091		1633
176		2732		423484		1638
177		2731		425879		1653
178		2718		428272		1639
179		2741		430665		1639
180		2718		433058		1631
181		2716		435450		1639
182		2717		437844		1634
183		2702		440236		1641
184		2724		442629		1648
185		2697		445023		1630
186		2700		447417		1644
187		2715		449809		1636
188		2693		452201		1630
189		2712		454593		1651
190		2703		456986		1636
191		2711		459377		1634
192		2708		461772		1639
193		2685		464164		1632
194		2707		466558		1624
195		2689		468952		1630
196		2697		471347		1631
197		2691		473740		1624
198		2675		476131		1632
199		2705		478523		1644
200		2688		480914		1626
201		2692		483307		1644
202		2704		485701		1654
203		2687		488096		1634
204		2705		490491		1645
205		2679		492885		1649
206		2692		495278		1645
207		2697		497671		1650
208		2681		500065		1640
209		2704		502459		1656
210		2693		504851		1647
211		2699		507243		1649
212		2692		509636		1641
213		2683		512028		1645
214		2705		514420		1650
215		2687		516812		1627
216		2698		519204		1649
217		2693		521595		1646
218		2678		523987		1637
219		2705		526381		1657
220		2689		528773		1649
221		2686		531166		1635
222		2689		533560		1654
223		2680		535953		1643
224		2690		538348		1630
225		2681		540743		1647
226		2686		543137		1660
227		2690		545531		1643
228		2682		547923		1654
229		2698		550315		1645
230		2681		552706		1648
231		2688		555099		1653
232		2683		557493		1656
233		2665		559884		1640
234		2695		562278		1645
235		2672		564672		1650
236		2683		567066		1646
237		2692		569461		1655
238		2673		571855		1658
239		2686		574250		1632
240		2671		576643		1646
241		2678		579036		1647
242		2673		581429		1643
243		2646		583822		1648
244		2679		586216		1660
245		2654		588608		1644
246		2671		591002		1656
247		2660		593395		1658
248		2651		595788		1655
249		2683		598180		1663
250		2657		600575		1658
251		2671		602970		1641
252		2666		605362		1665
253		2657		607755		1655
254		2688		610150		1642
255		2661		612539		1651
256		2662		614931		1651
257		2664		617326		1648
258		2645		619721		1654
259		2671		622115		1652
260		2640		624508		1648
261		2649		626902		1654
262		2650		629295		1666
263		2631		631689		1647
264		2663		634082		1662
265		2646		636470		1657
266		2650		638865		1651
267		2652		641258		1659
268		2631		643650		1656
269		2657		646045		1648
270		2630		648439		1657
271		2649		650833		1660
272		2645		653228		1659
273		2636		655622		1655
274		2651		658014		1662
275		2640		660407		1652
276		2647		662799		1667
277		2641		665193		1662
278		2623		667585		1652
279		2652		669980		1663
280		2624		672375		1663
281		2631		674769		1654
282		2624		677163		1661
283		2628		679557		1656
284		2649		681948		1653
285		2629		684340		1663
286		2637		686732		1656
287		2631		689124		1652
288		2640		691517		1655
289		2644		693910		1656
290		2645		696304		1651
291		2651		698698		1641
292		2635		701093		1649
293		2622		703487		1645
294		2640		705881		1647
295		2635		708274		1646
296		2634		710669		1639
297		2634		713062		1644
298		2621		715456		1654
299		2634		717847		1639
300		2629		720239		1651
301		2637		722631		1644
302		2632		725026		1650
303		2622		727419		1642
304		2648		729814		1642
305		2631		732206		1640
306		2634		734599		1645
307		2624		736994		1644
308		2622		739387		1639
309		2638		741779		1651
310		2626		744172		1651
311		2634		746567		1629
312		2634		748959		1657
313		2614		751352		1649
314		2635		753746		1651
315		2628		756138		1650
316		2628		758530		1647
317		2627		760922		1638
318		2615		763316		1657
319		2630		765709		1641
320		2617		768103		1646
321		2631		770495		1650
322		2632		772887		1663
323		2616		775280		1662
324		2640		777673		1653
325		2617		780065		1644
326		2635		782459		1654
327		2639		784852		1660
328		2629		787247		1653
329		2637		789640		1656
330		2624		792029		1654
331		2637		794421		1653
332		2635		796814		1647
333		2627		799205		1654
334		2647		801599		1646
335		2630		803991		1646
336		2640		806383		1649
337		2631		808776		1639
338		2619		811166		1647
339		2645		813559		1647
340		2630		815950		1653
341		2635		818342		1643
342		2647		820735		1657
343		2627		823129		1653
344		2647		825522		1657
345		2623		827915		1662
346		2633		830306		1661
347		2619		832700		1658
348		2626		835095		1652
349		2634		837487		1655
350		2620		839878		1660
351		2635		842273		1656
352		2624		844666		1651
353		2604		847060		1653
354		2626		849454		1665
355		2611		851848		1648
356		2615		854242		1655
357		2618		856635		1661
358		2598		859028		1656
359		2625		861421		1650
360		2614		863815		1663
361		2620		866206		1660
362		2607		868599		1674
363		2607		870992		1667
364		2614		873386		1669
365		2605		875781		1657
366		2610		878172		1667
367		2606		880567		1664
368		2601		882961		1664
369		2615		885352		1672
370		2582		887745		1667
371		2599		890135		1653
372		2604		892528		1658
373		2588		894922		1659
374		2605		897316		1670
375		2597		899708		1672
376		2601		902102		1663
377		2601		904495		1675
378		2589		906890		1673
379		2602		909280		1671
380		2597		911673		1682
381		2611		914067		1662
382		2596		916459		1676
383		2590		918850		1677
384		2604		921242		1678
385		2591		923634		1677
386		2598		926024		1673
387		2594		928416		1679
388		2578		930811		1676
389		2611		933205		1682
390		2595		935599		1687
391		2594		937991		1669
392		2595		940386		1686
393		2585		942780		1675
394		2599		945171		1682
395		2583		947562		1674
396		2598		949952		1667
397		2588		952345		1672
398		2583		954736		1669
399		2595		957130		1676
400		2584		959524		1670
401		2598		961918		1672
402		2592		964312		1672
403		2584		966705		1667
404		2598		969098		1674
405		2596		971490		1655
406		2595		973882		1659
407		2589		976276		1662
408		2584		978669		1664
409		2587		981063		1663
410		2582		983455		1668
411		2595		985847		1658
412		2591		988234		1680
413		2583		990627		1661
414		2589		993022		1673
415		2567		995414		1666
416		2573		997808		1662
417		2583		1000201		1664
418		2568		1002595		1654
419		2578		1004989		1658
420		2568		1007384		1662
421		2571		1009778		1656
422		2579		1012170		1670
423		2571		1014564		1667
424		2578		1016958		1661
425		2571		1019351		1658
426		2582		1021745		1661
427		2580		1024137		1668
428		2574		1026529		1656
429		2585		1028922		1662
430		2568		1031315		1672
431		2580		1033708		1654
432		2569		1036099		1669
433		2559		1038491		1661
434		2575		1040884		1666
435		2566		1043278		1662
436		2568		1045673		1664
437		2579		1048065		1668
438		2565		1050459		1667
439		2578		1052851		1667
440		2566		1055243		1673
441		2569		1057637		1656
442		2575		1060031		1678
443		2566		1062424		1665
444		2576		1064816		1666
445		2565		1067209		1673
446		2568		1069603		1665
447		2572		1071994		1684
448		2563		1074388		1669
449		2570		1076781		1667
450		2566		1079173		1679
451		2566		1081567		1653
452		2575		1083961		1675
453		2569		1086356		1668
454		2571		1088750		1666
455		2569		1091145		1670
456		2571		1093540		1657
457		2575		1095931		1672
458		2558		1098326		1664
459		2577		1100717		1673
460		2569		1103111		1679
461		2568		1105504		1658
462		2574		1107895		1678
463		2563		1110285		1665
464		2578		1112678		1675
465		2569		1115071		1673
466		2563		1117464		1672
467		2570		1119857		1669
468		2566		1122252		1667
469		2572		1124646		1664
470		2568		1127040		1674
471		2564		1129431		1662
472		2575		1131825		1680
473		2564		1134217		1668
474		2575		1136609		1668
475		2564		1139004		1681
476		2563		1141397		1670
477		2576		1143790		1676
478		2555		1146183		1677
479		2574		1148578		1670
480		2562		1150969		1683
481		2563		1153363		1664
482		2562		1155757		1679
483		2551		1158151		1671
484		2563		1160546		1686
485		2562		1162938		1676
486		2560		1165333		1669
487		2560		1167726		1680
488		2561		1170115		1668
489		2565		1172507		1669
490		2556		1174901		1675
491		2550		1177295		1652
492		2564		1179687		1671
493		2548		1182080		1670
494		2559		1184475		1672
495		2559		1186866		1675
496		2557		1189258		1667
497		2570		1191651		1662
498		2564		1194044		1663
499		2565		1196438		1668
500		2558		1198829		1668
501		2567		1201215		1655
502		2563		1203609		1675
503		2556		1206002		1663
504		2561		1208397		1667
505		2557		1210789		1663
506		2548		1213182		1666
507		2565		1215576		1666
508		2550		1217967		1666
509		2561		1220361		1660
510		2556		1222756		1672
511		2552		1225146		1667
512		2559		1227540		1674
513		2559		1229931		1663
514		2564		1232326		1666
515		2564		1234720		1664
516		2566		1237115		1663
517		2563		1239508		1663
518		2550		1241902		1657
519		2564		1244296		1654
520		2548		1246690		1671
521		2560		1249083		1651
522		2556		1251478		1667
523		2556		1253873		1665
524		2564		1256266		1662
525		2568		1258660		1659
526		2561		1261052		1665
527		2579		1263444		1670
528		2572		1265836		1663
529		2575		1268228		1668
530		2567		1270622		1663
531		2572		1273016		1648
532		2562		1275409		1667
533		2563		1277804		1661
534		2564		1280196		1669
535		2565		1282590		1676
536		2564		1284980		1667
537		2573		1287373		1665
538		2556		1289767		1669
539		2562		1292160		1669
540		2563		1294554		1666
541		2559		1296946		1661
542		2568		1299339		1672
543		2564		1301734		1668
544		2574		1304125		1674
545		2580		1306515		1663
546		2573		1308908		1665
547		2568		1311299		1667
548		2559		1313691		1672
549		2567		1316082		1664
550		2564		1318476		1675
551		2569		1320869		1660
552		2570		1323261		1679
553		2558		1325654		1669
554		2568		1328049		1674
555		2557		1330440		1670
556		2557		1332830		1668
557		2554		1335222		1660
558		2553		1337616		1672
559		2558		1340009		1668
560		2557		1342404		1675
561		2565		1344796		1658
562		2555		1347187		1677
563		2546		1349581		1673
564		2556		1351973		1672
565		2550		1354367		1681
566		2547		1356757		1664
567		2548		1359151		1668
568		2536		1361544		1675
569		2552		1363935		1670
570		2548		1366329		1678
571		2550		1368723		1658
572		2551		1371117		1675
573		2551		1373510		1676
574		2555		1375902		1675
575		2549		1378297		1669
576		2556		1380691		1668
577		2555		1383083		1667
578		2557		1385477		1670
579		2554		1387870		1665
580		2548		1390262		1676
581		2551		1392657		1661
582		2543		1395049		1672
583		2533		1397442		1669
584		2540		1399834		1661
585		2541		1402227		1672
586		2537		1404619		1668
587		2546		1407011		1663
588		2540		1409405		1663
589		2548		1411796		1664
590		2544		1414187		1663
591		2544		1416577		1651
592		2536		1418967		1667
593		2538		1421360		1658
594		2535		1423755		1656
595		2537		1426149		1669
596		2541		1428544		1667
597		2539		1430938		1662
598		2529		1433332		1670
599		2551		1435727		1654
600		2542		1438120		1670
601		2541		1440512		1660
602		2536		1442907		1669
603		2534		1445300		1655
604		2552		1447692		1667
605		2551		1450085		1659
606		2550		1452478		1663
607		2549		1454870		1671
608		2537		1457263		1658
609		2551		1459656		1666
610		2541		1462051		1671
611		2550		1464443		1652
612		2541		1466838		1671
613		2534		1469232		1671
614		2541		1471625		1660
615		2546		1474018		1662
616		2538		1476411		1670
617		2548		1478803		1658
618		2540		1481194		1667
619		2550		1483588		1671
620		2535		1485979		1674
621		2545		1488373		1659
622		2537		1490767		1676
623		2535		1493161		1665
624		2534		1495551		1669
625		2529		1497946		1674
626		2536		1500340		1676
627		2542		1502731		1678
628		2528		1505122		1679
629		2539		1507517		1660
630		2534		1509908		1678
631		2530		1512302		1661
632		2528		1514694		1673
633		2534		1517089		1664
634		2529		1519480		1671
635		2525		1521873		1667
636		2522		1524267		1668
637		2535		1526662		1672
638		2523		1529051		1668
639		2531		1531445		1666
640		2531		1533839		1680
641		2528		1536229		1658
642		2527		1538621		1669
643		2525		1541016		1677
644		2534		1543406		1677
645		2533		1545798		1674
646		2525		1548192		1675
647		2544		1550584		1667
648		2536		1552978		1667
649		2531		1555372		1675
650		2529		1557766		1688
651		2530		1560156		1672
652		2539		1562549		1688
653		2529		1564943		1686
654		2543		1567337		1676
655		2532		1569729		1681
656		2525		1572124		1669
657		2534		1574516		1662
658		2523		1576910		1681
659		2530		1579299		1665
660		2527		1581691		1678
661		2527		1584082		1666
662		2525		1586476		1677
663		2526		1588870		1664
664		2524		1591263		1673
665		2529		1593656		1675
666		2526		1596049		1665
667		2538		1598443		1673
668		2528		1600836		1673
669		2533		1603229		1667
670		2530		1605621		1683
671		2530		1608016		1668
672		2536		1610409		1681
673		2529		1612802		1676
674		2532		1615197		1670
675		2531		1617591		1673
676		2525		1619983		1682
677		2535		1622376		1667
678		2525		1624769		1672
679		2540		1627164		1681
680		2532		1629558		1680
681		2534		1631948		1665
682		2531		1634342		1686
683		2536		1636734		1670
684		2529		1639129		1675
685		2532		1641520		1681
686		2530		1643914		1681
687		2536		1646307		1672
688		2530		1648699		1683
689		2533		1651091		1674
690		2538		1653485		1678
691		2527		1655879		1667
692		2522		1658271		1680
693		2530		1660664		1674
694		2527		1663057		1680
695		2532		1665449		1678
696		2517		1667844		1679
697		2531		1670238		1668
698		2526		1672631		1671
699		2535		1675024		1677
700		2535		1677419		1690
701		2524		1679813		1675
702		2531		1682206		1690
703		2527		1684600		1691
704		2524		1686995		1684
705		2532		1689388		1685
706		2527		1691783		1687
707		2541		1694178		1673
708		2533		1696570		1678
709		2531		1698963		1678
710		2537		1701356		1679
711		2544		1703750		1668
712		2539		1706142		1690
713		2538		1708537		1681
714		2534		1710932		1669
715		2546		1713326		1674
716		2532		1715718		1671
717		2537		1718112		1669
718		2534		1720506		1679
719		2530		1722899		1671
720		2533		1725291		1679
721		2532		1727685		1665
722		2532		1730076		1672
723		2529		1732469		1667
724		2535		1734863		1673
725		2551		1737257		1673
726		2547		1739652		1676
727		2550		1742042		1664
728		2539		1744434		1669
729		2542		1746827		1668
730		2534		1749221		1690
731		2534		1751613		1665
732		2541		1754004		1679
733		2527		1756398		1680
734		2526		1758793		1674
735		2542		1761186		1682
736		2530		1763577		1680
737		2526		1765969		1669
738		2525		1768362		1668
739		2531		1770755		1672
740		2525		1773147		1674
741		2529		1775539		1668
742		2520		1777933		1686
743		2519		1780324		1670
744		2527		1782717		1672
745		2528		1785110		1677
746		2527		1787503		1669
747		2532		1789896		1654
748		2524		1792290		1669
749		2527		1794683		1656
750		2538		1797073		1675
751		2520		1799466		1662
752		2528		1801859		1665
753		2518		1804252		1662
754		2521		1806644		1678
755		2524		1809038		1665
756		2523		1811431		1665
757		2518		1813824		1665
758		2516		1816219		1655
759		2520		1818612		1659
760		2530		1821004		1675
761		2521		1823396		1644
762		2529		1825788		1667
763		2525		1828182		1665
764		2525		1830572		1660
765		2541		1832965		1665
766		2519		1835358		1670
767		2524		1837751		1652
768		2525		1840143		1657
769		2525		1842537		1657
770		2527		1844928		1660
771		2525		1847318		1666
772		2532		1849712		1673
773		2522		1852106		1657
774		2526		1854500		1666
775		2535		1856895		1674
776		2516		1859290		1664
777		2524		1861684		1658
778		2519		1864077		1670
779		2518		1866472		1661
780		2526		1868865		1675
781		2518		1871260		1660
782		2519		1873655		1664
783		2517		1876048		1666
784		2524		1878443		1675
785		2535		1880838		1664
786		2518		1883227		1670
787		2525		1885620		1672
788		2508		1888012		1668
789		2523		1890405		1670
790		2519		1892799		1676
791		2512		1895192		1662
792		2529		1897586		1667
793		2515		1899979		1671
794		2520		1902373		1653
795		2528		1904765		1666
796		2513		1907158		1672
797		2521		1909552		1658
798		2506		1911945		1655
799		2518		1914337		1665
800		2515		1916730		1665
801		2517		1919123		1659
802		2510		1921514		1672
803		2512		1923906		1658
804		2515		1926297		1661
805		2514		1928690		1659
806		2504		1931083		1660
807		2516		1933478		1660
808		2507		1935872		1671
809		2504		1938264		1659
810		2510		1940657		1667
811		2503		1943051		1673
812		2513		1945442		1666
813		2505		1947835		1666
814		2500		1950230		1667
815		2522		1952623		1665
816		2500		1955017		1667
817		2519		1957409		1673
818		2497		1959801		1668
819		2511		1962194		1663
820		2514		1964589		1674
821		2498		1966981		1665
822		2514		1969373		1664
823		2500		1971768		1672
824		2497		1974163		1667
825		2509		1976556		1669
826		2496		1978951		1672
827		2514		1981344		1657
828		2499		1983736		1664
829		2507		1986131		1665
830		2507		1988525		1661
831		2500		1990920		1669
832		2509		1993315		1670
833		2506		1995710		1666
834		2500		1998104		1671
835		2521		2000498		1668
836		2498		2002890		1669
837		2517		2005284		1672
838		2495		2007678		1674
839		2502		2010072		1670
840		2501		2012466		1672
841		2490		2014859		1667
842		2501		2017253		1671
843		2487		2019647		1667
844		2487		2022039		1666
845		2497		2024431		1665
846		2487		2026823		1669
847		2493		2029215		1667
848		2489		2031607		1669
849		2494		2033999		1665
850		2496		2036392		1671
851		2484		2038784		1669
852		2499		2041177		1669
853		2496		2043567		1675
854		2496		2045960		1669
855		2500		2048354		1672
856		2480		2050748		1674
857		2502		2053139		1669
858		2485		2055533		1671
859		2493		2057928		1679
860		2494		2060323		1664
861		2489		2062717		1669
862		2496		2065111		1674
863		2492		2067504		1668
864		2497		2069898		1674
865		2504		2072291		1668
866		2502		2074685		1673
867		2516		2077079		1674
868		2489		2079474		1675
869		2513		2081867		1671
870		2501		2084259		1674
871		2489		2086652		1669
872		2510		2089046		1670
873		2492		2091438		1665
874		2493		2093828		1675
875		2500		2096222		1667
876		2483		2098616		1668
877		2506		2101010		1668
878		2494		2103402		1657
879		2499		2105795		1666
880		2489		2108190		1669
881		2491		2110583		1665
882		2503		2112978		1671
883		2488		2115372		1671
884		2489		2117764		1666
885		2495		2120159		1665
886		2487		2122552		1671
887		2509		2124945		1659
888		2487		2127339		1662
889		2487		2129733		1668
890		2495		2132127		1661
891		2489		2134521		1663
892		2499		2136914		1667
893		2498		2139306		1663
894		2495		2141699		1674
895		2508		2144094		1672
896		2490		2146488		1663
897		2502		2148883		1670
898		2481		2151278		1675
899		2486		2153671		1666
900		2490		2156065		1672
901		2481		2158459		1671
902		2499		2160854		1673
903		2484		2163247		1675
904		2489		2165642		1686
905		2498		2168033		1671
906		2478		2170425		1683
907		2499		2172820		1678
908		2485		2175214		1682
909		2489		2177608		1682
910		2494		2180001		1683
911		2498		2182396		1675
912		2509		2184789		1682
913		2491		2187182		1685
914		2497		2189575		1675
915		2494		2191966		1680
916		2485		2194359		1690
917		2509		2196751		1673
918		2491		2199143		1683
919		2502		2201536		1681
920		2499		2203927		1678
921		2491		2206322		1680
922		2494		2208717		1677
923		2490		2211110		1674
924		2498		2213503		1688
925		2492		2215896		1680
926		2478		2218291		1680
927		2496		2220683		1680
928		2475		2223078		1687
929		2483		2225471		1681
930		2489		2227866		1684
931		2489		2230258		1682
932		2495		2232651		1687
933		2476		2235045		1684
934		2474		2237438		1688
935		2479		2239829		1680
936		2459		2242224		1688
937		2482		2244617		1684
938		2468		2247011		1687
939		2472		2249403		1686
940		2482		2251796		1683
941		2478		2254190		1677
942		2490		2256581		1690
943		2467		2258974		1688
944		2480		2261367		1690
945		2489		2263761		1692
946		2467		2266153		1687
947		2490		2268547		1676
948		2471		2270940		1686
949		2475		2273333		1688
950		2479		2275725		1690
951		2458		2278119		1682
952		2476		2280514		1690
953		2470		2282907		1681
954		2468		2285300		1692
955		2471		2287694		1690
956		2467		2290088		1687
957		2478		2292481		1679
958		2466		2294875		1693
959		2481		2297269		1688
960		2476		2299661		1685
961		2458		2302055		1685
962		2482		2304448		1686
963		2461		2306840		1684
964		2465		2309233		1689
965		2484		2311627		1688
966		2461		2314020		1689
967		2470		2316411		1687
968		2454		2318802		1684
969		2460		2321196		1692
970		2470		2323588		1688
971		2460		2325982		1685
972		2477		2328377		1690
973		2461		2330771		1699
974		2465		2333165		1693
975		2465		2335560		1689
976		2451		2337954		1693
977		2470		2340348		1681
978		2463		2342738		1695
979		2460		2345133		1694
980		2472		2347527		1692
981		2456		2349922		1682
982		2477		2352314		1684
983		2461		2354708		1687
984		2463		2357102		1691
985		2472		2359496		1682
986		2463		2361891		1681
987		2475		2364285		1681
988		2458		2366679		1695
989		2470		2369074		1687
990		2471		2371466		1696
991		2455		2373859		1700
992		2484		2376251		1688
993		2462		2378645		1694
994		2464		2381037		1697
995		2475		2383432		1684
996		2466		2385826		1687
997		2471		2388218		1680
998		2460		2390610		1689
999		2459		2393004		1684
