# Migration is number of nodes that have changed color.

Round		Edge-Cut		Swaps		Migrations		Skipped
0		3082		2391		607
1		3049		4786		743
2		3058		7181		809
3		3068		9576		870
4		3035		11971		912
5		3056		14366		940
6		3042		16761		940
7		3047		19155		958
8		3083		21549		993
9		3084		23942		1026
10		3046		26335		1031
11		3027		28729		1025
12		3011		31123		1041
13		3050		33516		1039
14		3041		35911		1048
15		3053		38306		1035
16		3011		40700		1049
17		3011		43092		1069
18		2991		45483		1041
19		3004		47877		1071
20		2988		50272		1072
21		2974		52666		1077
22		2962		55059		1084
23		2961		57453		1089
24		2971		59848		1077
25		2981		62243		1070
26		2958		64638		1085
27		2944		67032		1084
28		2950		69425		1095
29		2976		71819		1108
30		2939		74213		1107
31		2907		76606		1096
32		2926		78999		1095
33		2932		81392		1129
34		2917		83785		1115
35		2920		86178		1105
36		2923		88573		1117
37		2902		90967		1132
38		2876		93360		1134
39		2887		95754		1158
40		2860		98148		1139
41		2851		100541		1143
42		2854		102936		1139
43		2878		105325		1152
44		2879		107720		1153
45		2849		110114		1148
46		2898		112509		1160
47		2902		114903		1155
48		2876		117296		1135
49		2842		119690		1142
50		2855		122084		1186
51		2847		124478		1197
52		2823		126870		1183
53		2842		129261		1164
54		2826		131654		1170
55		2794		134047		1170
56		2805		136440		1169
57		2798		138834		1166
58		2811		141229		1182
59		2810		143624		1194
60		2827		146017		1197
61		2814		148411		1193
62		2812		150806		1190
63		2802		153196		1191
64		2811		155588		1194
65		2792		157982		1194
66		2800		160376		1200
67		2790		162767		1217
68		2760		165161		1193
69		2780		167555		1194
70		2767		169948		1195
71		2754		172341		1191
72		2784		174736		1194
73		2787		177126		1209
74		2767		179519		1203
75		2707		181913		1200
76		2747		184304		1219
77		2722		186699		1194
78		2730		189093		1198
79		2726		191487		1210
80		2708		193879		1220
81		2723		196273		1218
82		2704		198667		1217
83		2702		201060		1205
84		2714		203454		1210
85		2706		205847		1214
86		2720		208239		1227
87		2731		210632		1231
88		2718		213025		1221
89		2726		215420		1229
90		2733		217815		1210
91		2717		220207		1210
92		2739		222601		1200
93		2685		224996		1219
94		2688		227390		1222
95		2673		229782		1224
96		2706		232173		1223
97		2704		234566		1217
98		2661		236959		1223
99		2668		239354		1219
100		2700		241749		1238
101		2672		244142		1230
102		2657		246536		1211
103		2638		248929		1220
104		2651		251323		1229
105		2657		253717		1227
106		2651		256110		1236
107		2671		258504		1237
108		2659		260899		1237
109		2659		263294		1224
110		2646		265687		1228
111		2647		268081		1230
112		2647		270474		1234
113		2629		272869		1239
114		2633		275262		1243
115		2627		277657		1240
116		2647		280050		1232
117		2636		282445		1222
118		2629		284840		1228
119		2616		287234		1213
120		2601		289626		1215
121		2609		292019		1216
122		2614		294413		1225
123		2615		296808		1218
124		2582		299203		1226
125		2578		301597		1222
126		2585		303992		1216
127		2586		306386		1216
128		2574		308778		1202
129		2586		311173		1214
130		2579		313567		1211
131		2588		315959		1219
132		2597		318354		1215
133		2602		320746		1210
134		2593		323138		1209
135		2578		325532		1216
136		2568		327926		1212
137		2566		330320		1218
138		2577		332713		1214
139		2577		335107		1221
140		2575		337501		1213
141		2570		339895		1215
142		2560		342290		1214
143		2549		344682		1208
144		2571		347074		1205
145		2555		349469		1202
146		2557		351864		1210
147		2561		354257		1216
148		2569		356650		1216
149		2545		359044		1219
150		2558		361438		1216
151		2549		363832		1206
152		2560		366225		1211
153		2551		368615		1206
154		2544		371010		1213
155		2540		373404		1211
156		2538		375798		1210
157		2539		378191		1216
158		2539		380585		1215
159		2541		382977		1219
160		2532		385370		1212
161		2528		387765		1214
162		2545		390157		1216
163		2543		392551		1222
164		2535		394945		1219
165		2527		397338		1229
166		2546		399732		1230
167		2533		402127		1232
168		2517		404521		1217
169		2514		406914		1219
170		2498		409307		1214
171		2517		411698		1215
172		2515		414093		1217
173		2504		416487		1217
174		2506		418882		1215
175		2496		421271		1208
176		2503		423665		1212
177		2499		426057		1211
178		2490		428449		1210
179		2498		430844		1210
180		2500		433238		1210
181		2489		435632		1203
182		2490		438026		1204
183		2481		440420		1201
184		2483		442814		1205
185		2491		445206		1205
186		2483		447601		1204
187		2490		449995		1206
188		2481		452390		1212
189		2477		454783		1212
190		2477		457177		1215
191		2480		459572		1207
192		2479		461966		1209
193		2482		464357		1208
194		2471		466750		1198
195		2484		469144		1201
196		2493		471537		1213
197		2500		473931		1210
198		2489		476326		1204
199		2470		478721		1203
200		2474		481111		1196
201		2459		483503		1205
202		2480		485897		1205
203		2468		488290		1205
204		2470		490684		1206
205		2473		493079		1213
206		2463		495472		1208
207		2461		497866		1216
208		2451		500260		1211
209		2461		502654		1213
210		2465		505047		1212
211		2451		507440		1214
212		2454		509833		1211
213		2452		512226		1211
214		2465		514618		1217
215		2456		517012		1215
216		2455		519404		1216
217		2457		521797		1213
218		2453		524192		1209
219		2456		526585		1216
220		2462		528980		1213
221		2454		531372		1208
222		2458		533767		1217
223		2457		536161		1212
224		2463		538556		1215
225		2452		540948		1212
226		2458		543343		1209
227		2447		545734		1209
228		2449		548126		1201
229		2451		550520		1212
230		2449		552911		1214
231		2443		555303		1207
232		2451		557697		1207
233		2438		560092		1207
234		2438		562484		1207
235		2437		564877		1206
236		2441		567271		1213
237		2438		569664		1207
238		2439		572058		1209
239		2440		574452		1209
240		2439		576845		1204
241		2434		579238		1209
242		2429		581633		1203
243		2421		584026		1206
244		2441		586418		1204
245		2432		588811		1208
246		2433		591202		1209
247		2444		593595		1215
248		2429		595988		1210
249		2428		598380		1211
250		2428		600774		1214
251		2432		603168		1209
252		2430		605561		1207
253		2423		607955		1206
254		2428		610346		1210
255		2434		612741		1208
256		2438		615133		1209
257		2439		617527		1210
258		2434		619922		1202
259		2443		622316		1209
260		2435		624711		1207
261		2435		627105		1212
262		2433		629500		1208
263		2421		631893		1217
264		2426		634287		1217
265		2429		636681		1216
266		2432		639076		1210
267		2428		641469		1209
268		2426		643860		1211
269		2428		646253		1212
270		2425		648647		1213
271		2423		651040		1206
272		2419		653432		1207
273		2428		655827		1211
274		2439		658220		1210
275		2429		660614		1214
276		2437		663007		1216
277		2430		665400		1214
278		2426		667792		1209
279		2426		670187		1213
280		2431		672579		1217
281		2421		674970		1213
282		2420		677362		1213
283		2422		679754		1214
284		2418		682148		1213
285		2413		684540		1211
286		2424		686934		1215
287		2418		689327		1218
288		2421		691721		1213
289		2419		694115		1216
290		2407		696508		1217
291		2408		698902		1219
292		2417		701296		1217
293		2405		703689		1218
294		2410		706083		1213
295		2411		708477		1215
296		2412		710869		1214
297		2411		713263		1210
298		2412		715657		1214
299		2409		718051		1213
300		2409		720445		1212
301		2411		722840		1213
302		2410		725233		1215
303		2405		727626		1216
304		2411		730019		1211
305		2408		732410		1213
306		2412		734804		1211
307		2415		737196		1212
308		2410		739591		1210
309		2407		741984		1211
310		2409		744379		1211
311		2407		746774		1210
312		2411		749168		1212
313		2409		751562		1210
314		2401		753955		1208
315		2412		756349		1211
316		2408		758741		1214
317		2405		761136		1215
318		2406		763531		1213
319		2404		765923		1210
320		2399		768318		1215
321		2401		770710		1209
322		2404		773103		1209
323		2397		775497		1213
324		2402		777891		1213
325		2396		780282		1214
326		2401		782675		1213
327		2401		785066		1214
328		2394		787457		1208
329		2395		789849		1213
330		2404		792243		1214
331		2391		794635		1207
332		2396		797030		1217
333		2389		799423		1213
334		2367		800113		1211
335		2342		800835		1230
336		2318		801565		1220
337		2308		802271		1225
338		2288		802969		1233
339		2257		803666		1239
340		2238		804342		1246
341		2231		805001		1250
342		2217		805659		1251
343		2206		806302		1258
344		2200		806954		1261
345		2191		807608		1263
346		2186		808247		1264
347		2179		808882		1262
348		2176		809521		1259
349		2177		810151		1263
350		2172		810781		1261
351		2170		811411		1259
352		2172		812040		1258
353		2172		812665		1260
354		2168		813295		1255
355		2168		813921		1255
356		2167		814543		1254
357		2170		815165		1256
358		2168		815791		1255
359		2167		816413		1256
360		2167		817036		1256
361		2166		817661		1257
362		2164		818282		1256
363		2165		818899		1257
364		2161		819515		1259
365		2158		820125		1257
366		2156		820729		1254
367		2152		821328		1251
368		2149		821922		1249
369		2148		822511		1248
370		2145		823102		1250
371		2145		823688		1252
372		2145		824272		1248
373		2144		824855		1249
374		2145		825437		1251
375		2143		826018		1251
376		2141		826597		1253
377		2140		827176		1251
378		2139		827753		1249
379		2137		828327		1250
380		2134		828901		1253
381		2133		829468		1253
382		2131		830036		1251
383		2133		830600		1250
384		2130		831167		1253
385		2130		831729		1253
386		2129		832290		1253
387		2129		832850		1253
388		2129		833410		1253
389		2128		833971		1253
390		2126		834527		1254
391		2126		835081		1254
392		2126		835635		1254
393		2126		836189		1254
394		2125		836744		1256
395		2123		837296		1257
396		2123		837844		1257
397		2123		838392		1257
398		2123		838940		1257
399		2121		839488		1253
400		2120		840033		1252
401		2120		840575		1252
402		2120		841117		1252
403		2120		841659		1252
404		2120		842201		1252
405		2118		842745		1255
406		2117		843284		1254
407		2117		843820		1254
408		2117		844356		1254
409		2117		844892		1254
410		2115		845430		1252
411		2114		845963		1250
412		2114		846493		1250
413		2113		847024		1248
414		2112		847553		1249
415		2111		848080		1251
416		2110		848605		1249
417		2110		849127		1249
418		2110		849649		1249
419		2109		850172		1249
420		2107		850694		1253
421		2105		851210		1254
422		2105		851722		1254
423		2104		852235		1254
424		2104		852745		1254
425		2104		853255		1254
426		2102		853763		1254
427		2100		854269		1255
428		2100		854771		1255
429		2099		855272		1256
430		2096		855771		1256
431		2095		856267		1254
432		2094		856759		1252
433		2093		857250		1253
434		2092		857739		1251
435		2092		858227		1251
436		2090		858715		1252
437		2089		859200		1250
438		2087		859682		1250
439		2085		860158		1249
440		2084		860636		1252
441		2083		861111		1251
442		2083		861583		1251
443		2082		862056		1249
444		2082		862526		1249
445		2082		862996		1249
446		2081		863467		1249
447		2081		863939		1251
448		2081		864409		1251
449		2081		864879		1251
450		2079		865351		1252
451		2079		865817		1252
452		2079		866283		1252
453		2079		866749		1252
454		2079		867215		1252
455		2079		867681		1252
456		2078		868146		1253
457		2078		868610		1253
458		2078		869074		1253
459		2078		869538		1253
460		2078		870002		1253
461		2078		870466		1253
462		2077		870931		1252
463		2077		871393		1252
464		2077		871855		1252
465		2077		872317		1252
466		2077		872779		1252
467		2077		873241		1252
468		2076		873702		1252
469		2076		874162		1252
470		2076		874622		1252
471		2075		875083		1252
472		2075		875541		1252
473		2074		876000		1252
474		2073		876459		1251
475		2073		876915		1251
476		2073		877371		1251
477		2072		877828		1251
478		2072		878282		1251
479		2072		878736		1251
480		2072		879190		1251
481		2072		879644		1251
482		2072		880098		1251
483		2072		880552		1251
484		2071		881007		1253
485		2071		881459		1253
486		2071		881911		1253
487		2070		882364		1255
488		2069		882815		1254
489		2068		883264		1254
490		2068		883710		1254
491		2068		884156		1254
492		2068		884602		1254
493		2068		885048		1254
494		2068		885494		1254
495		2068		885940		1254
496		2068		886386		1254
497		2068		886832		1254
498		2068		887278		1254
499		2068		887724		1254
500		2068		888170		1254
501		2068		888616		1254
502		2068		889062		1254
503		2068		889508		1254
504		2068		889954		1254
505		2068		890400		1254
506		2068		890846		1254
507		2068		891292		1254
508		2068		891738		1254
509		2067		892183		1253
510		2067		892627		1253
511		2067		893071		1253
512		2066		893516		1255
513		2066		893958		1255
514		2065		894401		1254
515		2065		894841		1254
516		2065		895281		1254
517		2064		895722		1256
518		2064		896160		1256
519		2064		896598		1256
520		2064		897036		1256
521		2064		897474		1256
522		2064		897912		1256
523		2064		898350		1256
524		2064		898788		1256
525		2064		899226		1256
526		2064		899664		1256
527		2064		900102		1256
528		2062		900542		1257
529		2062		900976		1257
530		2062		901410		1257
531		2062		901844		1257
532		2062		902278		1257
533		2062		902712		1257
534		2062		903146		1257
535		2062		903580		1257
536		2062		904014		1257
537		2062		904448		1257
538		2062		904882		1257
539		2062		905316		1257
540		2062		905750		1257
541		2061		906183		1256
542		2060		906614		1257
543		2060		907044		1257
544		2060		907474		1257
545		2060		907904		1257
546		2060		908334		1257
547		2060		908764		1257
548		2060		909194		1257
549		2060		909624		1257
550		2060		910054		1257
551		2060		910484		1257
552		2060		910914		1257
553		2060		911344		1257
554		2060		911774		1257
555		2060		912204		1257
556		2060		912634		1257
557		2060		913064		1257
558		2060		913494		1257
559		2060		913924		1257
560		2060		914354		1257
561		2060		914784		1257
562		2060		915214		1257
563		2060		915644		1257
564		2060		916074		1257
565		2060		916504		1257
566		2059		916935		1255
567		2059		917365		1255
568		2059		917795		1255
569		2059		918225		1255
570		2058		918656		1254
571		2058		919084		1254
572		2058		919512		1254
573		2058		919940		1254
574		2058		920368		1254
575		2058		920796		1254
576		2058		921224		1254
577		2058		921652		1254
578		2057		922081		1256
579		2056		922508		1254
580		2055		922933		1254
581		2055		923355		1254
582		2055		923777		1254
583		2055		924199		1254
584		2055		924621		1254
585		2055		925043		1254
586		2055		925465		1254
587		2055		925887		1254
588		2055		926309		1254
589		2055		926731		1254
590		2055		927153		1254
591		2055		927575		1254
592		2055		927997		1254
593		2055		928419		1254
594		2054		928842		1255
595		2054		929262		1255
596		2054		929682		1255
597		2054		930102		1255
598		2054		930522		1255
599		2054		930942		1255
600		2053		931363		1255
601		2052		931782		1255
602		2052		932198		1255
603		2052		932614		1255
604		2052		933030		1255
605		2051		933447		1255
606		2051		933861		1255
607		2051		934275		1255
608		2051		934689		1255
609		2051		935103		1255
610		2051		935517		1255
611		2051		935931		1255
612		2051		936345		1255
613		2051		936759		1255
614		2051		937173		1255
615		2050		937588		1253
616		2050		938000		1253
617		2050		938412		1253
618		2049		938825		1255
619		2049		939235		1255
620		2048		939646		1254
621		2047		940055		1254
622		2047		940461		1254
623		2047		940867		1254
624		2047		941273		1254
625		2047		941679		1254
626		2047		942085		1254
627		2047		942491		1254
628		2046		942896		1254
629		2046		943302		1254
630		2045		943709		1256
631		2045		944113		1256
632		2045		944517		1256
633		2045		944921		1256
634		2045		945325		1256
635		2044		945730		1254
636		2044		946132		1254
637		2042		946534		1252
638		2041		946933		1252
639		2041		947329		1252
640		2039		947727		1254
641		2039		948119		1252
642		2039		948509		1252
643		2037		948899		1254
644		2037		949288		1255
645		2036		949674		1254
646		2036		950059		1254
647		2036		950443		1254
648		2034		950830		1254
649		2034		951212		1254
650		2034		951594		1254
651		2033		951978		1254
652		2033		952358		1254
653		2033		952738		1254
654		2033		953118		1254
655		2032		953497		1255
656		2032		953875		1255
657		2032		954253		1255
658		2031		954632		1253
659		2031		955008		1253
660		2031		955384		1253
661		2030		955761		1251
662		2030		956135		1251
663		2030		956509		1251
664		2030		956883		1251
665		2030		957257		1251
666		2030		957631		1251
667		2030		958005		1251
668		2030		958379		1251
669		2030		958753		1251
670		2030		959127		1251
671		2029		959502		1252
672		2029		959874		1252
673		2028		960247		1252
674		2028		960617		1252
675		2028		960987		1252
676		2028		961357		1252
677		2028		961727		1252
678		2028		962097		1252
679		2028		962467		1252
680		2027		962838		1250
681		2026		963207		1252
682		2024		963571		1250
683		2024		963933		1250
684		2024		964295		1250
685		2024		964657		1250
686		2024		965019		1250
687		2024		965381		1250
688		2024		965743		1250
689		2024		966105		1250
690		2024		966467		1250
691		2024		966829		1250
692		2024		967191		1250
693		2024		967553		1250
694		2024		967915		1250
695		2024		968277		1250
696		2024		968639		1250
697		2024		969001		1250
698		2024		969363		1250
699		2024		969725		1250
700		2023		970088		1250
701		2022		970449		1250
702		2022		970807		1250
703		2021		971166		1248
704		2021		971522		1248
705		2021		971878		1248
706		2021		972234		1248
707		2021		972590		1248
708		2021		972946		1248
709		2021		973302		1248
710		2021		973658		1248
711		2021		974014		1248
712		2021		974370		1248
713		2020		974727		1246
714		2020		975081		1246
715		2020		975435		1246
716		2020		975789		1246
717		2020		976143		1246
718		2020		976497		1246
719		2020		976851		1246
720		2020		977205		1246
721		2020		977559		1246
722		2020		977913		1246
723		2020		978267		1246
724		2020		978621		1246
725		2020		978975		1246
726		2020		979329		1246
727		2020		979683		1246
728		2020		980037		1246
729		2020		980391		1246
730		2020		980745		1246
731		2020		981099		1246
732		2020		981453		1246
733		2020		981807		1246
734		2020		982161		1246
735		2020		982515		1246
736		2020		982869		1246
737		2020		983223		1246
738		2020		983577		1246
739		2020		983931		1246
740		2020		984285		1246
741		2020		984639		1246
742		2020		984993		1246
743		2020		985347		1246
744		2020		985701		1246
745		2020		986055		1246
746		2020		986409		1246
747		2020		986763		1246
748		2020		987117		1246
749		2020		987471		1246
750		2020		987825		1246
751		2019		988180		1248
752		2019		988532		1248
753		2019		988884		1248
754		2019		989236		1248
755		2019		989588		1248
756		2019		989940		1248
757		2019		990292		1248
758		2019		990644		1248
759		2019		990996		1248
760		2019		991348		1248
761		2019		991700		1248
762		2018		992051		1249
763		2017		992402		1251
764		2016		992749		1250
765		2016		993095		1250
766		2016		993441		1250
767		2016		993787		1250
768		2016		994133		1250
769		2016		994479		1250
770		2016		994825		1250
771		2016		995171		1250
772		2016		995517		1250
773		2016		995863		1250
774		2016		996209		1250
775		2015		996556		1252
776		2015		996900		1252
777		2015		997244		1252
778		2015		997588		1252
779		2015		997932		1252
780		2015		998276		1252
781		2015		998620		1252
782		2014		998965		1251
783		2014		999307		1251
784		2014		999649		1251
785		2014		999991		1251
786		2014		1000333		1251
787		2014		1000675		1251
788		2014		1001017		1251
789		2014		1001359		1251
790		2013		1001702		1253
791		2013		1002042		1253
792		2013		1002382		1253
793		2013		1002722		1253
794		2013		1003062		1253
795		2013		1003402		1253
796		2013		1003742		1253
797		2013		1004082		1253
798		2013		1004422		1253
799		2013		1004762		1253
800		2013		1005102		1253
801		2013		1005442		1253
802		2013		1005782		1253
803		2013		1006122		1253
804		2013		1006462		1253
805		2013		1006802		1253
806		2013		1007142		1253
807		2013		1007482		1253
808		2013		1007822		1253
809		2013		1008162		1253
810		2013		1008502		1253
811		2013		1008842		1253
812		2013		1009182		1253
813		2013		1009522		1253
814		2013		1009862		1253
815		2013		1010202		1253
816		2013		1010542		1253
817		2013		1010882		1253
818		2013		1011222		1253
819		2013		1011562		1253
820		2013		1011902		1253
821		2012		1012243		1252
822		2012		1012581		1252
823		2012		1012919		1252
824		2012		1013257		1252
825		2012		1013595		1252
826		2012		1013933		1252
827		2012		1014271		1252
828		2011		1014610		1254
829		2011		1014946		1254
830		2011		1015282		1254
831		2010		1015619		1254
832		2010		1015953		1254
833		2010		1016287		1254
834		2010		1016621		1254
835		2010		1016955		1254
836		2010		1017289		1254
837		2010		1017623		1254
838		2010		1017957		1254
839		2010		1018291		1254
840		2010		1018625		1254
841		2010		1018959		1254
842		2010		1019293		1254
843		2010		1019627		1254
844		2010		1019961		1254
845		2010		1020295		1254
846		2010		1020629		1254
847		2010		1020963		1254
848		2010		1021297		1254
849		2010		1021631		1254
850		2010		1021965		1254
851		2010		1022299		1254
852		2010		1022633		1254
853		2010		1022967		1254
854		2009		1023302		1253
855		2009		1023636		1253
856		2009		1023970		1253
857		2009		1024304		1253
858		2009		1024638		1253
859		2009		1024972		1253
860		2009		1025306		1253
861		2009		1025640		1253
862		2009		1025974		1253
863		2009		1026308		1253
864		2009		1026642		1253
865		2009		1026976		1253
866		2009		1027310		1253
867		2009		1027644		1253
868		2009		1027978		1253
869		2009		1028312		1253
870		2009		1028646		1253
871		2009		1028980		1253
872		2009		1029314		1253
873		2009		1029648		1253
874		2009		1029982		1253
875		2009		1030316		1253
876		2008		1030651		1251
877		2008		1030983		1251
878		2008		1031315		1251
879		2008		1031647		1251
880		2008		1031979		1251
881		2008		1032311		1251
882		2008		1032643		1251
883		2008		1032975		1251
884		2008		1033307		1251
885		2008		1033639		1251
886		2007		1033972		1251
887		2007		1034302		1251
888		2007		1034632		1251
889		2007		1034962		1251
890		2006		1035293		1249
891		2006		1035621		1249
892		2006		1035949		1249
893		2006		1036277		1249
894		2006		1036605		1249
895		2006		1036933		1249
896		2006		1037261		1249
897		2006		1037589		1249
898		2006		1037917		1249
899		2006		1038245		1249
900		2005		1038574		1250
901		2005		1038900		1250
902		2004		1039227		1249
903		2004		1039551		1249
904		2004		1039875		1249
905		2004		1040199		1249
906		2004		1040523		1249
907		2004		1040847		1249
908		2004		1041171		1249
909		2004		1041495		1249
910		2004		1041819		1249
911		2004		1042143		1249
912		2004		1042467		1249
913		2004		1042791		1249
914		2004		1043115		1249
915		2004		1043439		1249
916		2004		1043763		1249
917		2004		1044087		1249
918		2004		1044411		1249
919		2003		1044736		1251
920		2003		1045058		1251
921		2003		1045380		1251
922		2003		1045702		1251
923		2003		1046024		1251
924		2003		1046346		1251
925		2003		1046668		1251
926		2003		1046990		1251
927		2003		1047312		1251
928		2003		1047634		1251
929		2003		1047956		1251
930		2003		1048278		1251
931		2003		1048600		1251
932		2003		1048922		1251
933		2003		1049244		1251
934		2003		1049566		1251
935		2003		1049888		1251
936		2003		1050210		1251
937		2003		1050532		1251
938		2003		1050854		1251
939		2002		1051177		1249
940		2002		1051497		1249
941		2002		1051817		1249
942		2002		1052137		1249
943		2002		1052457		1249
944		2002		1052777		1249
945		2002		1053097		1249
946		2002		1053417		1249
947		2002		1053737		1249
948		2002		1054057		1249
949		2002		1054377		1249
950		2002		1054697		1249
951		2002		1055017		1249
952		2002		1055337		1249
953		2002		1055657		1249
954		2002		1055977		1249
955		2002		1056297		1249
956		2001		1056616		1249
957		2001		1056934		1249
958		2001		1057252		1249
959		2001		1057570		1249
960		2001		1057888		1249
961		2001		1058206		1249
962		2001		1058524		1249
963		2001		1058842		1249
964		2001		1059160		1249
965		2001		1059478		1249
966		2001		1059796		1249
967		2001		1060114		1249
968		2001		1060432		1249
969		2001		1060750		1249
970		2001		1061068		1249
971		2001		1061386		1249
972		2000		1061705		1249
973		2000		1062021		1249
974		2000		1062337		1249
975		2000		1062653		1249
976		2000		1062969		1249
977		2000		1063285		1249
978		2000		1063601		1249
979		2000		1063917		1249
980		2000		1064233		1249
981		2000		1064549		1249
982		2000		1064865		1249
983		2000		1065181		1249
984		2000		1065497		1249
985		2000		1065813		1249
986		2000		1066129		1249
987		2000		1066445		1249
988		2000		1066761		1249
989		2000		1067077		1249
990		2000		1067393		1249
991		2000		1067709		1249
992		2000		1068025		1249
993		2000		1068341		1249
994		2000		1068657		1249
995		2000		1068973		1249
996		2000		1069289		1249
997		2000		1069605		1249
998		2000		1069921		1249
999		2000		1070237		1249
