# Migration is number of nodes that have changed color.

Round		Edge-Cut		Swaps		Migrations		Skipped
0		2883		2391		487
1		2830		4782		553
2		2830		7170		586
3		2822		9560		603
4		2786		11947		616
5		2796		14340		631
6		2785		16733		640
7		2758		19124		633
8		2761		21517		645
9		2768		23910		638
10		2742		26302		668
11		2740		28695		675
12		2756		31089		672
13		2739		33477		692
14		2729		35867		688
15		2736		38258		689
16		2724		40647		684
17		2726		43038		690
18		2715		45427		686
19		2717		47818		677
20		2692		50209		681
21		2713		52602		695
22		2703		54993		698
23		2679		57384		695
24		2665		59777		699
25		2665		62169		703
26		2658		64560		715
27		2658		66952		719
28		2649		69343		716
29		2651		71736		713
30		2629		74129		732
31		2622		76519		723
32		2632		78912		734
33		2624		81306		722
34		2610		83697		721
35		2606		86088		735
36		2602		88480		726
37		2594		90874		740
38		2596		93266		731
39		2601		95656		738
40		2599		98050		739
41		2613		100441		735
42		2594		102833		734
43		2594		105226		742
44		2579		107619		741
45		2586		110013		754
46		2586		112405		753
47		2581		114796		754
48		2576		117188		748
49		2560		119580		746
50		2559		121973		756
51		2574		124365		751
52		2571		126755		761
53		2569		129146		759
54		2564		131539		760
55		2566		133932		754
56		2557		136325		766
57		2574		138718		769
58		2569		141110		762
59		2575		143502		775
60		2558		145895		776
61		2572		148288		770
62		2563		150682		771
63		2557		153075		767
64		2572		155470		772
65		2561		157865		783
66		2563		160257		775
67		2553		162651		777
68		2555		165043		773
69		2551		167437		775
70		2527		169831		771
71		2548		172225		781
72		2526		174618		773
73		2544		177011		777
74		2541		179400		771
75		2548		181792		770
76		2536		184184		764
77		2539		186577		772
78		2538		188966		770
79		2547		191360		767
80		2544		193753		769
81		2547		196146		759
82		2550		198538		772
83		2542		200932		768
84		2530		203326		765
85		2537		205719		769
86		2534		208107		776
87		2538		210499		778
88		2530		212893		786
89		2532		215284		780
90		2538		217677		773
91		2527		220072		781
92		2530		222466		775
93		2521		224857		779
94		2515		227251		782
95		2516		229644		784
96		2517		232039		788
97		2514		234432		790
98		2518		236826		789
99		2510		239218		788
100		2504		241612		785
101		2495		244005		783
102		2498		246395		787
103		2491		248786		785
104		2485		251175		783
105		2491		253567		788
106		2486		255961		790
107		2484		258354		788
108		2486		260746		793
109		2491		263140		788
110		2476		265532		787
111		2483		267923		789
112		2478		270315		793
113		2475		272708		792
114		2479		275099		788
115		2473		277493		794
116		2490		279886		792
117		2477		282277		787
118		2494		284672		788
119		2487		287065		799
120		2483		289456		796
121		2481		291849		795
122		2476		294242		789
123		2471		296633		792
124		2470		299025		792
125		2463		301417		798
126		2470		303810		801
127		2454		306205		799
128		2457		308598		797
129		2456		310992		799
130		2455		313385		797
131		2460		315778		803
132		2449		318169		797
133		2452		320563		796
134		2455		322956		798
135		2452		325347		806
136		2460		327738		804
137		2462		330130		801
138		2453		332523		800
139		2454		334918		806
140		2445		337310		806
141		2455		339701		804
142		2442		342096		807
143		2447		344487		803
144		2447		346878		805
145		2446		349271		811
146		2443		351664		811
147		2445		354058		805
148		2444		356449		805
149		2447		358844		808
150		2449		361236		813
151		2453		363630		815
152		2455		366025		811
153		2452		368416		810
154		2453		370810		809
155		2439		373204		807
156		2444		375597		809
157		2438		377992		803
158		2434		380384		806
159		2440		382775		811
160		2439		385168		812
161		2442		387561		810
162		2431		389953		809
163		2437		392347		815
164		2430		394738		810
165		2440		397133		807
166		2434		399526		809
167		2436		401918		815
168		2433		404312		812
169		2438		406704		811
170		2434		409098		812
171		2427		411490		813
172		2430		413884		816
173		2426		416278		814
174		2427		418671		815
175		2422		421062		807
176		2427		423455		819
177		2423		425844		809
178		2428		428232		819
179		2425		430624		818
180		2423		433016		818
181		2428		435408		821
182		2420		437802		821
183		2432		440195		818
184		2434		442588		821
185		2428		444977		820
186		2432		447370		824
187		2432		449764		827
188		2426		452156		824
189		2431		454548		824
190		2419		456940		830
191		2425		459335		829
192		2424		461729		824
193		2425		464124		824
194		2413		466517		822
195		2420		468909		826
196		2423		471304		829
197		2418		473696		824
198		2414		476091		819
199		2416		478484		822
200		2408		480878		822
201		2427		483269		823
202		2417		485659		829
203		2419		488054		829
204		2422		490444		829
205		2414		492838		830
206		2419		495230		827
207		2420		497623		830
208		2414		500016		826
209		2411		502409		827
210		2412		504801		834
211		2413		507193		828
212		2405		509584		827
213		2418		511976		826
214		2411		514368		824
215		2412		516760		831
216		2415		519154		828
217		2414		521548		826
218		2413		523941		825
219		2416		526334		828
220		2414		528723		831
221		2415		531116		838
222		2412		533507		836
223		2414		535900		836
224		2412		538293		839
225		2416		540686		834
226		2430		543078		837
227		2417		545472		835
228		2420		547867		832
229		2423		550261		835
230		2418		552654		837
231		2424		555047		837
232		2426		557438		834
233		2418		559829		834
234		2423		562220		832
235		2421		564614		835
236		2421		567006		833
237		2422		569398		833
238		2420		571792		833
239		2423		574187		835
240		2417		576581		838
241		2422		578974		836
242		2414		581368		836
243		2415		583761		838
244		2420		586155		841
245		2420		588547		841
246		2422		590941		842
247		2418		593334		841
248		2411		595727		842
249		2412		598118		842
250		2418		600512		840
251		2411		602903		842
252		2412		605297		839
253		2417		607690		837
254		2411		610084		845
255		2414		612476		843
256		2413		614870		844
257		2411		617264		841
258		2411		619658		842
259		2414		622049		847
260		2407		624443		841
261		2416		626837		842
262		2413		629228		842
263		2416		631619		842
264		2410		634010		841
265		2407		636401		835
266		2403		638795		839
267		2409		641188		841
268		2415		643580		836
269		2412		645973		839
270		2415		648366		841
271		2412		650759		838
272		2405		653151		836
273		2412		655545		835
274		2408		657937		839
275		2409		660332		839
276		2412		662725		840
277		2410		665118		841
278		2412		667512		840
279		2415		669905		844
280		2416		672296		846
281		2411		674689		849
282		2411		677080		848
283		2412		679470		847
284		2412		681859		847
285		2413		684251		849
286		2416		686644		847
287		2411		689038		846
288		2420		691430		852
289		2409		693822		849
290		2406		696214		848
291		2414		698606		846
292		2411		700999		849
293		2408		703392		847
294		2415		705783		851
295		2412		708174		847
296		2407		710568		849
297		2409		712962		854
298		2412		715356		855
299		2411		717749		856
300		2413		720144		858
301		2410		722537		853
302		2413		724928		860
303		2407		727321		857
304		2410		729714		854
305		2402		732108		854
306		2409		734501		851
307		2411		736894		854
308		2409		739289		854
309		2413		741682		859
310		2407		744076		857
311		2416		746468		862
312		2413		748859		860
313		2413		751252		853
314		2409		753644		858
315		2412		756038		860
316		2413		758431		854
317		2406		760823		851
318		2414		763214		857
319		2414		765609		851
320		2403		768002		852
321		2407		770395		857
322		2406		772788		857
323		2408		775182		856
324		2404		777574		857
325		2409		779968		855
326		2404		782360		853
327		2404		784751		857
328		2408		787144		852
329		2401		789537		853
330		2402		791929		856
331		2403		794322		855
332		2408		796715		856
333		2398		799106		854
334		2408		801497		852
335		2400		803892		857
336		2410		806284		856
337		2405		808677		860
338		2405		811072		854
339		2407		813466		860
340		2408		815858		858
341		2408		818250		855
342		2403		820638		859
343		2411		823031		854
344		2402		825424		854
345		2403		827816		857
346		2414		830208		857
347		2403		832603		858
348		2411		834996		864
349		2410		837387		860
350		2405		839782		861
351		2404		842173		863
352		2403		844567		859
353		2402		846959		861
354		2404		849351		864
355		2404		851744		858
356		2403		854138		862
357		2399		856531		863
358		2403		858925		859
359		2403		861319		862
360		2405		863711		864
361		2405		866102		863
362		2408		868493		864
363		2408		870886		864
364		2415		873281		862
365		2403		875674		866
366		2409		878067		867
367		2403		880460		865
368		2409		882852		865
369		2405		885247		866
370		2414		887639		866
371		2413		890031		866
372		2412		892426		864
373		2408		894818		866
374		2406		897211		862
375		2404		899606		868
376		2406		901998		867
377		2405		904391		865
378		2406		906784		865
379		2411		909174		867
380		2411		911568		863
381		2408		913963		867
382		2411		916357		869
383		2405		918752		871
384		2405		921142		870
385		2411		923535		873
386		2406		925928		875
387		2403		928320		874
388		2404		930713		874
389		2403		933107		879
390		2411		935499		878
391		2409		937892		873
392		2407		940285		875
393		2401		942677		873
394		2406		945071		878
395		2396		947462		874
396		2403		949857		880
397		2401		952250		873
398		2395		954643		872
399		2399		957036		879
400		2401		959429		876
401		2415		961823		884
402		2410		964212		881
403		2410		966605		879
404		2405		969000		883
405		2404		971392		885
406		2405		973782		878
407		2409		976172		881
408		2398		978566		880
409		2403		980957		880
410		2396		983351		874
411		2405		985743		879
412		2399		988136		877
413		2402		990530		879
414		2402		992921		879
415		2399		995311		879
416		2397		997703		879
417		2389		1000096		881
418		2394		1002490		880
419		2395		1004881		880
420		2394		1007272		881
421		2398		1009667		882
422		2391		1012061		877
423		2399		1014454		882
424		2394		1016849		880
425		2393		1019243		881
426		2392		1021635		881
427		2397		1024029		883
428		2394		1026424		877
429		2389		1028816		885
430		2389		1031210		882
431		2393		1033602		880
432		2389		1035996		882
433		2392		1038389		877
434		2387		1040780		877
435		2391		1043173		880
436		2391		1045563		879
437		2388		1047955		880
438		2387		1050347		879
439		2391		1052742		879
440		2390		1055136		877
441		2392		1057528		877
442		2394		1059921		879
443		2391		1062315		877
444		2385		1064710		883
445		2385		1067100		885
446		2389		1069492		887
447		2390		1071887		887
448		2392		1074281		886
449		2389		1076675		882
450		2391		1079067		886
451		2390		1081461		887
452		2390		1083854		886
453		2390		1086247		883
454		2394		1088638		886
455		2391		1091031		885
456		2390		1093425		891
457		2395		1095818		889
458		2392		1098212		888
459		2392		1100606		890
460		2395		1102997		884
461		2401		1105391		892
462		2394		1107785		892
463		2390		1110180		889
464		2389		1112575		891
465		2393		1114969		894
466		2397		1117359		892
467		2391		1119752		893
468		2390		1122143		889
469		2395		1124535		893
470		2393		1126923		891
471		2396		1129315		895
472		2382		1131708		890
473		2385		1134102		890
474		2388		1136496		891
475		2383		1138890		889
476		2392		1141284		893
477		2392		1143677		896
478		2391		1146067		895
479		2391		1148460		893
480		2386		1150853		894
481		2388		1153245		892
482		2385		1155637		890
483		2388		1158030		894
484		2393		1160425		896
485		2385		1162820		892
486		2389		1165215		891
487		2389		1167608		893
488		2390		1170002		891
489		2386		1172396		893
490		2387		1174790		893
491		2389		1177184		891
492		2391		1179577		892
493		2389		1181970		889
494		2389		1184361		892
495		2388		1186756		891
496		2391		1189149		892
497		2389		1191543		890
498		2387		1193932		885
499		2387		1196327		889
500		2392		1198720		893
501		2387		1201114		890
502		2389		1203508		890
503		2387		1205902		889
504		2391		1208296		898
505		2384		1210689		892
506		2390		1213082		895
507		2391		1215474		895
508		2388		1217868		894
509		2383		1220262		891
510		2387		1222656		890
511		2384		1225049		890
512		2378		1227444		888
513		2381		1229835		891
514		2381		1232225		892
515		2385		1234619		891
516		2384		1237011		893
517		2378		1239406		891
518		2384		1241800		892
519		2385		1244192		892
520		2386		1246586		890
521		2380		1248980		888
522		2384		1251374		886
523		2380		1253768		889
524		2380		1256162		891
525		2379		1258555		890
526		2382		1260947		892
527		2377		1263340		890
528		2380		1265732		891
529		2380		1268125		891
530		2381		1270517		891
531		2382		1272911		890
532		2379		1275305		889
533		2377		1277695		886
534		2378		1280088		888
535		2379		1282483		891
536		2380		1284875		890
537		2379		1287269		892
538		2380		1289663		888
539		2377		1292056		888
540		2379		1294446		893
541		2379		1296839		887
542		2382		1299233		891
543		2381		1301628		892
544		2378		1304023		890
545		2378		1306416		891
546		2379		1308811		889
547		2380		1311204		889
548		2374		1313597		886
549		2377		1315988		891
550		2379		1318381		887
551		2377		1320772		889
552		2373		1323165		889
553		2378		1325556		889
554		2381		1327947		890
555		2378		1330342		888
556		2379		1332734		890
557		2374		1335128		889
558		2374		1337520		891
559		2375		1339914		890
560		2374		1342307		890
561		2378		1344700		890
562		2374		1347095		888
563		2375		1349487		886
564		2375		1351880		890
565		2375		1354272		887
566		2378		1356664		887
567		2381		1359058		889
568		2379		1361451		888
569		2379		1363843		889
570		2377		1366238		892
571		2381		1368632		893
572		2374		1371026		890
573		2379		1373419		888
574		2377		1375814		890
575		2377		1378207		889
576		2377		1380600		892
577		2376		1382994		892
578		2376		1385388		888
579		2378		1387781		893
580		2375		1390174		891
581		2378		1392568		891
582		2379		1394959		895
583		2379		1397354		892
584		2374		1399746		892
585		2374		1402140		894
586		2376		1404532		891
587		2372		1406923		891
588		2372		1409318		894
589		2376		1411711		894
590		2372		1414103		895
591		2375		1416495		894
592		2375		1418888		895
593		2374		1421282		892
594		2373		1423677		897
595		2371		1426070		895
596		2378		1428465		892
597		2380		1430859		896
598		2377		1433252		891
599		2375		1435647		896
600		2374		1438040		896
601		2377		1440431		893
602		2373		1442824		896
603		2377		1445218		895
604		2379		1447612		896
605		2374		1450006		895
606		2379		1452400		900
607		2376		1454792		895
608		2380		1457185		893
609		2377		1459575		894
610		2377		1461969		896
611		2381		1464362		894
612		2379		1466755		899
613		2378		1469147		898
614		2381		1471538		897
615		2378		1473930		899
616		2381		1476325		900
617		2379		1478718		898
618		2381		1481111		899
619		2379		1483501		900
620		2374		1485895		896
621		2375		1488290		902
622		2378		1490683		899
623		2373		1493075		899
624		2376		1495469		904
625		2374		1497861		899
626		2374		1500253		898
627		2373		1502647		900
628		2374		1505041		899
629		2369		1507434		900
630		2372		1509829		903
631		2377		1512222		902
632		2370		1514616		899
633		2376		1517009		901
634		2375		1519403		901
635		2373		1521795		900
636		2376		1524188		901
637		2369		1526579		899
638		2368		1528970		895
639		2372		1531363		897
640		2371		1533757		899
641		2372		1536151		900
642		2370		1538546		902
643		2370		1540940		896
644		2373		1543332		899
645		2370		1545727		898
646		2376		1548121		899
647		2374		1550513		900
648		2369		1552906		899
649		2369		1555298		899
650		2368		1557687		898
651		2376		1560078		897
652		2374		1562473		898
653		2376		1564864		899
654		2375		1567257		905
655		2365		1569649		900
656		2367		1572043		899
657		2366		1574436		900
658		2373		1576829		900
659		2365		1579221		900
660		2368		1581612		902
661		2373		1584005		900
662		2367		1586399		899
663		2366		1588792		898
664		2371		1591185		899
665		2366		1593577		900
666		2369		1595971		902
667		2365		1598363		899
668		2366		1600757		897
669		2366		1603151		902
670		2366		1605544		900
671		2372		1607934		900
672		2364		1610327		902
673		2362		1612720		898
674		2366		1615111		902
675		2366		1617504		901
676		2364		1619898		899
677		2364		1622292		897
678		2365		1624683		901
679		2366		1627078		902
680		2369		1629470		901
681		2366		1631861		901
682		2369		1634253		901
683		2366		1636647		900
684		2364		1639042		904
685		2362		1641435		903
686		2363		1643827		902
687		2360		1646219		904
688		2362		1648611		904
689		2361		1651006		901
690		2357		1653398		902
691		2360		1655790		899
692		2356		1658185		900
693		2360		1660578		902
694		2362		1662972		902
695		2358		1665364		897
696		2364		1667757		903
697		2356		1670151		899
698		2359		1672544		900
699		2360		1674936		904
700		2363		1677326		904
701		2362		1679720		901
702		2359		1682113		904
703		2361		1684507		902
704		2360		1686900		902
705		2363		1689295		904
706		2360		1691690		903
707		2354		1694084		900
708		2357		1696479		903
709		2356		1698873		901
710		2356		1701266		899
711		2357		1703657		902
712		2360		1706051		901
713		2359		1708445		900
714		2358		1710838		901
715		2359		1713228		899
716		2360		1715623		898
717		2359		1718017		904
718		2356		1720410		901
719		2357		1722800		899
720		2353		1725192		904
721		2358		1727586		901
722		2357		1729978		902
723		2355		1732367		904
724		2360		1734761		899
725		2358		1737155		898
726		2354		1739549		899
727		2350		1741943		897
728		2350		1744338		895
729		2354		1746731		902
730		2353		1749123		897
731		2354		1751516		897
732		2348		1753908		898
733		2349		1756301		899
734		2349		1758696		897
735		2350		1761089		901
736		2352		1763483		898
737		2350		1765876		899
738		2355		1768268		900
739		2357		1770660		902
740		2351		1773052		899
741		2357		1775446		902
742		2356		1777840		902
743		2352		1780232		897
744		2355		1782626		905
745		2350		1785020		900
746		2353		1787413		898
747		2349		1789807		901
748		2358		1792201		900
749		2352		1794596		902
750		2350		1796989		906
751		2353		1799383		904
752		2347		1801777		902
753		2351		1804171		904
754		2351		1806562		903
755		2349		1808953		901
756		2352		1811348		902
757		2349		1813743		901
758		2349		1816135		900
759		2350		1818527		902
760		2351		1820919		902
761		2353		1823313		899
762		2348		1825704		901
763		2350		1828097		898
764		2348		1830488		899
765		2351		1832882		903
766		2354		1835276		901
767		2350		1837667		901
768		2354		1840059		902
769		2351		1842451		901
770		2353		1844845		904
771		2353		1847237		907
772		2355		1849631		905
773		2353		1852022		902
774		2355		1854416		906
775		2351		1856809		902
776		2350		1859203		901
777		2349		1861595		902
778		2355		1863990		903
779		2349		1866383		902
780		2352		1868777		906
781		2351		1871172		903
782		2349		1873566		898
783		2353		1875961		902
784		2351		1878353		899
785		2352		1880744		899
786		2351		1883138		902
787		2353		1885529		902
788		2356		1887923		902
789		2356		1890316		906
790		2357		1892709		903
791		2350		1895099		904
792		2352		1897493		905
793		2351		1899885		905
794		2349		1902276		905
795		2350		1904671		905
796		2357		1907064		907
797		2353		1909458		905
798		2353		1911852		905
799		2349		1914246		904
800		2352		1916639		904
801		2372		1919033		910
802		2374		1921427		918
803		2361		1923820		910
804		2360		1926209		913
805		2364		1928600		909
806		2368		1930993		909
807		2362		1933387		910
808		2365		1935780		908
809		2363		1938173		908
810		2360		1940567		912
811		2360		1942961		905
812		2361		1945354		909
813		2360		1947747		909
814		2360		1950139		911
815		2360		1952533		908
816		2360		1954925		912
817		2356		1957320		908
818		2360		1959715		908
819		2361		1962109		909
820		2368		1964501		907
821		2361		1966895		905
822		2361		1969288		907
823		2361		1971679		905
824		2362		1974071		906
825		2362		1976464		915
826		2363		1978854		908
827		2363		1981248		911
828		2360		1983641		909
829		2358		1986034		906
830		2360		1988428		908
831		2358		1990820		909
832		2359		1993213		906
833		2359		1995607		908
834		2354		1998002		909
835		2357		2000397		910
836		2355		2002792		909
837		2359		2005184		911
838		2361		2007577		909
839		2356		2009972		906
840		2357		2012367		911
841		2353		2014760		908
842		2354		2017154		904
843		2356		2019546		909
844		2358		2021939		906
845		2360		2024331		906
846		2359		2026726		907
847		2358		2029121		907
848		2361		2031516		907
849		2354		2033908		911
850		2357		2036298		904
851		2357		2038691		908
852		2362		2041085		909
853		2358		2043479		911
854		2355		2045873		908
855		2361		2048267		910
856		2363		2050660		913
857		2362		2053053		912
858		2365		2055447		910
859		2358		2057842		914
860		2364		2060236		913
861		2363		2062628		918
862		2361		2065019		911
863		2360		2067413		908
864		2352		2069807		911
865		2357		2072200		910
866		2352		2074595		907
867		2353		2076987		910
868		2356		2079379		908
869		2352		2081772		907
870		2360		2084165		912
871		2356		2086560		910
872		2351		2088952		904
873		2352		2091345		905
874		2354		2093739		907
875		2355		2096130		908
876		2355		2098523		910
877		2350		2100909		903
878		2350		2103304		904
879		2346		2105699		907
880		2355		2108093		908
881		2350		2110485		908
882		2346		2112879		907
883		2353		2115273		906
884		2349		2117665		908
885		2352		2120058		909
886		2350		2122450		908
887		2349		2124845		906
888		2350		2127239		907
889		2352		2129632		908
890		2354		2132024		907
891		2354		2134418		909
892		2353		2136809		907
893		2353		2139201		907
894		2347		2141594		908
895		2352		2143988		906
896		2348		2146382		907
897		2346		2148776		904
898		2354		2151168		905
899		2348		2153563		906
900		2355		2155955		909
901		2353		2158347		909
902		2351		2160740		904
903		2354		2163132		910
904		2357		2165525		910
905		2357		2167915		908
906		2350		2170310		909
907		2351		2172700		908
908		2348		2175093		904
909		2348		2177484		908
910		2356		2179876		909
911		2352		2182269		907
912		2351		2184660		908
913		2349		2187054		905
914		2347		2189447		907
915		2348		2191840		907
916		2346		2194234		906
917		2348		2196627		906
918		2351		2199018		907
919		2344		2201411		906
920		2349		2203805		907
921		2350		2206198		907
922		2353		2208590		907
923		2352		2210983		906
924		2341		2213374		908
925		2347		2215768		910
926		2348		2218161		910
927		2346		2220555		908
928		2348		2222949		907
929		2344		2225344		907
930		2351		2227737		909
931		2348		2230131		913
932		2351		2232525		913
933		2354		2234918		911
934		2348		2237311		908
935		2350		2239706		901
936		2349		2242098		904
937		2347		2244493		904
938		2349		2246887		903
939		2347		2249281		906
940		2351		2251675		903
941		2346		2254067		906
942		2344		2256459		905
943		2343		2258853		901
944		2345		2261244		905
945		2348		2263637		907
946		2345		2266028		904
947		2343		2268420		902
948		2345		2270813		904
949		2341		2273207		905
950		2347		2275600		904
951		2345		2277993		905
952		2347		2280383		904
953		2344		2282777		901
954		2342		2285171		905
955		2343		2287564		903
956		2346		2289958		905
957		2343		2292353		903
958		2347		2294745		905
959		2347		2297140		905
960		2349		2299534		907
961		2344		2301927		906
962		2345		2304320		903
963		2347		2306715		905
964		2340		2309108		903
965		2344		2311502		903
966		2347		2313896		906
967		2342		2316291		905
968		2350		2318684		903
969		2341		2321077		907
970		2349		2323471		904
971		2345		2325865		905
972		2346		2328256		907
973		2345		2330648		903
974		2341		2333042		904
975		2345		2335435		905
976		2344		2337830		905
977		2343		2340224		901
978		2345		2342617		905
979		2344		2345009		906
980		2344		2347404		901
981		2346		2349796		906
982		2346		2352187		904
983		2345		2354577		902
984		2342		2356971		907
985		2344		2359362		904
986		2342		2361755		902
987		2342		2364148		905
988		2348		2366541		903
989		2346		2368935		906
990		2345		2371330		907
991		2343		2373721		906
992		2346		2376115		904
993		2345		2378507		907
994		2342		2380899		906
995		2346		2383292		904
996		2343		2385686		905
997		2342		2388079		903
998		2344		2390473		904
999		2341		2392866		905
