# Migration is number of nodes that have changed color.

Round		Edge-Cut		Swaps		Migrations		Skipped
0		4083		2393		1527
1		3793		4785		1585
2		3689		7178		1547
3		3660		9572		1609
4		3636		11964		1604
5		3588		14354		1600
6		3566		16749		1615
7		3546		19140		1684
8		3516		21531		1611
9		3497		23923		1651
10		3468		26316		1615
11		3450		28708		1614
12		3441		31102		1630
13		3402		33495		1654
14		3390		35887		1624
15		3386		38279		1667
16		3391		40668		1642
17		3350		43060		1653
18		3351		45449		1673
19		3341		47840		1663
20		3319		50233		1628
21		3331		52625		1659
22		3319		55017		1655
23		3318		57411		1632
24		3307		59804		1668
25		3298		62193		1676
26		3273		64586		1653
27		3269		66980		1691
28		3280		69375		1678
29		3261		71768		1673
30		3239		74160		1669
31		3225		76554		1688
32		3226		78947		1652
33		3237		81338		1688
34		3198		83731		1675
35		3213		86122		1640
36		3200		88515		1676
37		3178		90907		1681
38		3161		93300		1648
39		3164		95693		1684
40		3144		98084		1669
41		3160		100478		1666
42		3143		102873		1649
43		3122		105265		1676
44		3135		107659		1644
45		3105		110053		1669
46		3103		112448		1664
47		3088		114841		1642
48		3086		117233		1679
49		3094		119626		1668
50		3082		122020		1648
51		3076		124411		1666
52		3060		126803		1670
53		3030		129195		1672
54		3061		131588		1674
55		3034		133982		1670
56		3033		136372		1657
57		3043		138763		1679
58		3027		141155		1687
59		3018		143546		1654
60		3033		145937		1685
61		2995		148331		1690
62		2990		150725		1654
63		2993		153115		1696
64		3005		155508		1674
65		3008		157899		1659
66		3003		160291		1670
67		2992		162685		1673
68		2982		165077		1667
69		2992		167470		1677
70		2962		169861		1682
71		2968		172253		1661
72		2966		174644		1661
73		2964		177036		1689
74		2955		179428		1644
75		2967		181819		1684
76		2957		184210		1670
77		2969		186604		1651
78		2959		188998		1657
79		2941		191393		1670
80		2937		193784		1651
81		2928		196177		1673
82		2929		198570		1681
83		2938		200964		1674
84		2938		203355		1683
85		2929		205749		1691
86		2905		208142		1643
87		2927		210534		1656
88		2912		212926		1655
89		2895		215319		1645
90		2898		217712		1677
91		2885		220107		1677
92		2909		222500		1646
93		2902		224891		1678
94		2898		227284		1673
95		2906		229679		1650
96		2882		232072		1686
97		2904		234465		1684
98		2888		236858		1665
99		2901		239253		1683
100		2895		241647		1686
101		2883		244041		1674
102		2881		246434		1678
103		2870		248825		1687
104		2869		251216		1652
105		2872		253608		1678
106		2870		256002		1667
107		2874		258396		1662
108		2864		260791		1671
109		2868		263182		1686
110		2860		265573		1666
111		2867		267964		1678
112		2871		270357		1682
113		2854		272746		1655
114		2858		275140		1668
115		2862		277535		1663
116		2835		279926		1649
117		2847		282319		1666
118		2836		284711		1660
119		2826		287104		1659
120		2833		289498		1665
121		2825		291890		1675
122		2823		294283		1669
123		2827		296674		1670
124		2816		299068		1670
125		2820		301463		1666
126		2816		303856		1667
127		2818		306249		1669
128		2822		308642		1659
129		2823		311035		1666
130		2827		313426		1681
131		2804		315820		1651
132		2812		318215		1672
133		2811		320608		1688
134		2807		323003		1655
135		2800		325395		1668
136		2796		327788		1675
137		2793		330180		1659
138		2789		332574		1671
139		2794		334968		1676
140		2819		337362		1664
141		2791		339755		1669
142		2814		342149		1686
143		2793		344543		1648
144		2789		346937		1671
145		2791		349328		1681
146		2788		351723		1659
147		2813		354115		1683
148		2787		356509		1681
149		2785		358904		1682
150		2796		361296		1679
151		2777		363689		1680
152		2791		366083		1657
153		2778		368478		1686
154		2792		370873		1693
155		2781		373267		1669
156		2752		375660		1668
157		2784		378054		1678
158		2763		380446		1659
159		2773		382838		1673
160		2776		385231		1684
161		2776		387622		1660
162		2785		390014		1683
163		2779		392407		1692
164		2771		394800		1675
165		2784		397192		1674
166		2778		399586		1678
167		2777		401979		1661
168		2771		404372		1672
169		2773		406767		1688
170		2786		409160		1673
171		2762		411554		1685
172		2784		413948		1692
173		2781		416341		1668
174		2778		418734		1690
175		2782		421127		1678
176		2781		423520		1667
177		2789		425913		1681
178		2753		428304		1696
179		2766		430697		1681
180		2767		433090		1686
181		2755		435483		1683
182		2777		437877		1683
183		2763		440270		1678
184		2765		442662		1689
185		2769		445056		1680
186		2762		447448		1688
187		2780		449840		1695
188		2753		452234		1687
189		2758		454628		1700
190		2766		457020		1690
191		2747		459411		1678
192		2786		461803		1691
193		2762		464197		1701
194		2758		466586		1685
195		2768		468976		1692
196		2742		471371		1699
197		2768		473766		1694
198		2761		476158		1705
199		2744		478549		1702
200		2768		480941		1692
201		2735		483333		1687
202		2749		485726		1699
203		2744		488116		1683
204		2751		490510		1694
205		2752		492905		1694
206		2733		495300		1689
207		2757		497693		1705
208		2742		500086		1698
209		2751		502480		1696
210		2763		504872		1704
211		2734		507264		1694
212		2753		509658		1684
213		2739		512051		1694
214		2747		514444		1706
215		2752		516837		1679
216		2742		519229		1689
217		2758		521622		1709
218		2742		524017		1690
219		2741		526412		1706
220		2732		528804		1699
221		2716		531195		1677
222		2738		533587		1694
223		2736		535981		1703
224		2738		538372		1693
225		2756		540764		1710
226		2729		543156		1697
227		2756		545550		1695
228		2730		547941		1692
229		2746		550336		1702
230		2747		552728		1681
231		2741		555120		1684
232		2744		557513		1684
233		2733		559906		1695
234		2730		562299		1700
235		2741		564690		1692
236		2727		567084		1683
237		2738		569474		1702
238		2736		571865		1697
239		2731		574260		1687
240		2730		576654		1701
241		2727		579047		1694
242		2738		581441		1690
243		2733		583835		1701
244		2713		586229		1702
245		2726		588618		1684
246		2704		591013		1700
247		2720		593405		1690
248		2715		595799		1692
249		2713		598193		1707
250		2706		600584		1701
251		2704		602978		1689
252		2716		605372		1706
253		2727		607766		1706
254		2711		610161		1697
255		2718		612553		1712
256		2702		614945		1704
257		2716		617338		1695
258		2702		619732		1689
259		2704		622124		1711
260		2702		624515		1682
261		2684		626906		1704
262		2707		629299		1705
263		2696		631692		1683
264		2685		634085		1702
265		2698		636477		1702
266		2677		638869		1680
267		2693		641262		1703
268		2685		643656		1689
269		2687		646050		1692
270		2698		648442		1699
271		2696		650835		1689
272		2701		653227		1682
273		2683		655620		1701
274		2678		658013		1701
275		2696		660408		1680
276		2687		662802		1687
277		2688		665195		1701
278		2686		667585		1684
279		2685		669979		1700
280		2693		672371		1700
281		2672		674764		1683
282		2681		677157		1692
283		2684		679547		1701
284		2680		681939		1684
285		2690		684334		1702
286		2673		686729		1704
287		2683		689121		1692
288		2685		691514		1697
289		2685		693909		1701
290		2698		696300		1690
291		2673		698691		1704
292		2684		701083		1697
293		2685		703475		1687
294		2681		705867		1696
295		2694		708256		1690
296		2680		710648		1682
297		2683		713041		1695
298		2692		715434		1695
299		2684		717826		1680
300		2685		720216		1691
301		2665		722608		1677
302		2670		725000		1661
303		2661		727394		1688
304		2664		729789		1677
305		2678		732183		1665
306		2664		734575		1682
307		2674		736970		1689
308		2665		739359		1661
309		2663		741752		1684
310		2677		744146		1692
311		2668		746539		1683
312		2674		748930		1682
313		2664		751322		1694
314		2678		753715		1683
315		2679		756108		1678
316		2665		758500		1682
317		2685		760895		1676
318		2662		763287		1680
319		2672		765679		1703
320		2673		768072		1680
321		2681		770466		1691
322		2674		772857		1692
323		2670		775249		1671
324		2663		777642		1689
325		2673		780031		1691
326		2654		782424		1676
327		2675		784818		1684
328		2653		787209		1681
329		2667		789601		1679
330		2682		791995		1684
331		2673		794390		1697
332		2678		796783		1690
333		2655		799177		1688
334		2674		801570		1699
335		2661		803964		1684
336		2659		806358		1684
337		2672		808753		1692
338		2674		811145		1667
339		2674		813539		1693
340		2673		815931		1690
341		2664		818323		1689
342		2664		820716		1694
343		2662		823111		1697
344		2660		825504		1676
345		2671		827896		1687
346		2664		830289		1701
347		2649		832683		1688
348		2639		835077		1696
349		2646		837469		1695
350		2655		839861		1685
351		2650		842255		1694
352		2650		844649		1692
353		2656		847043		1690
354		2656		849435		1692
355		2656		851828		1694
356		2646		854222		1689
357		2651		856616		1694
358		2648		859007		1685
359		2658		861400		1684
360		2648		863791		1688
361		2645		866184		1698
362		2657		868574		1688
363		2644		870968		1688
364		2654		873358		1704
365		2642		875753		1684
366		2637		878147		1700
367		2644		880539		1688
368		2633		882933		1687
369		2640		885323		1692
370		2643		887716		1691
371		2624		890110		1679
372		2633		892502		1699
373		2620		894896		1697
374		2622		897290		1687
375		2618		899685		1695
376		2624		902079		1687
377		2630		904473		1682
378		2627		906868		1689
379		2627		909261		1691
380		2632		911654		1676
381		2631		914047		1683
382		2636		916441		1692
383		2638		918835		1670
384		2639		921230		1691
385		2644		923622		1683
386		2628		926015		1670
387		2643		928409		1683
388		2628		930803		1677
389		2627		933194		1681
390		2642		935586		1686
391		2636		937978		1683
392		2632		940373		1684
393		2615		942764		1690
394		2636		945158		1691
395		2635		947550		1675
396		2628		949943		1691
397		2631		952338		1691
398		2625		954733		1675
399		2625		957124		1699
400		2639		959516		1698
401		2624		961909		1678
402		2625		964302		1696
403		2620		966695		1690
404		2616		969088		1685
405		2633		971480		1685
406		2624		973870		1693
407		2639		976263		1675
408		2631		978657		1679
409		2632		981052		1692
410		2631		983445		1687
411		2613		985837		1696
412		2618		988229		1695
413		2613		990620		1691
414		2629		993015		1701
415		2625		995406		1695
416		2623		997798		1687
417		2626		1000189		1698
418		2620		1002580		1689
419		2623		1004974		1690
420		2624		1007367		1700
421		2627		1009759		1693
422		2630		1012152		1692
423		2629		1014543		1692
424		2621		1016937		1690
425		2619		1019331		1678
426		2609		1021723		1696
427		2612		1024114		1694
428		2618		1026507		1679
429		2614		1028898		1698
430		2623		1031291		1696
431		2610		1033682		1685
432		2618		1036077		1709
433		2614		1038470		1707
434		2617		1040863		1687
435		2613		1043256		1689
436		2619		1045650		1698
437		2620		1048044		1687
438		2609		1050436		1699
439		2621		1052829		1701
440		2616		1055223		1694
441		2606		1057615		1700
442		2608		1060009		1715
443		2604		1062402		1691
444		2609		1064796		1700
445		2605		1067188		1699
446		2602		1069580		1693
447		2605		1071973		1702
448		2613		1074366		1696
449		2599		1076759		1686
450		2591		1079151		1696
451		2603		1081544		1695
452		2598		1083936		1685
453		2606		1086326		1705
454		2613		1088721		1698
455		2603		1091111		1679
456		2602		1093504		1701
457		2608		1095898		1701
458		2607		1098290		1681
459		2609		1100682		1695
460		2610		1103075		1686
461		2611		1105468		1685
462		2607		1107863		1694
463		2605		1110257		1689
464		2607		1112652		1691
465		2603		1115044		1684
466		2603		1117437		1687
467		2609		1119830		1683
468		2596		1122223		1682
469		2598		1124615		1688
470		2600		1127009		1673
471		2590		1129402		1691
472		2591		1131794		1688
473		2577		1134187		1668
474		2591		1136581		1689
475		2586		1138974		1681
476		2583		1141365		1688
477		2588		1143760		1694
478		2579		1146155		1683
479		2582		1148549		1684
480		2576		1150943		1684
481		2583		1153337		1678
482		2579		1155731		1673
483		2585		1158124		1689
484		2592		1160518		1693
485		2587		1162913		1675
486		2577		1165308		1692
487		2583		1167702		1680
488		2575		1170094		1671
489		2583		1172485		1690
490		2582		1174879		1690
491		2565		1177273		1677
492		2576		1179666		1695
493		2570		1182060		1683
494		2580		1184453		1692
495		2563		1186848		1687
496		2568		1189237		1690
497		2571		1191631		1682
498		2569		1194023		1688
499		2576		1196417		1693
500		2571		1198810		1679
501		2568		1201203		1688
502		2576		1203594		1692
503		2565		1205987		1682
504		2579		1208380		1701
505		2570		1210773		1686
506		2573		1213167		1688
507		2561		1215558		1695
508		2569		1217952		1681
509		2561		1220346		1687
510		2561		1222736		1693
511		2558		1225130		1694
512		2567		1227524		1686
513		2564		1229916		1689
514		2568		1232308		1703
515		2568		1234699		1685
516		2570		1237090		1701
517		2578		1239484		1692
518		2561		1241878		1682
519		2573		1244273		1700
520		2568		1246667		1684
521		2563		1249062		1677
522		2566		1251454		1699
523		2570		1253848		1687
524		2575		1256243		1686
525		2568		1258636		1689
526		2573		1261030		1693
527		2559		1263422		1685
528		2569		1265816		1699
529		2580		1268209		1708
530		2570		1270601		1693
531		2571		1272994		1696
532		2574		1275386		1708
533		2560		1277781		1683
534		2569		1280175		1702
535		2574		1282569		1690
536		2559		1284960		1675
537		2560		1287354		1691
538		2563		1289746		1693
539		2559		1292136		1691
540		2549		1294528		1692
541		2550		1296922		1700
542		2550		1299317		1692
543		2551		1301709		1703
544		2561		1304104		1699
545		2551		1306495		1682
546		2537		1308888		1693
547		2553		1311279		1697
548		2548		1313673		1676
549		2549		1316064		1694
550		2551		1318457		1693
551		2553		1320849		1682
552		2555		1323243		1693
553		2555		1325637		1688
554		2566		1328031		1687
555		2555		1330422		1694
556		2554		1332815		1693
557		2551		1335207		1685
558		2556		1337599		1681
559		2556		1339993		1691
560		2548		1342388		1689
561		2551		1344780		1693
562		2555		1347175		1691
563		2558		1349567		1675
564		2564		1351960		1690
565		2548		1354351		1682
566		2547		1356746		1676
567		2551		1359139		1683
568		2551		1361530		1684
569		2547		1363924		1681
570		2553		1366319		1683
571		2552		1368712		1682
572		2548		1371107		1681
573		2542		1373500		1680
574		2547		1375892		1686
575		2551		1378285		1666
576		2557		1380673		1680
577		2544		1383064		1681
578		2552		1385458		1676
579		2557		1387851		1676
580		2563		1390245		1683
581		2551		1392637		1669
582		2556		1395028		1687
583		2553		1397420		1675
584		2559		1399811		1679
585		2565		1402201		1675
586		2560		1404594		1678
587		2554		1406985		1675
588		2554		1409378		1677
589		2555		1411773		1682
590		2556		1414166		1680
591		2556		1416559		1682
592		2543		1418952		1687
593		2540		1421346		1673
594		2561		1423740		1690
595		2552		1426134		1681
596		2550		1428528		1677
597		2556		1430921		1683
598		2549		1433315		1682
599		2547		1435710		1687
600		2548		1438101		1683
601		2541		1440495		1683
602		2545		1442889		1687
603		2549		1445284		1687
604		2550		1447676		1695
605		2550		1450066		1681
606		2545		1452459		1691
607		2543		1454854		1683
608		2539		1457248		1673
609		2545		1459641		1682
610		2548		1462034		1677
611		2535		1464426		1669
612		2546		1466821		1679
613		2540		1469214		1673
614		2536		1471609		1683
615		2534		1474003		1692
616		2540		1476395		1683
617		2530		1478786		1684
618		2532		1481180		1692
619		2528		1483573		1696
620		2528		1485967		1685
621		2527		1488360		1685
622		2522		1490753		1689
623		2522		1493143		1678
624		2524		1495537		1691
625		2517		1497930		1688
626		2517		1500323		1680
627		2517		1502717		1688
628		2521		1505112		1683
629		2518		1507506		1680
630		2519		1509897		1683
631		2514		1512292		1683
632		2511		1514684		1683
633		2517		1517079		1677
634		2512		1519472		1690
635		2515		1521866		1681
636		2516		1524260		1686
637		2515		1526649		1688
638		2511		1529043		1681
639		2525		1531438		1695
640		2513		1533832		1694
641		2517		1536226		1684
642		2524		1538618		1695
643		2524		1541013		1683
644		2523		1543404		1689
645		2516		1545796		1693
646		2523		1548187		1693
647		2521		1550581		1688
648		2523		1552975		1700
649		2523		1555370		1698
650		2515		1557763		1693
651		2512		1560154		1686
652		2507		1562548		1687
653		2517		1564943		1672
654		2513		1567337		1689
655		2520		1569729		1689
656		2512		1572120		1675
657		2522		1574510		1687
658		2515		1576904		1684
659		2519		1579295		1684
660		2526		1581687		1690
661		2523		1584079		1685
662		2518		1586474		1691
663		2513		1588869		1686
664		2514		1591262		1688
665		2514		1593655		1683
666		2507		1596048		1689
667		2502		1598441		1691
668		2506		1600833		1686
669		2513		1603228		1692
670		2518		1605622		1702
671		2514		1608015		1689
672		2509		1610407		1698
673		2509		1612800		1685
674		2514		1615195		1696
675		2504		1617585		1695
676		2507		1619979		1680
677		2502		1622372		1687
678		2511		1624766		1691
679		2504		1627159		1692
680		2506		1629553		1693
681		2505		1631947		1687
682		2506		1634339		1695
683		2501		1636731		1684
684		2505		1639125		1696
685		2502		1641517		1692
686		2495		1643910		1689
687		2498		1646303		1695
688		2504		1648696		1693
689		2498		1651089		1692
690		2510		1653482		1699
691		2500		1655875		1685
692		2503		1658269		1692
693		2501		1660664		1690
694		2500		1663058		1694
695		2502		1665447		1688
696		2500		1667839		1686
697		2499		1670234		1689
698		2509		1672629		1687
699		2507		1675023		1688
700		2511		1677417		1687
701		2501		1679810		1679
702		2499		1682204		1696
703		2501		1684598		1686
704		2499		1686992		1686
705		2507		1689386		1684
706		2498		1691775		1687
707		2504		1694168		1685
708		2517		1696560		1694
709		2504		1698955		1689
710		2508		1701349		1690
711		2496		1703743		1678
712		2505		1706132		1688
713		2505		1708525		1676
714		2505		1710920		1693
715		2503		1713311		1688
716		2500		1715701		1681
717		2498		1718095		1692
718		2509		1720486		1690
719		2498		1722880		1684
720		2504		1725270		1692
721		2489		1727661		1678
722		2488		1730051		1687
723		2505		1732445		1689
724		2501		1734838		1684
725		2495		1737232		1682
726		2506		1739624		1681
727		2493		1742014		1682
728		2491		1744407		1678
729		2482		1746800		1687
730		2492		1749193		1693
731		2483		1751587		1671
732		2495		1753980		1698
733		2487		1756374		1687
734		2490		1758769		1687
735		2484		1761164		1687
736		2486		1763558		1686
737		2473		1765951		1681
738		2489		1768344		1690
739		2486		1770738		1685
740		2488		1773131		1688
741		2487		1775524		1680
742		2488		1777918		1694
743		2485		1780312		1674
744		2485		1782706		1691
745		2488		1785100		1688
746		2480		1787491		1679
747		2481		1789885		1685
748		2487		1792278		1698
749		2480		1794670		1685
750		2490		1797062		1693
751		2484		1799451		1677
752		2478		1801846		1687
753		2479		1804236		1681
754		2485		1806626		1687
755		2495		1809021		1676
756		2488		1811413		1680
757		2483		1813807		1686
758		2486		1816199		1683
759		2482		1818593		1693
760		2489		1820987		1689
761		2479		1823380		1668
762		2497		1825773		1687
763		2490		1828164		1675
764		2483		1830553		1681
765		2495		1832948		1677
766		2495		1835341		1676
767		2482		1837733		1676
768		2496		1840126		1681
769		2495		1842520		1677
770		2497		1844913		1684
771		2485		1847306		1680
772		2484		1849700		1689
773		2491		1852094		1674
774		2497		1854486		1692
775		2494		1856878		1683
776		2485		1859272		1682
777		2488		1861664		1683
778		2500		1864057		1686
779		2484		1866449		1680
780		2499		1868841		1697
781		2489		1871235		1685
782		2490		1873626		1695
783		2504		1876018		1677
784		2490		1878412		1695
785		2486		1880806		1680
786		2486		1883199		1681
787		2486		1885591		1675
788		2486		1887985		1677
789		2493		1890379		1693
790		2485		1892773		1698
791		2481		1895167		1667
792		2485		1897560		1691
793		2486		1899952		1686
794		2480		1902345		1690
795		2489		1904737		1678
796		2486		1907131		1678
797		2482		1909522		1687
798		2500		1911916		1676
799		2482		1914310		1677
800		2477		1916703		1686
801		2484		1919098		1679
802		2481		1921493		1687
803		2471		1923885		1666
804		2478		1926280		1687
805		2479		1928675		1679
806		2470		1931069		1674
807		2478		1933461		1678
808		2475		1935856		1677
809		2470		1938251		1672
810		2482		1940642		1682
811		2464		1943036		1664
812		2462		1945429		1679
813		2471		1947823		1667
814		2470		1950218		1673
815		2471		1952609		1669
816		2465		1955003		1681
817		2469		1957396		1677
818		2467		1959790		1676
819		2467		1962183		1686
820		2471		1964578		1687
821		2459		1966971		1675
822		2468		1969364		1691
823		2469		1971756		1678
824		2470		1974151		1677
825		2470		1976544		1683
826		2474		1978937		1678
827		2470		1981330		1673
828		2484		1983721		1682
829		2476		1986115		1684
830		2471		1988506		1686
831		2467		1990899		1681
832		2474		1993291		1687
833		2470		1995685		1670
834		2480		1998076		1692
835		2475		2000470		1688
836		2473		2002864		1682
837		2470		2005259		1696
838		2472		2007652		1690
839		2468		2010046		1684
840		2476		2012439		1690
841		2467		2014833		1684
842		2468		2017227		1690
843		2465		2019618		1692
844		2462		2022010		1697
845		2464		2024404		1685
846		2460		2026797		1694
847		2461		2029187		1692
848		2468		2031578		1679
849		2465		2033971		1686
850		2466		2036364		1692
851		2463		2038757		1682
852		2461		2041148		1699
853		2456		2043543		1677
854		2459		2045933		1688
855		2449		2048326		1692
856		2465		2050719		1690
857		2455		2053112		1685
858		2465		2055504		1690
859		2463		2057898		1691
860		2470		2060293		1692
861		2465		2062687		1688
862		2460		2065081		1696
863		2466		2067472		1679
864		2463		2069866		1704
865		2463		2072260		1692
866		2464		2074655		1688
867		2458		2077048		1697
868		2459		2079439		1688
869		2455		2081834		1680
870		2461		2084224		1696
871		2463		2086616		1686
872		2455		2089010		1689
873		2458		2091405		1690
874		2469		2093798		1697
875		2463		2096191		1688
876		2464		2098584		1697
877		2459		2100978		1695
878		2464		2103373		1692
879		2468		2105764		1695
880		2475		2108158		1695
881		2467		2110552		1689
882		2473		2112945		1697
883		2471		2115339		1689
884		2468		2117730		1694
885		2466		2120122		1697
886		2470		2122516		1689
887		2465		2124908		1689
888		2478		2127302		1697
889		2474		2129697		1691
890		2478		2132091		1691
891		2463		2134484		1694
892		2473		2136878		1704
893		2467		2139268		1686
894		2484		2141660		1700
895		2474		2144053		1694
896		2460		2146446		1688
897		2474		2148841		1696
898		2479		2151234		1689
899		2470		2153628		1691
900		2477		2156023		1699
901		2461		2158417		1692
902		2461		2160809		1687
903		2468		2163202		1686
904		2464		2165594		1696
905		2470		2167986		1689
906		2468		2170377		1691
907		2457		2172771		1693
908		2476		2175163		1688
909		2465		2177557		1696
910		2471		2179949		1698
911		2469		2182341		1690
912		2478		2184732		1703
913		2474		2187126		1687
914		2480		2189520		1692
915		2485		2191914		1702
916		2470		2194309		1696
917		2471		2196703		1684
918		2476		2199098		1690
919		2473		2201489		1688
920		2470		2203881		1679
921		2479		2206273		1686
922		2476		2208668		1682
923		2484		2211061		1672
924		2478		2213455		1691
925		2478		2215847		1684
926		2473		2218241		1683
927		2472		2220632		1691
928		2479		2223024		1687
929		2472		2225418		1693
930		2475		2227812		1700
931		2464		2230205		1687
932		2473		2232597		1689
933		2479		2234992		1699
934		2478		2237387		1700
935		2476		2239781		1689
936		2489		2242175		1692
937		2475		2244570		1694
938		2483		2246964		1685
939		2471		2249359		1709
940		2471		2251754		1692
941		2466		2254148		1678
942		2480		2256541		1704
943		2478		2258935		1686
944		2474		2261329		1696
945		2477		2263721		1701
946		2471		2266114		1690
947		2470		2268508		1687
948		2472		2270899		1697
949		2471		2273293		1699
950		2470		2275686		1692
951		2461		2278081		1696
952		2472		2280476		1703
953		2470		2282868		1679
954		2463		2285261		1706
955		2473		2287655		1694
956		2462		2290049		1690
957		2474		2292443		1696
958		2462		2294835		1689
959		2471		2297230		1698
960		2472		2299624		1708
961		2467		2302015		1702
962		2473		2304408		1701
963		2458		2306801		1708
964		2466		2309194		1705
965		2466		2311588		1700
966		2465		2313982		1712
967		2472		2316372		1707
968		2468		2318766		1698
969		2467		2321158		1706
970		2467		2323552		1702
971		2459		2325947		1692
972		2467		2328341		1702
973		2461		2330734		1686
974		2463		2333128		1692
975		2467		2335520		1699
976		2456		2337912		1699
977		2463		2340306		1688
978		2467		2342699		1702
979		2463		2345094		1699
980		2470		2347486		1698
981		2468		2349880		1700
982		2469		2352274		1697
983		2458		2354664		1687
984		2459		2357057		1708
985		2469		2359449		1698
986		2466		2361843		1694
987		2466		2364235		1702
988		2468		2366629		1699
989		2472		2369023		1694
990		2477		2371416		1704
991		2466		2373810		1687
992		2474		2376202		1687
993		2463		2378596		1691
994		2473		2380989		1695
995		2482		2383381		1696
996		2481		2385776		1696
997		2484		2388171		1694
998		2469		2390564		1683
999		2477		2392957		1697
