# Migration is number of nodes that have changed color.

Round		Edge-Cut		Swaps		Migrations		Skipped
0		2879		2391		480
1		2847		4782		552
2		2838		7173		591
3		2841		9567		617
4		2829		11960		630
5		2816		14354		649
6		2820		16744		665
7		2797		19138		661
8		2772		21529		673
9		2778		23924		674
10		2770		26319		689
11		2779		28710		697
12		2762		31103		691
13		2765		33495		680
14		2750		35888		681
15		2739		38280		682
16		2736		40672		693
17		2728		43063		692
18		2723		45457		688
19		2712		47849		693
20		2704		50241		691
21		2696		52632		696
22		2716		55022		696
23		2704		57409		701
24		2695		59799		705
25		2711		62189		706
26		2686		64580		710
27		2701		66972		707
28		2705		69365		713
29		2692		71758		713
30		2695		74146		720
31		2691		76540		719
32		2686		78931		714
33		2682		81322		708
34		2675		83716		722
35		2663		86105		719
36		2670		88492		723
37		2660		90884		733
38		2651		93276		725
39		2664		95668		740
40		2653		98060		735
41		2659		100449		742
42		2642		102841		746
43		2640		105231		754
44		2631		107622		746
45		2638		110015		746
46		2641		112409		744
47		2635		114800		737
48		2609		117193		740
49		2630		119585		741
50		2604		121976		744
51		2611		124367		742
52		2606		126761		752
53		2607		129156		743
54		2595		131550		740
55		2613		133942		749
56		2608		136336		753
57		2611		138729		745
58		2604		141121		753
59		2610		143512		745
60		2599		145902		747
61		2625		148295		754
62		2615		150686		747
63		2602		153075		754
64		2602		155463		750
65		2595		157856		753
66		2587		160246		759
67		2606		162639		763
68		2593		165031		766
69		2596		167423		766
70		2587		169816		770
71		2596		172209		768
72		2588		174601		765
73		2594		176992		765
74		2577		179385		771
75		2589		181779		768
76		2582		184170		766
77		2592		186562		775
78		2580		188952		773
79		2593		191341		780
80		2575		193731		771
81		2575		196122		780
82		2576		198516		779
83		2571		200909		781
84		2565		203303		777
85		2562		205693		782
86		2561		208084		775
87		2569		210474		775
88		2556		212868		778
89		2558		215262		778
90		2565		217653		784
91		2565		220044		788
92		2548		222438		783
93		2564		224829		794
94		2566		227222		791
95		2552		229616		791
96		2550		232011		795
97		2568		234402		790
98		2546		236795		800
99		2556		239187		803
100		2537		241579		804
101		2543		243971		798
102		2535		246365		802
103		2551		248758		797
104		2535		251151		795
105		2551		253544		811
106		2546		255938		812
107		2553		258330		817
108		2536		260723		802
109		2556		263116		812
110		2539		265509		806
111		2549		267900		814
112		2539		270291		805
113		2545		272685		808
114		2537		275079		811
115		2552		277473		814
116		2529		279865		809
117		2554		282257		810
118		2535		284651		817
119		2543		287043		808
120		2528		289435		809
121		2547		291830		808
122		2527		294224		804
123		2545		296614		807
124		2523		299000		802
125		2543		301392		816
126		2542		303783		813
127		2548		306176		821
128		2531		308569		815
129		2542		310964		816
130		2526		313358		815
131		2545		315749		823
132		2534		318139		819
133		2538		320531		820
134		2538		322923		818
135		2550		325316		824
136		2534		327708		816
137		2534		330098		820
138		2526		332492		817
139		2535		334887		819
140		2521		337280		824
141		2536		339675		823
142		2535		342068		822
143		2523		344461		821
144		2531		346854		831
145		2532		349248		830
146		2526		351642		832
147		2543		354034		839
148		2524		356428		831
149		2531		358821		833
150		2531		361211		823
151		2531		363602		819
152		2524		365995		826
153		2527		368389		826
154		2515		370783		817
155		2517		373174		816
156		2512		375566		827
157		2519		377959		822
158		2512		380351		821
159		2521		382745		820
160		2507		385139		821
161		2516		387532		820
162		2508		389923		822
163		2506		392316		820
164		2502		394709		819
165		2504		397104		817
166		2495		399497		816
167		2506		401890		822
168		2493		404283		818
169		2494		406673		822
170		2493		409068		825
171		2490		411462		823
172		2491		413853		828
173		2488		416245		820
174		2479		418640		826
175		2488		421033		823
176		2473		423427		824
177		2487		425820		828
178		2481		428210		826
179		2477		430605		825
180		2478		432996		837
181		2478		435387		831
182		2468		437780		826
183		2468		440173		831
184		2475		442567		824
185		2466		444961		832
186		2460		447354		835
187		2473		449747		835
188		2465		452139		835
189		2470		454530		839
190		2470		456924		841
191		2478		459319		840
192		2472		461712		842
193		2469		464107		841
194		2463		466501		835
195		2467		468893		842
196		2470		471287		841
197		2480		473679		842
198		2462		476074		838
199		2475		478466		827
200		2466		480859		834
201		2472		483251		834
202		2481		485645		834
203		2472		488040		838
204		2469		490433		835
205		2474		492827		835
206		2470		495220		842
207		2482		497615		831
208		2469		500010		835
209		2477		502403		821
210		2467		504793		834
211		2468		507187		829
212		2461		509577		833
213		2464		511969		831
214		2457		514363		829
215		2458		516755		833
216		2455		519148		838
217		2467		521543		834
218		2453		523936		840
219		2464		526330		835
220		2455		528723		841
221		2459		531115		836
222		2463		533509		837
223		2463		535900		837
224		2455		538292		841
225		2467		540683		844
226		2466		543072		843
227		2473		545466		845
228		2467		547858		841
229		2455		550252		833
230		2452		552645		838
231		2455		555037		840
232		2454		557427		843
233		2460		559818		844
234		2451		562209		841
235		2457		564602		838
236		2452		566991		849
237		2463		569382		846
238		2453		571773		844
239		2459		574166		838
240		2460		576557		847
241		2454		578950		847
242		2449		581341		844
243		2459		583735		847
244		2454		586129		845
245		2458		588523		855
246		2461		590916		853
247		2464		593311		857
248		2457		595698		856
249		2459		598088		845
250		2463		600480		847
251		2468		602871		851
252		2452		605266		852
253		2453		607659		853
254		2455		610052		852
255		2457		612445		852
256		2454		614837		852
257		2451		617229		850
258		2459		619618		847
259		2451		622013		850
260		2458		624407		856
261		2455		626800		861
262		2460		629195		852
263		2457		631587		851
264		2451		633978		850
265		2457		636371		861
266		2459		638762		861
267		2464		641157		861
268		2457		643550		861
269		2462		645941		861
270		2458		648335		869
271		2460		650729		861
272		2452		653121		864
273		2458		655511		867
274		2449		657902		863
275		2446		660295		862
276		2447		662687		867
277		2451		665081		863
278		2445		667475		864
279		2448		669866		867
280		2444		672259		866
281		2443		674654		864
282		2449		677048		863
283		2447		679442		864
284		2444		681836		857
285		2449		684229		863
286		2447		686624		864
287		2443		689016		870
288		2441		691410		867
289		2443		693801		866
290		2437		696194		869
291		2444		698585		869
292		2444		700978		874
293		2446		703370		879
294		2444		705764		874
295		2444		708158		884
296		2441		710552		881
297		2447		712945		882
298		2446		715337		877
299		2454		717732		875
300		2443		720123		880
301		2445		722515		880
302		2443		724909		873
303		2442		727304		875
304		2435		729698		878
305		2440		732089		876
306		2440		734480		874
307		2443		736872		875
308		2442		739265		882
309		2444		741658		874
310		2439		744052		885
311		2438		746443		883
312		2441		748836		879
313		2440		751229		881
314		2443		753622		882
315		2434		756016		880
316		2431		758410		883
317		2430		760804		877
318		2439		763198		880
319		2432		765591		879
320		2437		767985		889
321		2437		770378		886
322		2433		772769		886
323		2437		775161		890
324		2439		777553		888
325		2439		779948		887
326		2437		782338		885
327		2433		784730		889
328		2436		787125		890
329		2432		789518		890
330		2445		791908		898
331		2436		794302		897
332		2438		796696		897
333		2443		799090		893
334		2439		801484		895
335		2436		803877		899
336		2437		806270		897
337		2433		808664		899
338		2435		811057		901
339		2437		813450		897
340		2432		815843		903
341		2442		818236		899
342		2435		820629		895
343		2432		823022		897
344		2428		825413		898
345		2433		827807		900
346		2429		830200		904
347		2434		832593		903
348		2428		834984		904
349		2420		837378		900
350		2425		839769		898
351		2419		842164		899
352		2421		844555		903
353		2424		846948		910
354		2418		849340		902
355		2410		851731		903
356		2405		854125		901
357		2420		856518		903
358		2407		858912		900
359		2416		861304		900
360		2417		863696		909
361		2419		866088		904
362		2413		868476		902
363		2422		870869		905
364		2407		873262		900
365		2407		875654		904
366		2409		878047		898
367		2407		880440		904
368		2407		882835		902
369		2410		885229		905
370		2407		887619		905
371		2409		890012		906
372		2410		892406		901
373		2404		894796		907
374		2403		897188		897
375		2406		899582		903
376		2400		901974		904
377		2408		904366		900
378		2409		906760		902
379		2403		909153		901
380		2410		911548		902
381		2406		913941		904
382		2403		916335		907
383		2409		918729		907
384		2405		921118		906
385		2401		923511		906
386		2401		925904		903
387		2403		928294		903
388		2402		930686		910
389		2402		933081		903
390		2405		935476		905
391		2401		937869		906
392		2402		940262		910
393		2405		942654		909
394		2396		945047		906
395		2397		947441		905
396		2402		949834		908
397		2394		952227		911
398		2401		954618		905
399		2399		957012		905
400		2396		959404		905
401		2419		961796		908
402		2404		964188		910
403		2410		966581		912
404		2426		968975		917
405		2422		971367		916
406		2411		973760		911
407		2413		976155		907
408		2425		978547		912
409		2407		980938		905
410		2410		983328		910
411		2421		985720		912
412		2420		988115		915
413		2409		990510		912
414		2421		992905		908
415		2411		995298		912
416		2419		997691		910
417		2421		1000086		917
418		2416		1002479		910
419		2412		1004871		905
420		2421		1007265		913
421		2414		1009659		915
422		2412		1012054		913
423		2413		1014448		915
424		2416		1016838		911
425		2405		1019232		912
426		2406		1021624		909
427		2403		1024016		913
428		2406		1026409		916
429		2406		1028803		914
430		2400		1031195		919
431		2403		1033587		920
432		2409		1035981		924
433		2404		1038373		917
434		2397		1040765		911
435		2407		1043155		920
436		2406		1045548		919
437		2408		1047940		922
438		2415		1050330		928
439		2408		1052724		916
440		2413		1055119		921
441		2414		1057511		924
442		2406		1059903		920
443		2408		1062296		918
444		2403		1064687		918
445		2408		1067080		921
446		2407		1069472		920
447		2407		1071865		922
448		2408		1074254		917
449		2406		1076646		920
450		2409		1079039		923
451		2410		1081432		922
452		2403		1083827		921
453		2406		1086218		924
454		2404		1088610		921
455		2401		1091005		921
456		2408		1093395		918
457		2399		1095790		916
458		2403		1098184		925
459		2391		1100578		921
460		2399		1102969		922
461		2394		1105363		922
462		2400		1107755		917
463		2403		1110149		919
464		2394		1112541		919
465		2397		1114932		920
466		2395		1117324		924
467		2392		1119717		914
468		2401		1122107		917
469		2388		1124499		920
470		2386		1126893		919
471		2398		1129286		924
472		2388		1131680		923
473		2395		1134074		926
474		2395		1136466		921
475		2393		1138861		924
476		2398		1141253		926
477		2396		1143646		926
478		2401		1146037		922
479		2395		1148427		924
480		2396		1150820		919
481		2401		1153213		924
482		2393		1155604		929
483		2404		1157998		925
484		2393		1160390		924
485		2394		1162781		924
486		2396		1165174		927
487		2393		1167567		919
488		2398		1169960		926
489		2398		1172354		927
490		2400		1174747		925
491		2401		1177140		921
492		2395		1179529		922
493		2403		1181924		924
494		2393		1184317		927
495		2393		1186709		921
496		2390		1189102		930
497		2387		1191496		929
498		2396		1193889		925
499		2383		1196283		929
500		2382		1198677		928
501		2387		1201072		927
502		2377		1203466		923
503		2385		1205859		924
504		2383		1208251		926
505		2382		1210644		920
506		2384		1213036		930
507		2382		1215430		922
508		2392		1217824		926
509		2382		1220216		925
510		2383		1222607		923
511		2385		1224998		928
512		2378		1227392		930
513		2389		1229785		924
514		2385		1232179		928
515		2381		1234571		927
516		2388		1236964		927
517		2379		1239359		927
518		2385		1241752		923
519		2380		1244146		924
520		2388		1246541		927
521		2390		1248935		935
522		2382		1251328		931
523		2389		1253722		929
524		2381		1256111		930
525		2384		1258505		930
526		2391		1260895		931
527		2383		1263287		927
528		2390		1265680		927
529		2383		1268072		924
530		2380		1270466		929
531		2389		1272861		930
532		2376		1275252		931
533		2382		1277646		928
534		2378		1280039		927
535		2379		1282433		923
536		2376		1284828		929
537		2375		1287220		924
538		2380		1289612		926
539		2370		1292007		922
540		2378		1294400		920
541		2378		1296793		927
542		2372		1299187		923
543		2378		1301581		926
544		2378		1303974		925
545		2376		1306366		928
546		2386		1308759		930
547		2379		1311152		928
548		2380		1313547		925
549		2376		1315940		921
550		2377		1318332		927
551		2378		1320726		931
552		2373		1323121		929
553		2377		1325511		929
554		2371		1327906		927
555		2376		1330296		926
556		2379		1332691		929
557		2373		1335084		935
558		2381		1337477		931
559		2377		1339871		928
560		2372		1342262		926
561		2382		1344655		927
562		2373		1347050		929
563		2383		1349440		926
564		2376		1351834		930
565		2375		1354226		928
566		2377		1356619		933
567		2376		1359013		931
568		2379		1361407		932
569		2373		1363802		929
570		2381		1366197		931
571		2384		1368592		932
572		2369		1370986		935
573		2378		1373380		929
574		2372		1375774		926
575		2372		1378166		926
576		2381		1380561		928
577		2371		1382954		928
578		2375		1385348		925
579		2373		1387742		929
580		2366		1390134		928
581		2374		1392527		928
582		2372		1394921		927
583		2375		1397315		929
584		2366		1399709		930
585		2369		1402103		927
586		2371		1404497		930
587		2369		1406892		929
588		2378		1409284		926
589		2369		1411678		929
590		2370		1414068		926
591		2378		1416463		925
592		2369		1418857		927
593		2375		1421250		929
594		2372		1423643		925
595		2364		1426034		927
596		2364		1428428		926
597		2362		1430823		926
598		2373		1433217		925
599		2367		1435612		928
600		2367		1438005		924
601		2367		1440399		930
602		2361		1442791		928
603		2371		1445184		929
604		2361		1447576		925
605		2364		1449971		924
606		2368		1452364		929
607		2369		1454758		926
608		2369		1457152		926
609		2365		1459546		927
610		2368		1461940		926
611		2370		1464334		929
612		2368		1466727		929
613		2376		1469121		927
614		2362		1471514		926
615		2366		1473906		926
616		2365		1476301		926
617		2359		1478694		924
618		2365		1481089		923
619		2363		1483482		922
620		2362		1485874		924
621		2368		1488266		924
622		2362		1490657		928
623		2368		1493050		925
624		2360		1495441		926
625		2364		1497835		929
626		2364		1500226		929
627		2358		1502619		924
628		2358		1505013		925
629		2356		1507403		926
630		2356		1509794		927
631		2358		1512188		925
632		2353		1514581		926
633		2362		1516975		921
634		2356		1519367		923
635		2355		1521760		925
636		2356		1524154		925
637		2357		1526549		927
638		2355		1528943		927
639		2353		1531333		924
640		2354		1533727		928
641		2355		1536122		927
642		2354		1538515		925
643		2360		1540909		925
644		2347		1543303		926
645		2357		1545697		924
646		2356		1548090		928
647		2353		1550482		927
648		2357		1552876		922
649		2355		1555271		924
650		2351		1557662		925
651		2355		1560057		927
652		2351		1562451		925
653		2354		1564843		927
654		2351		1567236		922
655		2353		1569631		926
656		2351		1572024		930
657		2353		1574418		926
658		2357		1576812		929
659		2358		1579205		927
660		2356		1581599		927
661		2360		1583992		931
662		2348		1586386		929
663		2357		1588780		928
664		2352		1591172		930
665		2358		1593566		935
666		2360		1595961		933
667		2356		1598355		931
668		2352		1600749		936
669		2359		1603143		930
670		2358		1605535		935
671		2360		1607926		942
672		2358		1610318		939
673		2357		1612709		939
674		2347		1615104		942
675		2359		1617494		940
676		2358		1619885		945
677		2354		1622279		943
678		2357		1624673		942
679		2358		1627067		940
680		2352		1629460		942
681		2365		1631851		946
682		2356		1634245		944
683		2362		1636639		944
684		2363		1639030		943
685		2365		1641422		945
686		2360		1643815		947
687		2361		1646209		945
688		2361		1648603		945
689		2359		1650996		946
690		2360		1653385		947
691		2359		1655779		948
692		2354		1658171		947
693		2368		1660563		947
694		2360		1662956		948
695		2357		1665350		950
696		2361		1667745		944
697		2368		1670138		950
698		2356		1672532		942
699		2363		1674927		943
700		2364		1677322		948
701		2364		1679714		948
702		2366		1682105		943
703		2369		1684498		946
704		2356		1686890		947
705		2360		1689285		944
706		2364		1691675		947
707		2363		1694070		948
708		2369		1696464		944
709		2366		1698858		951
710		2358		1701252		948
711		2366		1703644		949
712		2359		1706037		947
713		2359		1708431		952
714		2356		1710825		952
715		2366		1713215		953
716		2355		1715606		957
717		2365		1717998		951
718		2360		1720390		950
719		2356		1722785		952
720		2356		1725178		952
721		2364		1727571		951
722		2353		1729963		950
723		2361		1732357		946
724		2356		1734749		949
725		2352		1737142		949
726		2355		1739536		951
727		2364		1741928		949
728		2351		1744323		950
729		2360		1746716		947
730		2355		1749110		950
731		2359		1751502		951
732		2360		1753895		951
733		2365		1756288		950
734		2351		1758680		948
735		2360		1761073		946
736		2363		1763466		949
737		2365		1765861		946
738		2361		1768255		947
739		2360		1770647		946
740		2351		1773042		948
741		2360		1775434		948
742		2357		1777829		947
743		2357		1780224		947
744		2357		1782619		944
745		2360		1785013		948
746		2352		1787407		951
747		2359		1789800		948
748		2360		1792194		954
749		2358		1794585		947
750		2361		1796979		948
751		2367		1799370		952
752		2359		1801764		951
753		2376		1804157		954
754		2363		1806549		955
755		2369		1808942		956
756		2367		1811334		957
757		2378		1813727		952
758		2361		1816120		954
759		2364		1818514		950
760		2358		1820909		953
761		2364		1823299		952
762		2361		1825693		948
763		2368		1828088		954
764		2355		1830479		949
765		2366		1832872		951
766		2359		1835267		952
767		2366		1837660		951
768		2358		1840053		951
769		2365		1842446		952
770		2358		1844837		954
771		2370		1847231		953
772		2360		1849625		953
773		2363		1852019		956
774		2358		1854408		952
775		2364		1856801		958
776		2358		1859194		956
777		2362		1861587		954
778		2361		1863979		956
779		2361		1866372		950
780		2362		1868765		956
781		2365		1871160		956
782		2363		1873555		956
783		2365		1875949		954
784		2362		1878344		953
785		2370		1880738		958
786		2363		1883132		956
787		2366		1885526		956
788		2357		1887918		956
789		2368		1890312		957
790		2363		1892705		955
791		2367		1895099		958
792		2365		1897492		953
793		2368		1899885		955
794		2358		1902280		953
795		2363		1904673		952
796		2363		1907068		960
797		2366		1909461		958
798		2363		1911855		955
799		2364		1914250		956
800		2356		1916643		956
801		2380		1919036		962
802		2382		1921428		971
803		2385		1923821		970
804		2376		1926214		967
805		2384		1928609		970
806		2391		1931003		980
807		2393		1933396		984
808		2385		1935788		989
809		2391		1938178		979
810		2389		1940572		975
811		2395		1942964		984
812		2382		1945357		977
813		2387		1947749		984
814		2378		1950142		983
815		2380		1952534		986
816		2383		1954927		987
817		2388		1957318		980
818		2380		1959708		983
819		2391		1962102		981
820		2384		1964497		985
821		2387		1966891		981
822		2383		1969283		981
823		2377		1971676		979
824		2368		1974070		972
825		2372		1976464		974
826		2363		1978858		976
827		2376		1981253		977
828		2373		1983646		980
829		2373		1986036		979
830		2369		1988429		975
831		2375		1990819		974
832		2371		1993213		979
833		2374		1995607		978
834		2373		1998000		974
835		2382		2000392		984
836		2379		2002784		991
837		2391		2005175		990
838		2381		2007566		992
839		2383		2009958		991
840		2381		2012353		986
841		2387		2014745		989
842		2383		2017138		990
843		2382		2019531		988
844		2381		2021926		982
845		2377		2024319		993
846		2374		2026713		992
847		2383		2029105		987
848		2371		2031498		989
849		2378		2033892		991
850		2377		2036287		997
851		2378		2038680		991
852		2380		2041068		986
853		2377		2043462		987
854		2372		2045855		987
855		2383		2048248		992
856		2376		2050642		987
857		2378		2053035		990
858		2378		2055427		985
859		2382		2057819		981
860		2382		2060212		987
861		2380		2062606		983
862		2383		2064996		987
863		2377		2067390		984
864		2366		2069785		986
865		2370		2072176		995
866		2360		2074569		990
867		2375		2076961		991
868		2365		2079356		992
869		2370		2081749		989
870		2365		2084144		985
871		2376		2086538		986
872		2369		2088933		991
873		2373		2091326		996
874		2362		2093720		994
875		2369		2096113		993
876		2365		2098503		995
877		2369		2100895		989
878		2361		2103288		991
879		2370		2105679		992
880		2363		2108072		994
881		2370		2110465		992
882		2371		2112858		997
883		2372		2115252		991
884		2370		2117645		993
885		2376		2120038		1000
886		2371		2122430		997
887		2381		2124822		999
888		2369		2127216		993
889		2379		2129609		994
890		2370		2132002		997
891		2371		2134391		989
892		2374		2136783		992
893		2371		2139176		998
894		2373		2141570		989
895		2374		2143962		989
896		2364		2146355		995
897		2375		2148748		993
898		2367		2151143		988
899		2370		2153536		989
900		2367		2155929		990
901		2372		2158320		990
902		2373		2160712		994
903		2373		2163103		990
904		2371		2165495		991
905		2371		2167889		990
906		2365		2170282		986
907		2384		2172674		992
908		2363		2175067		993
909		2374		2177459		992
910		2376		2179853		995
911		2370		2182245		995
912		2367		2184640		986
913		2370		2187034		991
914		2365		2189428		991
915		2377		2191822		997
916		2368		2194217		994
917		2374		2196610		987
918		2369		2199003		991
919		2383		2201395		990
920		2378		2203789		1002
921		2383		2206183		999
922		2385		2208576		996
923		2383		2210970		1004
924		2381		2213362		999
925		2382		2215755		1001
926		2379		2218150		997
927		2391		2220542		1001
928		2378		2222937		1007
929		2387		2225331		1004
930		2379		2227726		999
931		2371		2230119		995
932		2376		2232512		1000
933		2378		2234904		1000
934		2369		2237297		998
935		2377		2239687		999
936		2373		2242079		1000
937		2373		2244472		996
938		2373		2246865		998
939		2375		2249256		995
940		2368		2251647		1001
941		2375		2254041		995
942		2376		2256435		1004
943		2378		2258829		997
944		2364		2261223		993
945		2374		2263617		999
946		2369		2266010		998
947		2373		2268403		995
948		2370		2270797		995
949		2371		2273190		995
950		2372		2275582		994
951		2367		2277977		997
952		2375		2280370		999
953		2369		2282764		999
954		2371		2285156		997
955		2374		2287548		996
956		2370		2289939		997
957		2376		2292332		994
958		2371		2294727		993
959		2370		2297119		997
960		2369		2299512		993
961		2369		2301905		999
962		2374		2304298		1000
963		2371		2306690		1001
964		2367		2309083		995
965		2369		2311476		999
966		2371		2313869		997
967		2370		2316262		998
968		2371		2318655		997
969		2368		2321050		998
970		2370		2323443		1000
971		2370		2325837		998
972		2370		2328230		999
973		2367		2330623		993
974		2354		2333013		995
975		2366		2335405		1001
976		2363		2337799		999
977		2359		2340190		994
978		2361		2342585		996
979		2363		2344979		999
980		2367		2347370		1002
981		2364		2349764		1001
982		2365		2352158		994
983		2363		2354551		996
984		2362		2356943		997
985		2366		2359338		994
986		2360		2361733		999
987		2359		2364125		994
988		2358		2366518		998
989		2360		2368913		993
990		2367		2371307		997
991		2362		2373701		997
992		2361		2376095		993
993		2356		2378489		995
994		2352		2380881		989
995		2362		2383274		1000
996		2356		2385667		996
997		2359		2388057		995
998		2358		2390451		995
999		2356		2392846		995
