# Migration is number of nodes that have changed color.

Round		Edge-Cut		Swaps		Migrations		Skipped
0		2869		2391		470
1		2829		4779		527
2		2807		7170		571
3		2830		9560		601
4		2814		11950		601
5		2828		14344		619
6		2814		16739		641
7		2825		19132		647
8		2803		21525		662
9		2784		23915		681
10		2759		26305		679
11		2741		28697		677
12		2741		31091		695
13		2740		33481		704
14		2719		35876		707
15		2733		38264		711
16		2718		40658		727
17		2725		43050		722
18		2727		45443		736
19		2712		47834		720
20		2711		50224		740
21		2726		52617		741
22		2699		55010		742
23		2716		57402		731
24		2701		59794		736
25		2689		62186		737
26		2681		64580		737
27		2687		66971		747
28		2675		69364		744
29		2682		71756		750
30		2676		74148		760
31		2677		76542		747
32		2668		78936		756
33		2670		81330		764
34		2663		83724		769
35		2673		86112		777
36		2659		88504		771
37		2644		90894		768
38		2647		93287		792
39		2659		95679		782
40		2652		98072		782
41		2635		100462		785
42		2643		102855		777
43		2637		105248		780
44		2643		107638		787
45		2647		110031		796
46		2654		112423		788
47		2642		114816		783
48		2631		117206		781
49		2626		119598		787
50		2639		121988		782
51		2622		124381		783
52		2623		126771		792
53		2613		129166		786
54		2626		131559		795
55		2627		133950		797
56		2617		136343		808
57		2608		138734		802
58		2626		141127		799
59		2622		143521		801
60		2619		145913		801
61		2617		148304		808
62		2622		150695		801
63		2618		153089		805
64		2612		155481		796
65		2615		157872		812
66		2610		160263		801
67		2607		162651		809
68		2605		165042		812
69		2600		167433		816
70		2602		169822		821
71		2601		172216		817
72		2600		174611		827
73		2602		177002		823
74		2592		179396		826
75		2585		181789		808
76		2594		184183		821
77		2590		186577		822
78		2592		188970		826
79		2591		191360		828
80		2579		193755		823
81		2581		196149		828
82		2583		198543		828
83		2585		200933		825
84		2570		203326		830
85		2564		205721		820
86		2578		208114		822
87		2568		210507		821
88		2562		212900		815
89		2564		215292		829
90		2567		217686		820
91		2568		220080		831
92		2565		222472		823
93		2572		224866		843
94		2569		227256		832
95		2555		229647		839
96		2569		232040		840
97		2563		234433		843
98		2568		236825		841
99		2565		239217		843
100		2558		241610		834
101		2556		244003		835
102		2551		246395		848
103		2545		248787		845
104		2562		251181		846
105		2547		253576		841
106		2544		255969		852
107		2540		258363		855
108		2561		260755		844
109		2535		263150		851
110		2547		265541		856
111		2537		267935		850
112		2537		270328		858
113		2544		272722		852
114		2534		275117		850
115		2535		277511		851
116		2531		279905		847
117		2529		282300		855
118		2527		284691		864
119		2531		287085		864
120		2526		289477		860
121		2521		291870		867
122		2527		294259		861
123		2517		296652		857
124		2515		299041		860
125		2507		301435		864
126		2519		303829		868
127		2515		306221		873
128		2516		308614		873
129		2511		311006		875
130		2512		313399		873
131		2505		315791		875
132		2506		318185		880
133		2508		320577		881
134		2517		322968		890
135		2513		325362		881
136		2515		327754		886
137		2499		330142		885
138		2496		332536		879
139		2496		334929		880
140		2499		337321		881
141		2494		339713		877
142		2504		342107		882
143		2497		344501		882
144		2486		346892		881
145		2486		349287		880
146		2499		351679		885
147		2490		354072		887
148		2492		356466		878
149		2488		358859		885
150		2487		361254		885
151		2489		363647		882
152		2485		366039		889
153		2480		368431		880
154		2484		370824		888
155		2474		373219		881
156		2484		375613		887
157		2483		378006		883
158		2487		380398		883
159		2483		382791		886
160		2484		385186		883
161		2478		387575		882
162		2485		389968		887
163		2483		392363		885
164		2481		394756		882
165		2474		397151		886
166		2473		399543		890
167		2470		401937		890
168		2483		404330		890
169		2477		406722		896
170		2469		409112		893
171		2472		411506		896
172		2474		413900		897
173		2467		416294		896
174		2470		418689		895
175		2461		421082		897
176		2466		423477		891
177		2461		425871		896
178		2474		428264		897
179		2462		430656		891
180		2468		433049		895
181		2455		435444		902
182		2467		437838		899
183		2454		440229		901
184		2462		442622		905
185		2453		445014		899
186		2465		447409		898
187		2455		449802		908
188		2466		452195		906
189		2461		454586		904
190		2468		456979		906
191		2455		459372		902
192		2456		461766		911
193		2449		464160		908
194		2453		466552		908
195		2449		468944		904
196		2453		471335		905
197		2438		473727		908
198		2442		476120		902
199		2436		478512		910
200		2447		480904		911
201		2436		483297		907
202		2442		485690		912
203		2435		488084		913
204		2455		490477		912
205		2449		492872		912
206		2439		495263		914
207		2430		497655		914
208		2445		500047		915
209		2432		502440		913
210		2440		504831		915
211		2430		507221		917
212		2441		509614		919
213		2435		512006		916
214		2433		514400		914
215		2427		516790		919
216		2436		519185		916
217		2424		521579		922
218		2426		523970		915
219		2430		526361		918
220		2440		528753		924
221		2419		531146		922
222		2429		533541		931
223		2416		535935		933
224		2415		538327		929
225		2426		540720		933
226		2423		543114		934
227		2425		545506		930
228		2429		547899		928
229		2426		550290		929
230		2431		552684		930
231		2421		555077		931
232		2436		557471		929
233		2422		559863		932
234		2431		562256		928
235		2429		564651		935
236		2424		567042		931
237		2427		569435		929
238		2423		571828		927
239		2419		574223		929
240		2432		576616		927
241		2416		579009		933
242		2427		581403		930
243		2414		583794		932
244		2418		586183		929
245		2413		588576		932
246		2413		590969		928
247		2411		593363		929
248		2417		595755		934
249		2408		598147		931
250		2422		600541		934
251		2410		602934		932
252		2428		605328		939
253		2420		607721		939
254		2425		610114		937
255		2419		612508		943
256		2413		614900		936
257		2417		617293		943
258		2416		619687		941
259		2409		622081		939
260		2428		624474		946
261		2410		626869		944
262		2427		629260		945
263		2411		631653		952
264		2414		634045		944
265		2416		636438		948
266		2409		638831		948
267		2414		641225		946
268		2413		643618		949
269		2406		646011		947
270		2423		648404		945
271		2404		650797		941
272		2425		653191		948
273		2413		655583		950
274		2412		657977		949
275		2409		660372		949
276		2413		662766		949
277		2417		665160		948
278		2419		667552		950
279		2413		669942		961
280		2429		672335		959
281		2416		674727		956
282		2425		677119		957
283		2415		679512		962
284		2416		681904		958
285		2411		684294		958
286		2406		686688		954
287		2406		689082		955
288		2409		691474		958
289		2400		693868		956
290		2412		696260		961
291		2393		698654		956
292		2410		701047		952
293		2408		703440		954
294		2404		705831		951
295		2401		708226		955
296		2396		710618		949
297		2400		713012		950
298		2409		715407		952
299		2403		717802		952
300		2408		720193		957
301		2403		722587		956
302		2408		724978		953
303		2389		727371		958
304		2395		729765		954
305		2401		732159		957
306		2397		734552		954
307		2400		736945		964
308		2398		739338		960
309		2389		741729		958
310		2399		744122		957
311		2386		746515		956
312		2394		748909		956
313		2389		751302		954
314		2394		753694		961
315		2390		756087		959
316		2388		758479		954
317		2389		760873		966
318		2396		763266		965
319		2383		765658		958
320		2394		768052		961
321		2383		770446		957
322		2398		772837		958
323		2391		775228		965
324		2393		777618		956
325		2386		780013		960
326		2387		782407		961
327		2384		784802		964
328		2387		787194		965
329		2389		789586		962
330		2393		791977		963
331		2388		794371		965
332		2402		796764		965
333		2385		799156		960
334		2402		801549		966
335		2389		803942		964
336		2388		806336		961
337		2394		808729		968
338		2393		811121		964
339		2393		813515		966
340		2392		815909		963
341		2381		818303		965
342		2386		820695		961
343		2379		823087		965
344		2393		825476		961
345		2383		827871		968
346		2382		830265		961
347		2383		832658		966
348		2387		835052		964
349		2383		837444		964
350		2392		839839		964
351		2379		842234		963
352		2393		844625		968
353		2378		847018		966
354		2387		849412		966
355		2384		851805		965
356		2376		854198		962
357		2389		856589		964
358		2397		858982		962
359		2397		861376		966
360		2404		863769		969
361		2394		866163		965
362		2404		868554		966
363		2398		870948		967
364		2397		873340		963
365		2384		875733		965
366		2388		878123		961
367		2393		880513		966
368		2390		882905		961
369		2378		885299		958
370		2393		887692		958
371		2379		890086		955
372		2396		892479		959
373		2383		894872		960
374		2384		897265		958
375		2384		899657		956
376		2383		902051		957
377		2381		904446		955
378		2386		906839		956
379		2383		909232		956
380		2392		911625		959
381		2380		914018		948
382		2390		916410		958
383		2379		918803		957
384		2386		921195		957
385		2385		923589		958
386		2379		925981		950
387		2391		928376		954
388		2386		930770		953
389		2383		933164		959
390		2392		935554		954
391		2377		937948		953
392		2397		940341		965
393		2385		942733		960
394		2385		945126		954
395		2384		947519		959
396		2385		949913		959
397		2386		952305		952
398		2383		954700		959
399		2380		957094		954
400		2388		959487		963
401		2383		961880		960
402		2389		964272		958
403		2384		966664		954
404		2394		969058		958
405		2389		971453		964
406		2377		973847		951
407		2387		976242		963
408		2384		978636		953
409		2384		981030		956
410		2392		983423		956
411		2382		985815		958
412		2386		988208		954
413		2376		990602		956
414		2389		992991		958
415		2388		995384		962
416		2374		997778		952
417		2387		1000173		957
418		2385		1002566		958
419		2381		1004956		960
420		2383		1007350		957
421		2370		1009742		960
422		2384		1012133		955
423		2374		1014526		957
424		2379		1016920		961
425		2376		1019314		956
426		2371		1021707		959
427		2387		1024099		960
428		2377		1026492		958
429		2383		1028884		963
430		2389		1031279		966
431		2367		1033673		964
432		2388		1036068		968
433		2367		1038462		961
434		2373		1040856		957
435		2374		1043250		963
436		2364		1045644		963
437		2372		1048039		959
438		2369		1050433		957
439		2370		1052826		964
440		2372		1055218		960
441		2365		1057613		964
442		2379		1060007		960
443		2373		1062399		968
444		2381		1064792		964
445		2375		1067184		965
446		2368		1069575		967
447		2383		1071968		965
448		2384		1074360		970
449		2373		1076752		966
450		2382		1079147		968
451		2369		1081539		964
452		2379		1083933		965
453		2378		1086327		965
454		2371		1088721		961
455		2379		1091115		963
456		2380		1093507		966
457		2386		1095899		957
458		2379		1098292		961
459		2381		1100686		960
460		2377		1103081		961
461		2375		1105475		962
462		2388		1107869		968
463		2367		1110261		963
464		2375		1112651		963
465		2377		1115044		965
466		2373		1117438		964
467		2384		1119833		968
468		2377		1122226		970
469		2383		1124621		969
470		2379		1127014		968
471		2373		1129409		973
472		2388		1131800		971
473		2376		1134190		965
474		2384		1136584		969
475		2381		1138976		964
476		2374		1141369		965
477		2385		1143762		964
478		2376		1146154		965
479		2372		1148549		960
480		2380		1150942		969
481		2369		1153335		969
482		2381		1155726		972
483		2368		1158120		969
484		2377		1160515		970
485		2380		1162908		974
486		2369		1165300		964
487		2377		1167694		970
488		2374		1170089		968
489		2376		1172482		973
490		2389		1174876		977
491		2372		1177270		969
492		2390		1179665		974
493		2369		1182058		978
494		2372		1184451		972
495		2377		1186845		974
496		2369		1189238		970
497		2382		1191633		974
498		2374		1194027		969
499		2374		1196422		967
500		2380		1198815		975
501		2367		1201207		972
502		2387		1203600		975
503		2369		1205991		971
504		2384		1208383		971
505		2379		1210775		977
506		2371		1213169		979
507		2385		1215562		979
508		2377		1217955		981
509		2374		1220350		976
510		2380		1222742		979
511		2367		1225136		980
512		2382		1227528		984
513		2368		1229921		976
514		2374		1232315		982
515		2370		1234707		984
516		2372		1237100		982
517		2371		1239491		981
518		2370		1241882		982
519		2361		1244273		978
520		2366		1246667		981
521		2361		1249060		981
522		2375		1251452		980
523		2366		1253844		983
524		2370		1256235		981
525		2368		1258628		983
526		2371		1261018		985
527		2370		1263411		985
528		2369		1265806		983
529		2361		1268198		981
530		2369		1270590		980
531		2360		1272985		985
532		2372		1275378		983
533		2361		1277772		983
534		2369		1280166		984
535		2367		1282559		983
536		2362		1284952		982
537		2371		1287343		990
538		2367		1289736		989
539		2363		1292130		986
540		2368		1294524		991
541		2353		1296916		988
542		2372		1299311		990
543		2360		1301703		988
544		2365		1304097		990
545		2358		1306491		985
546		2362		1308883		989
547		2370		1311274		985
548		2361		1313668		990
549		2362		1316061		986
550		2364		1318455		989
551		2354		1320849		989
552		2369		1323242		990
553		2355		1325637		989
554		2361		1328030		990
555		2364		1330422		991
556		2358		1332816		993
557		2363		1335211		989
558		2363		1337601		989
559		2359		1339995		991
560		2361		1342385		992
561		2354		1344775		986
562		2365		1347169		987
563		2351		1349564		988
564		2355		1351957		987
565		2354		1354349		989
566		2353		1356741		989
567		2362		1359136		988
568		2355		1361526		986
569		2350		1363918		989
570		2355		1366310		986
571		2344		1368702		988
572		2358		1371096		988
573		2346		1373490		990
574		2353		1375883		991
575		2348		1378277		990
576		2346		1380670		989
577		2353		1383062		987
578		2349		1385455		990
579		2349		1387850		988
580		2353		1390245		994
581		2342		1392640		988
582		2357		1395032		992
583		2347		1397423		990
584		2349		1399813		988
585		2350		1402206		990
586		2347		1404600		992
587		2353		1406994		988
588		2350		1409387		991
589		2343		1411782		989
590		2350		1414177		990
591		2337		1416570		990
592		2353		1418963		991
593		2341		1421356		991
594		2345		1423750		990
595		2345		1426143		993
596		2343		1428538		993
597		2344		1430932		993
598		2337		1433327		991
599		2337		1435721		988
600		2343		1438115		991
601		2328		1440507		992
602		2345		1442900		994
603		2334		1445294		994
604		2338		1447687		992
605		2337		1450080		993
606		2333		1452471		991
607		2341		1454866		992
608		2337		1457260		994
609		2336		1459654		993
610		2338		1462047		993
611		2331		1464436		994
612		2347		1466830		992
613		2332		1469223		993
614		2338		1471616		992
615		2340		1474007		994
616		2333		1476402		992
617		2341		1478794		994
618		2335		1481189		993
619		2335		1483582		993
620		2341		1485976		992
621		2330		1488371		993
622		2346		1490764		995
623		2331		1493159		990
624		2337		1495553		988
625		2336		1497948		992
626		2331		1500342		992
627		2339		1502734		990
628		2335		1505128		994
629		2331		1507523		992
630		2335		1509915		993
631		2325		1512309		990
632		2346		1514701		992
633		2332		1517095		994
634		2337		1519487		993
635		2338		1521879		993
636		2332		1524272		991
637		2339		1526667		993
638		2334		1529057		994
639		2333		1531450		996
640		2339		1533843		999
641		2325		1536236		996
642		2341		1538630		997
643		2326		1541020		996
644		2330		1543411		996
645		2328		1545805		994
646		2324		1548199		994
647		2331		1550593		996
648		2332		1552985		996
649		2325		1555377		996
650		2330		1557770		994
651		2319		1560164		997
652		2333		1562559		996
653		2324		1564949		996
654		2325		1567344		995
655		2321		1569738		997
656		2321		1572131		994
657		2328		1574523		995
658		2328		1576915		998
659		2321		1579309		994
660		2327		1581702		994
661		2315		1584094		993
662		2329		1586487		994
663		2319		1588882		993
664		2320		1591274		992
665		2323		1593667		994
666		2320		1596059		990
667		2331		1598453		995
668		2324		1600846		991
669		2322		1603239		993
670		2330		1605633		992
671		2318		1608025		992
672		2336		1610420		993
673		2324		1612812		992
674		2328		1615204		993
675		2324		1617595		992
676		2330		1619987		996
677		2333		1622379		992
678		2328		1624771		996
679		2322		1627165		994
680		2323		1629559		993
681		2321		1631954		989
682		2332		1634348		990
683		2318		1636742		995
684		2329		1639131		991
685		2321		1641524		990
686		2322		1643919		990
687		2328		1646312		989
688		2326		1648705		990
689		2317		1651100		988
690		2335		1653493		992
691		2318		1655887		991
692		2334		1658278		990
693		2323		1660673		992
694		2324		1663067		992
695		2320		1665459		991
696		2320		1667852		989
697		2328		1670246		991
698		2322		1672640		991
699		2318		1675033		986
700		2327		1677425		991
701		2316		1679817		989
702		2333		1682210		993
703		2317		1684604		987
704		2323		1686996		991
705		2319		1689387		991
706		2318		1691781		991
707		2325		1694176		992
708		2320		1696569		992
709		2317		1698963		990
710		2324		1701354		992
711		2312		1703746		991
712		2329		1706140		990
713		2316		1708533		992
714		2323		1710928		988
715		2323		1713319		991
716		2320		1715712		994
717		2327		1718106		992
718		2322		1720501		990
719		2322		1722893		989
720		2325		1725284		993
721		2311		1727678		992
722		2328		1730071		989
723		2319		1732463		990
724		2323		1734855		992
725		2319		1737250		991
726		2319		1739640		992
727		2326		1742033		993
728		2321		1744426		992
729		2319		1746820		988
730		2322		1749214		991
731		2311		1751608		989
732		2332		1754001		993
733		2316		1756392		990
734		2320		1758785		988
735		2317		1761180		986
736		2314		1763575		988
737		2325		1765969		987
738		2323		1768361		993
739		2319		1770754		991
740		2324		1773147		990
741		2316		1775542		994
742		2330		1777935		992
743		2317		1780330		992
744		2324		1782725		994
745		2313		1785118		991
746		2313		1787512		992
747		2324		1789907		993
748		2318		1792300		993
749		2313		1794694		990
750		2322		1797088		991
751		2313		1799483		996
752		2330		1801878		995
753		2318		1804271		997
754		2325		1806666		994
755		2324		1809058		999
756		2321		1811451		997
757		2322		1813842		995
758		2318		1816234		997
759		2316		1818627		994
760		2326		1821022		996
761		2309		1823413		993
762		2341		1825807		998
763		2325		1828199		1000
764		2327		1830590		996
765		2324		1832981		1000
766		2317		1835373		996
767		2327		1837765		999
768		2322		1840159		998
769		2318		1842551		995
770		2326		1844942		997
771		2314		1847336		997
772		2332		1849727		998
773		2317		1852122		999
774		2324		1854516		999
775		2319		1856906		998
776		2316		1859300		1000
777		2329		1861694		1001
778		2320		1864089		1000
779		2317		1866482		997
780		2327		1868877		1000
781		2314		1871266		1002
782		2330		1873660		999
783		2314		1876055		999
784		2319		1878446		998
785		2317		1880841		1000
786		2311		1883236		998
787		2324		1885630		1002
788		2318		1888025		1001
789		2316		1890416		1001
790		2321		1892810		1000
791		2311		1895203		1003
792		2329		1897596		1001
793		2309		1899991		1000
794		2319		1902384		999
795		2317		1904778		1000
796		2311		1907173		1000
797		2322		1909568		999
798		2317		1911960		1001
799		2314		1914354		999
800		2323		1916747		1003
801		2307		1919142		999
802		2330		1921535		1004
803		2307		1923929		997
804		2316		1926324		997
805		2312		1928715		999
806		2310		1931108		999
807		2324		1933501		1000
808		2320		1935895		1006
809		2313		1938289		1000
810		2325		1940684		1001
811		2307		1943076		999
812		2331		1945467		1004
813		2322		1947861		1002
814		2330		1950255		1002
815		2321		1952649		1003
816		2316		1955041		1002
817		2324		1957434		1002
818		2320		1959828		1003
819		2317		1962220		1001
820		2323		1964613		1001
821		2314		1967005		1004
822		2331		1969397		1003
823		2314		1971792		1002
824		2322		1974185		1000
825		2322		1976579		1002
826		2315		1978973		1002
827		2327		1981367		1001
828		2316		1983760		1002
829		2315		1986153		1000
830		2329		1988547		999
831		2317		1990941		1003
832		2330		1993335		1000
833		2317		1995729		1002
834		2321		1998121		1000
835		2321		2000514		1001
836		2316		2002908		1001
837		2324		2005301		1001
838		2318		2007695		1001
839		2317		2010090		1000
840		2327		2012482		1002
841		2313		2014877		1001
842		2335		2017270		1001
843		2318		2019664		1002
844		2328		2022058		1000
845		2328		2024453		1004
846		2327		2026848		1005
847		2330		2029242		1005
848		2327		2031636		1008
849		2322		2034029		1002
850		2335		2036421		1005
851		2319		2038813		1010
852		2340		2041207		1008
853		2328		2043600		1012
854		2332		2045994		1008
855		2333		2048387		1011
856		2332		2050780		1008
857		2337		2053174		1007
858		2333		2055568		1005
859		2337		2057960		1007
860		2340		2060354		1007
861		2326		2062746		1005
862		2345		2065139		1007
863		2324		2067534		1006
864		2336		2069927		1007
865		2337		2072320		1014
866		2334		2074713		1011
867		2340		2077103		1007
868		2336		2079497		1010
869		2336		2081891		1005
870		2345		2084285		1009
871		2326		2086679		1005
872		2343		2089072		1007
873		2329		2091465		1005
874		2338		2093856		1004
875		2332		2096249		1008
876		2330		2098638		1012
877		2332		2101032		1003
878		2330		2103426		1005
879		2329		2105819		1006
880		2334		2108213		1004
881		2317		2110607		1008
882		2348		2113002		1011
883		2326		2115395		1007
884		2332		2117788		1005
885		2328		2120180		1007
886		2323		2122574		1008
887		2329		2124969		1005
888		2328		2127362		1009
889		2320		2129756		1004
890		2334		2132150		1008
891		2316		2134545		1007
892		2338		2136938		1008
893		2323		2139329		1005
894		2327		2141721		1005
895		2324		2144114		1007
896		2322		2146507		1009
897		2332		2148900		1003
898		2329		2151293		1007
899		2323		2153687		1005
900		2336		2156082		1011
901		2315		2158477		1009
902		2341		2160870		1010
903		2323		2163265		1011
904		2329		2165656		1006
905		2328		2168051		1013
906		2324		2170444		1011
907		2333		2172838		1009
908		2326		2175229		1010
909		2321		2177618		1009
910		2331		2180011		1010
911		2314		2182405		1010
912		2340		2184796		1009
913		2320		2187185		1010
914		2328		2189580		1004
915		2327		2191971		1008
916		2328		2194366		1012
917		2335		2196758		1010
918		2331		2199152		1009
919		2324		2201547		1008
920		2333		2203940		1008
921		2317		2206333		1008
922		2339		2208727		1009
923		2323		2211121		1010
924		2331		2213514		1008
925		2328		2215905		1011
926		2322		2218300		1011
927		2334		2220695		1007
928		2332		2223087		1010
929		2325		2225478		1009
930		2336		2227873		1009
931		2322		2230263		1012
932		2340		2232655		1012
933		2324		2235046		1010
934		2329		2237439		1008
935		2328		2239832		1009
936		2327		2242225		1008
937		2334		2244619		1009
938		2332		2247012		1009
939		2326		2249406		1005
940		2337		2251800		1010
941		2318		2254193		1010
942		2340		2256587		1008
943		2321		2258982		1009
944		2327		2261373		1006
945		2329		2263768		1009
946		2324		2266161		1006
947		2332		2268555		1008
948		2329		2270950		1009
949		2322		2273344		1005
950		2330		2275736		1009
951		2320		2278129		1008
952		2340		2280523		1009
953		2319		2282916		1007
954		2332		2285307		1007
955		2329		2287701		1010
956		2328		2290094		1009
957		2331		2292487		1009
958		2330		2294879		1010
959		2324		2297274		1009
960		2336		2299667		1010
961		2320		2302060		1011
962		2336		2304454		1010
963		2325		2306847		1009
964		2332		2309238		1010
965		2324		2311630		1009
966		2327		2314020		1007
967		2334		2316411		1010
968		2328		2318805		1011
969		2326		2321198		1008
970		2333		2323591		1010
971		2322		2325985		1007
972		2342		2328380		1004
973		2324		2330775		1003
974		2332		2333169		1004
975		2326		2335562		1005
976		2327		2337954		1009
977		2326		2340349		1007
978		2332		2342743		1007
979		2326		2345135		1007
980		2334		2347529		1007
981		2321		2349924		1006
982		2339		2352317		1011
983		2324		2354709		1008
984		2328		2357101		1007
985		2325		2359492		1010
986		2326		2361885		1010
987		2331		2364279		1009
988		2331		2366672		1012
989		2320		2369063		1011
990		2330		2371456		1011
991		2314		2373848		1013
992		2333		2376239		1015
993		2319		2378632		1012
994		2328		2381026		1010
995		2322		2383420		1013
996		2319		2385815		1013
997		2324		2388208		1011
998		2324		2390602		1013
999		2318		2392995		1010
