# Migration is number of nodes that have changed color.

Round		Edge-Cut		Swaps		Migrations		Skipped
0		4057		2370		1494
1		3680		4617		1624
2		3522		6770		1617
3		3420		8827		1701
4		3317		10759		1726
5		3215		12518		1708
6		3172		14175		1738
7		3097		15739		1758
8		3024		17235		1758
9		2961		18629		1761
10		2902		19988		1752
11		2878		21291		1750
12		2852		22579		1745
13		2823		23857		1746
14		2787		25084		1742
15		2781		26282		1745
16		2760		27467		1740
17		2752		28626		1751
18		2733		29788		1745
19		2726		30926		1744
20		2708		32071		1737
21		2683		33188		1745
22		2663		34295		1735
23		2644		35380		1733
24		2650		36459		1729
25		2627		37518		1733
26		2612		38568		1738
27		2609		39605		1740
28		2604		40621		1746
29		2594		41631		1755
30		2582		42627		1754
31		2583		43615		1751
32		2572		44588		1752
33		2560		45543		1764
34		2546		46490		1760
35		2545		47424		1771
36		2527		48347		1757
37		2522		49244		1753
38		2514		50133		1751
39		2505		51010		1752
40		2505		51872		1762
41		2504		52730		1767
42		2498		53584		1759
43		2495		54435		1759
44		2486		55276		1754
45		2481		56114		1760
46		2483		56932		1760
47		2474		57746		1760
48		2468		58553		1764
49		2463		59339		1765
50		2456		60121		1764
51		2452		60895		1757
52		2442		61662		1759
53		2443		62417		1753
54		2433		63164		1755
55		2430		63902		1757
56		2425		64642		1762
57		2418		65373		1758
58		2419		66092		1757
59		2417		66812		1762
60		2412		67528		1766
61		2411		68241		1764
62		2410		68952		1764
63		2403		69664		1764
64		2400		70364		1766
65		2397		71058		1763
66		2396		71749		1766
67		2394		72441		1767
68		2391		73128		1771
69		2389		73811		1767
70		2386		74489		1768
71		2387		75162		1768
72		2384		75837		1766
73		2381		76508		1767
74		2379		77176		1767
75		2376		77837		1769
76		2375		78492		1770
77		2373		79144		1769
78		2374		79796		1770
79		2372		80449		1768
80		2372		81099		1768
81		2369		81750		1769
82		2371		82399		1769
83		2372		83047		1769
84		2370		83696		1767
85		2367		84342		1765
86		2366		84986		1761
87		2366		85627		1762
88		2367		86270		1761
89		2367		86916		1759
90		2367		87555		1758
91		2365		88192		1759
92		2365		88829		1758
93		2364		89465		1759
94		2364		90100		1758
95		2363		90736		1760
96		2363		91370		1760
97		2363		92004		1759
98		2362		92638		1757
99		2362		93269		1757
100		2361		93900		1758
101		2361		94528		1758
102		2361		95156		1758
103		2361		95784		1758
104		2359		96412		1758
105		2359		97036		1758
106		2358		97661		1756
107		2358		98283		1756
108		2356		98905		1757
109		2355		99522		1756
110		2354		100139		1756
111		2354		100753		1756
112		2353		101366		1756
113		2352		101979		1757
114		2350		102589		1758
115		2350		103195		1758
116		2350		103801		1758
117		2350		104407		1758
118		2349		105014		1758
119		2348		105619		1759
120		2347		106222		1759
121		2346		106821		1759
122		2345		107418		1761
123		2343		108012		1761
124		2342		108603		1763
125		2341		109192		1763
126		2341		109780		1763
127		2340		110369		1765
128		2339		110954		1764
129		2338		111539		1764
130		2336		112123		1762
131		2336		112701		1762
132		2335		113280		1762
133		2335		113856		1762
134		2334		114431		1762
135		2333		115004		1761
136		2333		115576		1761
137		2333		116148		1761
138		2332		116721		1760
139		2332		117291		1760
140		2332		117861		1760
141		2332		118431		1760
142		2331		119002		1763
143		2331		119575		1763
144		2331		120145		1763
145		2331		120715		1763
146		2331		121285		1763
147		2331		121855		1763
148		2331		122425		1763
149		2331		122995		1763
150		2331		123565		1763
151		2330		124134		1762
152		2330		124702		1762
153		2329		125269		1762
154		2329		125835		1762
155		2329		126401		1762
156		2329		126967		1762
157		2329		127533		1762
158		2329		128099		1762
159		2329		128665		1762
160		2329		129231		1762
161		2329		129797		1762
162		2329		130363		1762
163		2329		130929		1762
164		2329		131495		1762
165		2329		132061		1762
166		2329		132627		1762
167		2329		133193		1762
168		2329		133759		1762
169		2329		134325		1762
170		2329		134891		1762
171		2329		135457		1762
172		2329		136023		1762
173		2329		136589		1762
174		2329		137155		1762
175		2329		137721		1762
176		2329		138287		1762
177		2328		138854		1762
178		2328		139420		1762
179		2328		139986		1762
180		2327		140551		1762
181		2327		141115		1762
182		2327		141679		1762
183		2326		142244		1763
184		2326		142806		1763
185		2326		143368		1763
186		2325		143929		1762
187		2325		144489		1762
188		2325		145049		1762
189		2324		145608		1763
190		2324		146166		1763
191		2324		146724		1763
192		2324		147282		1763
193		2324		147840		1763
194		2324		148398		1763
195		2324		148956		1763
196		2323		149513		1762
197		2323		150069		1762
198		2323		150625		1762
199		2322		151180		1762
200		2321		151735		1762
201		2321		152287		1762
202		2321		152839		1762
203		2320		153390		1761
204		2320		153940		1761
205		2320		154490		1761
206		2320		155040		1761
207		2320		155590		1761
208		2320		156140		1761
209		2320		156690		1761
210		2320		157240		1761
211		2319		157789		1760
212		2319		158337		1760
213		2319		158885		1760
214		2318		159432		1760
215		2318		159978		1760
216		2318		160524		1760
217		2318		161070		1760
218		2318		161616		1760
219		2318		162162		1760
220		2318		162708		1760
221		2318		163254		1760
222		2318		163800		1760
223		2318		164346		1760
224		2318		164892		1760
225		2318		165438		1760
226		2318		165984		1760
227		2318		166530		1760
228		2317		167075		1760
229		2317		167619		1760
230		2316		168162		1760
231		2316		168704		1760
232		2315		169247		1759
233		2315		169787		1759
234		2315		170327		1759
235		2315		170867		1759
236		2314		171406		1760
237		2314		171944		1760
238		2314		172482		1760
239		2314		173020		1760
240		2314		173558		1760
241		2314		174096		1760
242		2314		174634		1760
243		2314		175172		1760
244		2314		175710		1760
245		2314		176248		1760
246		2314		176786		1760
247		2314		177324		1760
248		2314		177862		1760
249		2314		178400		1760
250		2314		178938		1760
251		2314		179476		1760
252		2314		180014		1760
253		2314		180552		1760
254		2314		181090		1760
255		2314		181628		1760
256		2314		182166		1760
257		2314		182704		1760
258		2314		183242		1760
259		2313		183781		1760
260		2312		184316		1760
261		2312		184850		1760
262		2312		185384		1760
263		2312		185918		1760
264		2311		186451		1759
265		2311		186983		1759
266		2310		187514		1759
267		2310		188044		1759
268		2310		188574		1759
269		2310		189104		1759
270		2310		189634		1759
271		2310		190164		1759
272		2310		190694		1759
273		2310		191224		1759
274		2310		191754		1759
275		2309		192283		1758
276		2309		192811		1758
277		2309		193339		1758
278		2309		193867		1758
279		2309		194395		1758
280		2309		194923		1758
281		2309		195451		1758
282		2309		195979		1758
283		2309		196507		1758
284		2309		197035		1758
285		2309		197563		1758
286		2309		198091		1758
287		2308		198618		1759
288		2308		199144		1759
289		2308		199670		1759
290		2308		200196		1759
291		2308		200722		1759
292		2308		201248		1759
293		2308		201774		1759
294		2308		202300		1759
295		2308		202826		1759
296		2308		203352		1759
297		2308		203878		1759
298		2308		204404		1759
299		2308		204930		1759
300		2308		205456		1759
301		2308		205982		1759
302		2308		206508		1759
303		2308		207034		1759
304		2308		207560		1759
305		2308		208086		1759
306		2308		208612		1759
307		2308		209138		1759
308		2308		209664		1759
309		2308		210190		1759
310		2308		210716		1759
311		2308		211242		1759
312		2307		211767		1758
313		2307		212291		1758
314		2307		212815		1758
315		2307		213339		1758
316		2307		213863		1758
317		2307		214387		1758
318		2307		214911		1758
319		2307		215435		1758
320		2307		215959		1758
321		2307		216483		1758
322		2307		217007		1758
323		2307		217531		1758
324		2307		218055		1758
325		2307		218579		1758
326		2307		219103		1758
327		2307		219627		1758
328		2307		220151		1758
329		2307		220675		1758
330		2307		221199		1758
331		2307		221723		1758
332		2307		222247		1758
333		2307		222771		1758
334		2307		223295		1758
335		2307		223819		1758
336		2307		224343		1758
337		2307		224867		1758
338		2307		225391		1758
339		2307		225915		1758
340		2307		226439		1758
341		2307		226963		1758
342		2307		227487		1758
343		2307		228011		1758
344		2307		228535		1758
345		2307		229059		1758
346		2306		229582		1759
347		2306		230104		1759
348		2305		230625		1759
349		2305		231145		1759
350		2305		231665		1759
351		2305		232185		1759
352		2305		232705		1759
353		2305		233225		1759
354		2305		233745		1759
355		2305		234265		1759
356		2304		234784		1759
357		2304		235302		1759
358		2304		235820		1759
359		2304		236338		1759
360		2304		236856		1759
361		2303		237373		1758
362		2303		237889		1758
363		2303		238405		1758
364		2303		238921		1758
365		2303		239437		1758
366		2303		239953		1758
367		2303		240469		1758
368		2303		240985		1758
369		2303		241501		1758
370		2303		242017		1758
371		2303		242533		1758
372		2303		243049		1758
373		2303		243565		1758
374		2303		244081		1758
375		2303		244597		1758
376		2303		245113		1758
377		2303		245629		1758
378		2303		246145		1758
379		2303		246661		1758
380		2303		247177		1758
381		2303		247693		1758
382		2303		248209		1758
383		2303		248725		1758
384		2303		249241		1758
385		2303		249757		1758
386		2303		250273		1758
387		2303		250789		1758
388		2303		251305		1758
389		2303		251821		1758
390		2302		252336		1758
391		2302		252850		1758
392		2302		253364		1758
393		2302		253878		1758
394		2302		254392		1758
395		2302		254906		1758
396		2302		255420		1758
397		2302		255934		1758
398		2302		256448		1758
399		2302		256962		1758
400		2301		257475		1757
401		2299		257985		1756
402		2298		258494		1757
403		2298		259002		1757
404		2298		259510		1757
405		2298		260018		1757
406		2298		260526		1757
407		2298		261034		1757
408		2298		261542		1757
409		2298		262050		1757
410		2297		262557		1757
411		2297		263063		1757
412		2297		263569		1757
413		2297		264075		1757
414		2297		264581		1757
415		2297		265087		1757
416		2297		265593		1757
417		2297		266099		1757
418		2297		266605		1757
419		2297		267111		1757
420		2297		267617		1757
421		2297		268123		1757
422		2297		268629		1757
423		2297		269135		1757
424		2297		269641		1757
425		2297		270147		1757
426		2297		270653		1757
427		2297		271159		1757
428		2297		271665		1757
429		2297		272171		1757
430		2297		272677		1757
431		2297		273183		1757
432		2297		273689		1757
433		2297		274195		1757
434		2297		274701		1757
435		2296		275206		1756
436		2296		275710		1756
437		2296		276214		1756
438		2296		276718		1756
439		2296		277222		1756
440		2296		277726		1756
441		2296		278230		1756
442		2296		278734		1756
443		2296		279238		1756
444		2296		279742		1756
445		2296		280246		1756
446		2296		280750		1756
447		2295		281253		1755
448		2295		281755		1755
449		2295		282257		1755
450		2295		282759		1755
451		2295		283261		1755
452		2295		283763		1755
453		2295		284265		1755
454		2295		284767		1755
455		2295		285269		1755
456		2295		285771		1755
457		2295		286273		1755
458		2295		286775		1755
459		2294		287276		1754
460		2294		287776		1754
461		2294		288276		1754
462		2294		288776		1754
463		2294		289276		1754
464		2294		289776		1754
465		2293		290275		1753
466		2293		290773		1753
467		2293		291271		1753
468		2293		291769		1753
469		2293		292267		1753
470		2293		292765		1753
471		2293		293263		1753
472		2293		293761		1753
473		2293		294259		1753
474		2293		294757		1753
475		2293		295255		1753
476		2292		295752		1754
477		2292		296248		1754
478		2292		296744		1754
479		2292		297240		1754
480		2292		297736		1754
481		2292		298232		1754
482		2292		298728		1754
483		2292		299224		1754
484		2292		299720		1754
485		2292		300216		1754
486		2292		300712		1754
487		2292		301208		1754
488		2292		301704		1754
489		2291		302199		1755
490		2291		302693		1755
491		2291		303187		1755
492		2290		303680		1755
493		2290		304172		1755
494		2290		304664		1755
495		2290		305156		1755
496		2290		305648		1755
497		2290		306140		1755
498		2290		306632		1755
499		2289		307123		1755
500		2289		307613		1755
501		2289		308103		1755
502		2289		308593		1755
503		2289		309083		1755
504		2289		309573		1755
505		2289		310063		1755
506		2289		310553		1755
507		2289		311043		1755
508		2289		311533		1755
509		2289		312023		1755
510		2289		312513		1755
511		2289		313003		1755
512		2289		313493		1755
513		2289		313983		1755
514		2289		314473		1755
515		2289		314963		1755
516		2289		315453		1755
517		2289		315943		1755
518		2289		316433		1755
519		2288		316922		1755
520		2288		317410		1755
521		2288		317898		1755
522		2288		318386		1755
523		2288		318874		1755
524		2288		319362		1755
525		2288		319850		1755
526		2288		320338		1755
527		2288		320826		1755
528		2288		321314		1755
529		2288		321802		1755
530		2288		322290		1755
531		2288		322778		1755
532		2288		323266		1755
533		2288		323754		1755
534		2288		324242		1755
535		2288		324730		1755
536		2288		325218		1755
537		2288		325706		1755
538		2288		326194		1755
539		2288		326682		1755
540		2288		327170		1755
541		2288		327658		1755
542		2288		328146		1755
543		2288		328634		1755
544		2288		329122		1755
545		2288		329610		1755
546		2288		330098		1755
547		2288		330586		1755
548		2288		331074		1755
549		2288		331562		1755
550		2288		332050		1755
551		2288		332538		1755
552		2287		333027		1755
553		2286		333512		1755
554		2285		333995		1754
555		2284		334476		1754
556		2284		334956		1754
557		2284		335436		1754
558		2284		335916		1754
559		2284		336396		1754
560		2283		336875		1754
561		2283		337353		1754
562		2283		337831		1754
563		2283		338309		1754
564		2283		338787		1754
565		2283		339265		1754
566		2283		339743		1754
567		2282		340222		1754
568		2282		340698		1754
569		2282		341174		1754
570		2282		341650		1754
571		2281		342125		1753
572		2281		342599		1753
573		2281		343073		1753
574		2281		343547		1753
575		2280		344020		1753
576		2280		344492		1753
577		2280		344964		1753
578		2280		345436		1753
579		2280		345908		1753
580		2280		346380		1753
581		2280		346852		1753
582		2280		347324		1753
583		2280		347796		1753
584		2280		348268		1753
585		2279		348739		1753
586		2279		349209		1753
587		2279		349679		1753
588		2279		350149		1753
589		2279		350619		1753
590		2279		351089		1753
591		2279		351559		1753
592		2279		352029		1753
593		2279		352499		1753
594		2279		352969		1753
595		2279		353439		1753
596		2279		353909		1753
597		2279		354379		1753
598		2279		354849		1753
599		2279		355319		1753
600		2279		355789		1753
601		2279		356259		1753
602		2279		356729		1753
603		2279		357199		1753
604		2278		357668		1752
605		2277		358135		1752
606		2277		358601		1752
607		2277		359067		1752
608		2277		359533		1752
609		2277		359999		1752
610		2277		360465		1752
611		2277		360931		1752
612		2277		361397		1752
613		2277		361863		1752
614		2277		362329		1752
615		2277		362795		1752
616		2277		363261		1752
617		2277		363727		1752
618		2277		364193		1752
619		2277		364659		1752
620		2277		365125		1752
621		2277		365591		1752
622		2277		366057		1752
623		2276		366524		1751
624		2276		366988		1751
625		2276		367452		1751
626		2276		367916		1751
627		2276		368380		1751
628		2276		368844		1751
629		2276		369308		1751
630		2276		369772		1751
631		2276		370236		1751
632		2276		370700		1751
633		2276		371164		1751
634		2276		371628		1751
635		2275		372091		1751
636		2275		372553		1751
637		2275		373015		1751
638		2275		373477		1751
639		2275		373939		1751
640		2275		374401		1751
641		2275		374863		1751
642		2275		375325		1751
643		2275		375787		1751
644		2275		376249		1751
645		2275		376711		1751
646		2275		377173		1751
647		2275		377635		1751
648		2275		378097		1751
649		2275		378559		1751
650		2275		379021		1751
651		2275		379483		1751
652		2275		379945		1751
653		2275		380407		1751
654		2274		380868		1752
655		2274		381328		1752
656		2274		381788		1752
657		2274		382248		1752
658		2274		382708		1752
659		2274		383168		1752
660		2274		383628		1752
661		2274		384088		1752
662		2274		384548		1752
663		2274		385008		1752
664		2274		385468		1752
665		2274		385928		1752
666		2274		386388		1752
667		2274		386848		1752
668		2274		387308		1752
669		2274		387768		1752
670		2274		388228		1752
671		2274		388688		1752
672		2274		389148		1752
673		2274		389608		1752
674		2274		390068		1752
675		2274		390528		1752
676		2274		390988		1752
677		2274		391448		1752
678		2274		391908		1752
679		2274		392368		1752
680		2274		392828		1752
681		2274		393288		1752
682		2273		393747		1753
683		2272		394204		1754
684		2272		394660		1754
685		2272		395116		1754
686		2272		395572		1754
687		2272		396028		1754
688		2271		396483		1754
689		2271		396937		1754
690		2271		397391		1754
691		2271		397845		1754
692		2271		398299		1754
693		2271		398753		1754
694		2271		399207		1754
695		2271		399661		1754
696		2271		400115		1754
697		2271		400569		1754
698		2271		401023		1754
699		2271		401477		1754
700		2271		401931		1754
701		2271		402385		1754
702		2271		402839		1754
703		2271		403293		1754
704		2271		403747		1754
705		2271		404201		1754
706		2271		404655		1754
707		2271		405109		1754
708		2271		405563		1754
709		2271		406017		1754
710		2271		406471		1754
711		2271		406925		1754
712		2271		407379		1754
713		2271		407833		1754
714		2271		408287		1754
715		2271		408741		1754
716		2271		409195		1754
717		2271		409649		1754
718		2271		410103		1754
719		2271		410557		1754
720		2271		411011		1754
721		2271		411465		1754
722		2271		411919		1754
723		2271		412373		1754
724		2271		412827		1754
725		2271		413281		1754
726		2271		413735		1754
727		2271		414189		1754
728		2271		414643		1754
729		2271		415097		1754
730		2271		415551		1754
731		2271		416005		1754
732		2271		416459		1754
733		2271		416913		1754
734		2271		417367		1754
735		2271		417821		1754
736		2271		418275		1754
737		2271		418729		1754
738		2271		419183		1754
739		2271		419637		1754
740		2271		420091		1754
741		2271		420545		1754
742		2271		420999		1754
743		2271		421453		1754
744		2271		421907		1754
745		2271		422361		1754
746		2271		422815		1754
747		2271		423269		1754
748		2271		423723		1754
749		2271		424177		1754
750		2271		424631		1754
751		2270		425086		1753
752		2270		425538		1753
753		2270		425990		1753
754		2270		426442		1753
755		2270		426894		1753
756		2270		427346		1753
757		2270		427798		1753
758		2270		428250		1753
759		2270		428702		1753
760		2270		429154		1753
761		2270		429606		1753
762		2270		430058		1753
763		2270		430510		1753
764		2270		430962		1753
765		2270		431414		1753
766		2270		431866		1753
767		2270		432318		1753
768		2270		432770		1753
769		2270		433222		1753
770		2270		433674		1753
771		2270		434126		1753
772		2270		434578		1753
773		2270		435030		1753
774		2270		435482		1753
775		2270		435934		1753
776		2270		436386		1753
777		2270		436838		1753
778		2270		437290		1753
779		2270		437742		1753
780		2270		438194		1753
781		2270		438646		1753
782		2270		439098		1753
783		2270		439550		1753
784		2270		440002		1753
785		2270		440454		1753
786		2270		440906		1753
787		2270		441358		1753
788		2270		441810		1753
789		2270		442262		1753
790		2270		442714		1753
791		2270		443166		1753
792		2270		443618		1753
793		2270		444070		1753
794		2270		444522		1753
795		2270		444974		1753
796		2270		445426		1753
797		2270		445878		1753
798		2270		446330		1753
799		2270		446782		1753
800		2270		447234		1753
801		2270		447686		1753
802		2270		448138		1753
803		2270		448590		1753
804		2270		449042		1753
805		2270		449494		1753
806		2270		449946		1753
807		2270		450398		1753
808		2270		450850		1753
809		2270		451302		1753
810		2270		451754		1753
811		2270		452206		1753
812		2270		452658		1753
813		2270		453110		1753
814		2270		453562		1753
815		2270		454014		1753
816		2270		454466		1753
817		2270		454918		1753
818		2270		455370		1753
819		2270		455822		1753
820		2270		456274		1753
821		2270		456726		1753
822		2270		457178		1753
823		2270		457630		1753
824		2270		458082		1753
825		2270		458534		1753
826		2269		458985		1753
827		2269		459435		1753
828		2268		459886		1752
829		2268		460334		1752
830		2268		460782		1752
831		2268		461230		1752
832		2268		461678		1752
833		2268		462126		1752
834		2268		462574		1752
835		2268		463022		1752
836		2268		463470		1752
837		2268		463918		1752
838		2267		464365		1753
839		2267		464811		1753
840		2267		465257		1753
841		2267		465703		1753
842		2267		466149		1753
843		2267		466595		1753
844		2267		467041		1753
845		2267		467487		1753
846		2267		467935		1753
847		2267		468381		1753
848		2267		468827		1753
849		2266		469273		1754
850		2266		469719		1754
851		2266		470165		1754
852		2266		470611		1754
853		2266		471057		1754
854		2266		471503		1754
855		2266		471949		1754
856		2266		472395		1754
857		2266		472841		1754
858		2266		473287		1754
859		2265		473734		1755
860		2265		474178		1755
861		2264		474621		1755
862		2264		475063		1755
863		2264		475505		1755
864		2264		475947		1755
865		2264		476389		1755
866		2264		476831		1755
867		2264		477273		1755
868		2264		477715		1755
869		2264		478157		1755
870		2264		478599		1755
871		2264		479041		1755
872		2264		479483		1755
873		2264		479925		1755
874		2264		480367		1755
875		2264		480809		1755
876		2264		481251		1755
877		2264		481693		1755
878		2264		482135		1755
879		2264		482577		1755
880		2264		483019		1755
881		2264		483461		1755
882		2264		483903		1755
883		2264		484345		1755
884		2264		484787		1755
885		2264		485229		1755
886		2264		485671		1755
887		2263		486112		1756
888		2263		486552		1756
889		2263		486992		1756
890		2263		487432		1756
891		2263		487872		1756
892		2263		488312		1756
893		2263		488752		1756
894		2263		489192		1756
895		2263		489632		1756
896		2263		490072		1756
897		2263		490512		1756
898		2263		490952		1756
899		2263		491392		1756
900		2263		491832		1756
901		2263		492272		1756
902		2263		492712		1756
903		2263		493152		1756
904		2263		493592		1756
905		2263		494032		1756
906		2263		494472		1756
907		2263		494912		1756
908		2263		495352		1756
909		2263		495792		1756
910		2263		496232		1756
911		2263		496672		1756
912		2263		497112		1756
913		2263		497552		1756
914		2263		497992		1756
915		2263		498432		1756
916		2263		498872		1756
917		2263		499312		1756
918		2263		499752		1756
919		2263		500192		1756
920		2263		500632		1756
921		2263		501072		1756
922		2263		501512		1756
923		2263		501952		1756
924		2263		502392		1756
925		2263		502832		1756
926		2263		503272		1756
927		2263		503712		1756
928		2263		504152		1756
929		2263		504592		1756
930		2263		505032		1756
931		2263		505472		1756
932		2263		505912		1756
933		2263		506352		1756
934		2263		506792		1756
935		2263		507232		1756
936		2263		507672		1756
937		2263		508112		1756
938		2263		508552		1756
939		2263		508992		1756
940		2263		509432		1756
941		2263		509872		1756
942		2263		510312		1756
943		2263		510752		1756
944		2263		511192		1756
945		2263		511632		1756
946		2263		512072		1756
947		2263		512512		1756
948		2263		512952		1756
949		2263		513392		1756
950		2263		513832		1756
951		2263		514272		1756
952		2263		514712		1756
953		2263		515152		1756
954		2263		515592		1756
955		2263		516032		1756
956		2263		516472		1756
957		2263		516912		1756
958		2263		517352		1756
959		2263		517792		1756
960		2263		518232		1756
961		2263		518672		1756
962		2263		519112		1756
963		2263		519552		1756
964		2263		519992		1756
965		2263		520432		1756
966		2263		520872		1756
967		2263		521312		1756
968		2263		521752		1756
969		2263		522192		1756
970		2263		522632		1756
971		2263		523072		1756
972		2263		523512		1756
973		2263		523952		1756
974		2263		524392		1756
975		2263		524832		1756
976		2262		525271		1755
977		2262		525709		1755
978		2262		526147		1755
979		2262		526585		1755
980		2262		527023		1755
981		2262		527461		1755
982		2262		527899		1755
983		2261		528336		1754
984		2261		528772		1754
985		2261		529208		1754
986		2261		529644		1754
987		2261		530080		1754
988		2260		530517		1753
989		2260		530951		1753
990		2260		531385		1753
991		2260		531819		1753
992		2260		532253		1753
993		2260		532687		1753
994		2260		533121		1753
995		2260		533555		1753
996		2260		533989		1753
997		2260		534423		1753
998		2260		534857		1753
999		2260		535291		1753
