# Migration is number of nodes that have changed color.

Round		Edge-Cut		Swaps		Migrations		Skipped
0		62612		2694		847
1		55963		5362		1069
2		51616		8020		1178
3		49021		10681		1214
4		47594		13367		1260
5		46070		16034		1276
6		45169		18675		1277
7		44503		21351		1284
8		44051		24001		1287
9		43671		26639		1288
10		43366		29279		1292
11		43138		31921		1288
12		42924		34578		1301
13		42842		37220		1305
14		42713		39844		1302
15		42546		42490		1313
16		42492		45144		1303
17		42324		47792		1300
18		42210		50435		1313
19		42018		53087		1320
20		41931		55722		1317
21		41858		58376		1310
22		41811		61018		1307
23		41803		63667		1305
24		41788		66301		1303
25		41748		68943		1305
26		41734		71602		1305
27		41700		74248		1307
28		41681		76881		1309
29		41723		79514		1319
30		41740		82142		1316
31		41712		84775		1313
32		41695		87405		1312
33		41628		90050		1308
34		41604		92704		1312
35		41591		95332		1306
36		41586		97959		1303
37		41585		100585		1307
38		41586		103204		1310
39		41584		105834		1311
40		41581		108471		1314
41		41576		111109		1311
42		41571		113755		1312
43		41565		116389		1311
44		41540		119016		1313
45		41530		121650		1313
46		41531		124281		1309
47		41514		126926		1303
48		41519		129573		1301
49		41508		132210		1302
50		41516		134869		1307
51		41508		137516		1306
52		41496		140147		1313
53		41499		142790		1311
54		41475		145431		1310
55		41475		148076		1309
56		41474		150700		1308
57		41481		153339		1312
58		41471		155973		1310
59		41469		158604		1309
60		41468		161242		1306
61		41473		163888		1304
62		41468		166510		1301
63		41445		169142		1298
64		41435		171779		1299
65		41436		174422		1298
66		41460		177048		1299
67		41469		179677		1295
68		41461		182320		1294
69		41457		184959		1296
70		41458		187601		1295
71		41461		190235		1291
72		41460		192853		1297
73		41445		195485		1295
74		41447		198134		1292
75		41431		200771		1289
76		41428		203402		1295
77		41429		206032		1294
78		41416		208664		1297
79		41433		211321		1299
80		41422		213962		1296
81		41418		216592		1298
82		41423		219228		1294
83		41415		221855		1297
84		41414		224505		1297
85		41412		227129		1298
86		41421		229761		1302
87		41425		232409		1306
88		41427		235051		1305
89		41422		237690		1308
90		41424		240334		1308
91		41421		242960		1307
92		41421		245567		1313
93		41419		248203		1309
94		41421		250848		1308
95		41422		253480		1304
96		41419		256136		1306
97		41410		258772		1303
98		41413		261393		1300
99		41393		264034		1292
100		41393		266678		1292
101		41392		269312		1293
102		41394		271945		1293
103		41391		274568		1291
104		41393		277190		1293
105		41389		279830		1289
106		41389		282473		1289
107		41388		285102		1288
108		41384		287736		1299
109		41378		290369		1300
110		41374		293014		1302
111		41362		295642		1304
112		41359		298284		1304
113		41355		300922		1306
114		41354		303562		1306
115		41354		306190		1306
116		41357		308829		1304
117		41357		311463		1305
118		41357		314094		1304
119		41356		316722		1306
120		41356		319353		1310
121		41359		322000		1304
122		41358		324642		1305
123		41358		327273		1302
124		41357		329900		1302
125		41357		332536		1302
126		41356		335155		1305
127		41346		337776		1303
128		41343		340418		1307
129		41344		343043		1307
130		41340		345694		1306
131		41340		348333		1306
132		41350		350958		1306
133		41352		353585		1305
134		41351		356230		1304
135		41351		358875		1301
136		41349		361497		1297
137		41349		364126		1295
138		41349		366753		1294
139		41342		369393		1298
140		41341		372029		1301
141		41338		374672		1296
142		41337		377307		1294
143		41335		379956		1295
144		41332		382579		1296
145		41330		385208		1296
146		41335		387836		1297
147		41334		390500		1297
148		41331		393137		1297
149		41331		395781		1297
150		41333		398411		1297
151		41333		401043		1297
152		41333		403664		1297
153		41339		406280		1298
154		41339		408916		1297
155		41339		411565		1294
156		41338		414193		1292
157		41337		416822		1292
158		41343		419467		1293
159		41337		422089		1295
160		41334		424712		1294
161		41338		427341		1295
162		41336		429972		1293
163		41331		432615		1290
164		41334		435256		1289
165		41336		437890		1288
166		41336		440515		1288
167		41337		443164		1286
168		41335		445799		1288
169		41326		448436		1289
170		41325		451065		1290
171		41324		453703		1291
172		41322		456319		1289
173		41322		458969		1290
174		41322		461601		1288
175		41320		464236		1289
176		41320		466869		1292
177		41320		469505		1292
178		41320		472147		1293
179		41320		474772		1295
180		41377		477382		1295
181		41361		480020		1299
182		41358		482649		1298
183		41358		485283		1294
184		41358		487923		1292
185		41358		490556		1292
186		41358		493207		1292
187		41358		495838		1292
188		41358		498466		1291
189		41358		501093		1291
190		41358		503697		1291
191		41354		506328		1294
192		41354		508969		1294
193		41353		511598		1294
194		41354		514239		1294
195		41356		516886		1295
196		41356		519511		1294
197		41355		522131		1294
198		41354		524774		1293
199		41357		527394		1290
200		41361		530027		1290
201		41355		532655		1290
202		41355		535289		1293
203		41354		537910		1292
204		41354		540550		1292
205		41357		543176		1292
206		41361		545811		1296
207		41357		548444		1296
208		41356		551085		1296
209		41356		553712		1295
210		41355		556351		1297
211		41350		558971		1300
212		41346		561593		1302
213		41346		564240		1302
214		41346		566872		1305
215		41342		569524		1305
216		41350		572162		1303
217		41350		574799		1303
218		41349		577440		1303
219		41351		580080		1304
220		41349		582700		1303
221		41351		585337		1304
222		41351		587959		1301
223		41344		590591		1301
224		41342		593214		1301
225		41342		595844		1301
226		41347		598490		1300
227		41347		601119		1299
228		41347		603766		1299
229		41344		606388		1298
230		41344		609007		1299
231		41344		611647		1301
232		41344		614284		1303
233		41343		616912		1305
234		41339		619556		1303
235		41341		622203		1305
236		41341		624847		1305
237		41344		627489		1306
238		41342		630116		1306
239		41341		632749		1304
240		41341		635387		1305
241		41341		638033		1302
242		41341		640672		1304
243		41341		643298		1304
244		41340		645917		1303
245		41340		648549		1302
246		41346		651191		1300
247		41346		653815		1300
248		41345		656445		1299
249		41345		659081		1299
250		41345		661715		1299
251		41345		664353		1298
252		41345		666990		1298
253		41345		669630		1298
254		41345		672271		1300
255		41345		674889		1298
256		41345		677524		1298
257		41345		680146		1298
258		41348		682763		1298
259		41348		685395		1300
260		41347		688038		1303
261		41344		690674		1304
262		41345		693301		1305
263		41343		695931		1304
264		41349		698573		1303
265		41349		701200		1301
266		41351		703813		1298
267		41352		706460		1301
268		41352		709090		1301
269		41348		711721		1301
270		41351		714353		1303
271		41348		716979		1303
272		41349		719601		1306
273		41351		722252		1306
274		41354		724889		1309
275		41353		727510		1306
276		41352		730132		1304
277		41351		732757		1304
278		41356		735403		1301
279		41356		738044		1302
280		41352		740683		1303
281		41354		743320		1299
282		41346		745952		1297
283		41345		748590		1299
284		41348		751219		1293
285		41347		753857		1300
286		41358		756495		1296
287		41365		759138		1295
288		41363		761794		1296
289		41359		764408		1299
290		41353		767045		1299
291		41349		769677		1298
292		41347		772313		1297
293		41346		774954		1297
294		41341		777600		1297
295		41341		780239		1297
296		41339		782879		1298
297		41339		785518		1299
298		41337		788164		1301
299		41338		790803		1301
300		41338		793422		1303
301		41341		796047		1298
302		41340		798694		1299
303		41340		801324		1300
304		41340		803960		1304
305		41341		806594		1302
306		41341		809233		1303
307		41342		811875		1306
308		41341		814502		1306
309		41340		817147		1303
310		41337		819774		1301
311		41339		822415		1301
312		41338		825051		1303
313		41341		827692		1304
314		41339		830319		1305
315		41343		832948		1300
316		41342		835578		1304
317		41343		838209		1302
318		41342		840831		1300
319		41343		843454		1302
320		41343		846077		1302
321		41339		848725		1301
322		41337		851357		1299
323		41337		853998		1297
324		41337		856622		1298
325		41337		859247		1296
326		41340		861889		1294
327		41340		864529		1295
328		41338		867160		1295
329		41338		869794		1298
330		41338		872407		1298
331		41343		875048		1298
332		41343		877671		1296
333		41339		880312		1295
334		41341		882950		1296
335		41342		885580		1296
336		41342		888214		1294
337		41342		890858		1294
338		41342		893487		1295
339		41344		896121		1295
340		41344		898739		1295
341		41344		901357		1297
342		41344		903985		1298
343		41344		906615		1297
344		41344		909248		1297
345		41342		911880		1296
346		41342		914510		1298
347		41342		917150		1298
348		41342		919788		1300
349		41344		922410		1300
350		41346		925045		1300
351		41343		927681		1300
352		41341		930312		1301
353		41342		932943		1300
354		41342		935590		1301
355		41342		938214		1300
356		41344		940835		1301
357		41344		943462		1299
358		41342		946081		1297
359		41342		948712		1298
360		41341		951341		1300
361		41341		953971		1299
362		41343		956585		1299
363		41343		959232		1295
364		41339		961876		1298
365		41339		964500		1296
366		41339		967142		1295
367		41339		969772		1295
368		41339		972384		1294
369		41339		974986		1294
370		41339		977604		1294
371		41338		980250		1293
372		41336		982881		1295
373		41336		985502		1295
374		41336		988146		1299
375		41337		990766		1298
376		41336		993406		1299
377		41336		996036		1297
378		41337		998663		1297
379		41336		1001303		1298
380		41336		1003935		1300
381		41336		1006564		1299
382		41336		1009200		1299
383		41335		1011854		1301
384		41335		1014513		1299
385		41335		1017140		1300
386		41335		1019786		1300
387		41335		1022421		1299
388		41340		1025059		1301
389		41340		1027690		1301
390		41340		1030331		1301
391		41339		1032973		1301
392		41338		1035617		1299
393		41338		1038257		1299
394		41338		1040890		1299
395		41338		1043516		1298
396		41338		1046141		1298
397		41339		1048776		1301
398		41338		1051404		1301
399		41338		1054045		1301
400		41336		1056673		1300
401		41336		1059317		1298
402		41336		1061957		1297
403		41338		1064582		1298
404		41340		1067214		1299
405		41340		1069832		1300
406		41340		1072478		1299
407		41340		1075119		1299
408		41340		1077745		1297
409		41342		1080389		1296
410		41339		1083005		1295
411		41339		1085626		1294
412		41339		1088272		1296
413		41339		1090904		1294
414		41339		1093540		1296
415		41338		1096180		1300
416		41338		1098836		1300
417		41338		1101471		1301
418		41338		1104127		1301
419		41338		1106770		1301
420		41338		1109403		1301
421		41339		1112038		1302
422		41339		1114660		1302
423		41339		1117285		1302
424		41338		1119930		1300
425		41338		1122574		1300
426		41338		1125226		1298
427		41338		1127857		1296
428		41338		1130483		1298
429		41338		1133102		1298
430		41338		1135744		1298
431		41338		1138375		1298
432		41338		1141000		1298
433		41338		1143642		1298
434		41338		1146274		1298
435		41338		1148908		1298
436		41338		1151551		1298
437		41338		1154174		1295
438		41338		1156798		1295
439		41338		1159437		1295
440		41338		1162054		1295
441		41338		1164688		1297
442		41338		1167322		1295
443		41338		1169951		1295
444		41338		1172586		1296
445		41338		1175224		1296
446		41338		1177856		1296
447		41338		1180486		1297
448		41338		1183108		1297
449		41338		1185734		1296
450		41338		1188375		1298
451		41338		1191010		1298
452		41338		1193656		1298
453		41338		1196294		1298
454		41338		1198935		1298
455		41337		1201561		1298
456		41338		1204191		1298
457		41337		1206828		1298
458		41337		1209462		1298
459		41337		1212095		1298
460		41337		1214732		1298
461		41337		1217381		1298
462		41337		1220027		1300
463		41338		1222656		1300
464		41337		1225297		1300
465		41337		1227926		1301
466		41337		1230550		1301
467		41337		1233172		1301
468		41337		1235810		1301
469		41337		1238445		1299
470		41337		1241072		1299
471		41337		1243705		1297
472		41337		1246352		1295
473		41337		1249001		1294
474		41338		1251644		1295
475		41338		1254269		1295
476		41337		1256895		1296
477		41337		1259530		1296
478		41337		1262181		1296
479		41337		1264800		1298
480		41337		1267439		1300
481		41337		1270063		1301
482		41337		1272687		1301
483		41337		1275313		1301
484		41337		1277932		1301
485		41337		1280557		1301
486		41337		1283201		1301
487		41337		1285815		1301
488		41337		1288454		1302
489		41337		1291091		1302
490		41337		1293739		1302
491		41337		1296378		1301
492		41337		1299018		1301
493		41337		1301662		1299
494		41337		1304297		1298
495		41337		1306938		1299
496		41337		1309569		1299
497		41337		1312203		1299
498		41337		1314837		1299
499		41336		1317466		1299
500		41336		1320107		1299
501		41336		1322737		1299
502		41336		1325371		1299
503		41336		1328002		1297
504		41336		1330641		1297
505		41336		1333274		1299
506		41336		1335899		1299
507		41336		1338536		1299
508		41336		1341178		1296
509		41336		1343809		1296
510		41336		1346432		1296
511		41336		1349070		1298
512		41336		1351720		1299
513		41336		1354357		1299
514		41336		1356996		1299
515		41336		1359628		1299
516		41335		1362259		1298
517		41335		1364874		1300
518		41335		1367504		1300
519		41335		1370129		1299
520		41335		1372751		1299
521		41335		1375387		1299
522		41335		1378020		1298
523		41335		1380664		1297
524		41335		1383311		1297
525		41335		1385945		1297
526		41335		1388573		1298
527		41335		1391198		1298
528		41335		1393827		1298
529		41335		1396455		1299
530		41335		1399085		1298
531		41335		1401706		1298
532		41335		1404340		1298
533		41335		1406968		1300
534		41335		1409599		1300
535		41335		1412223		1300
536		41335		1414857		1298
537		41336		1417500		1298
538		41335		1420136		1297
539		41335		1422764		1297
540		41335		1425391		1297
541		41335		1428027		1297
542		41335		1430657		1295
543		41335		1433289		1295
544		41335		1435924		1295
545		41335		1438552		1295
546		41334		1441180		1294
547		41334		1443818		1294
548		41334		1446457		1294
549		41334		1449108		1294
550		41334		1451748		1294
551		41334		1454375		1292
552		41334		1457014		1292
553		41334		1459642		1292
554		41334		1462279		1292
555		41334		1464904		1294
556		41334		1467532		1295
557		41334		1470172		1297
558		41334		1472803		1297
559		41334		1475447		1296
560		41334		1478065		1296
561		41334		1480709		1296
562		41334		1483345		1296
563		41334		1485973		1296
564		41334		1488609		1296
565		41334		1491233		1296
566		41334		1493874		1296
567		41334		1496480		1296
568		41334		1499102		1296
569		41334		1501759		1296
570		41334		1504388		1296
571		41334		1507014		1296
572		41334		1509644		1295
573		41334		1512279		1295
574		41334		1514904		1295
575		41334		1517531		1295
576		41334		1520166		1294
577		41334		1522806		1294
578		41334		1525434		1294
579		41334		1528068		1294
580		41334		1530710		1294
581		41334		1533333		1294
582		41334		1535969		1294
583		41334		1538600		1294
584		41334		1541237		1294
585		41334		1543873		1294
586		41334		1546517		1294
587		41334		1549140		1294
588		41334		1551783		1294
589		41334		1554408		1294
590		41334		1557028		1294
591		41334		1559653		1294
592		41334		1562287		1294
593		41334		1564898		1293
594		41334		1567519		1293
595		41334		1570148		1293
596		41334		1572782		1293
597		41334		1575407		1293
598		41334		1578048		1294
599		41334		1580683		1294
600		41334		1583319		1294
601		41334		1585957		1295
602		41334		1588585		1293
603		41334		1591212		1293
604		41334		1593846		1293
605		41334		1596458		1293
606		41334		1599094		1293
607		41334		1601728		1293
608		41334		1604363		1293
609		41334		1607003		1293
610		41334		1609631		1293
611		41330		1612264		1294
612		41330		1614877		1294
613		41330		1617518		1294
614		41330		1620132		1294
615		41330		1622772		1294
616		41330		1625424		1294
617		41330		1628049		1293
618		41330		1630693		1294
619		41330		1633325		1294
620		41330		1635962		1294
621		41329		1638581		1295
622		41329		1641234		1295
623		41329		1643867		1295
624		41329		1646510		1294
625		41333		1649159		1294
626		41329		1651790		1294
627		41331		1654443		1295
628		41331		1657078		1293
629		41333		1659721		1294
630		41333		1662373		1294
631		41341		1665018		1292
632		41339		1667662		1294
633		41339		1670300		1295
634		41344		1672927		1295
635		41341		1675568		1294
636		41341		1678202		1293
637		41340		1680818		1291
638		41343		1683439		1290
639		41341		1686063		1292
640		41342		1688709		1294
641		41345		1691338		1293
642		41340		1693976		1294
643		41341		1696613		1293
644		41340		1699259		1293
645		41337		1701908		1294
646		41342		1704555		1295
647		41340		1707182		1295
648		41341		1709820		1291
649		41342		1712455		1292
650		41341		1715072		1292
651		41342		1717698		1292
652		41341		1720324		1292
653		41340		1722967		1294
654		41342		1725593		1294
655		41343		1728230		1293
656		41343		1730856		1293
657		41343		1733491		1294
658		41343		1736130		1293
659		41347		1738751		1292
660		41350		1741387		1291
661		41349		1744016		1289
662		41350		1746645		1287
663		41347		1749292		1286
664		41347		1751916		1287
665		41347		1754549		1287
666		41347		1757167		1287
667		41349		1759803		1287
668		41351		1762411		1288
669		41350		1765040		1289
670		41352		1767673		1290
671		41353		1770295		1289
672		41352		1772939		1288
673		41351		1775569		1292
674		41351		1778171		1293
675		41353		1780809		1293
676		41352		1783448		1292
677		41350		1786083		1294
678		41350		1788698		1297
679		41350		1791342		1295
680		41352		1793982		1296
681		41348		1796610		1298
682		41349		1799249		1301
683		41349		1801886		1301
684		41349		1804527		1300
685		41350		1807162		1299
686		41345		1809795		1299
687		41347		1812431		1300
688		41347		1815079		1300
689		41348		1817709		1301
690		41349		1820360		1300
691		41343		1823004		1299
692		41339		1825637		1299
693		41339		1828261		1299
694		41339		1830897		1299
695		41338		1833531		1298
696		41338		1836165		1298
697		41338		1838789		1298
698		41339		1841422		1296
699		41338		1844035		1297
700		41339		1846665		1295
701		41338		1849305		1297
702		41338		1851913		1297
703		41337		1854554		1297
704		41337		1857199		1298
705		41338		1859824		1298
706		41339		1862456		1298
707		41335		1865112		1298
708		41336		1867738		1296
709		41337		1870372		1298
710		41336		1873010		1298
711		41336		1875660		1298
712		41337		1878305		1297
713		41337		1880929		1297
714		41336		1883578		1299
715		41334		1886225		1297
716		41334		1888855		1297
717		41334		1891479		1297
718		41334		1894121		1297
719		41334		1896753		1297
720		41331		1899392		1297
721		41331		1902024		1297
722		41334		1904661		1297
723		41338		1907317		1303
724		41336		1909954		1305
725		41336		1912583		1305
726		41335		1915219		1300
727		41337		1917854		1301
728		41336		1920486		1299
729		41337		1923113		1299
730		41337		1925742		1302
731		41335		1928386		1300
732		41334		1931005		1301
733		41338		1933648		1300
734		41336		1936286		1298
735		41341		1938933		1297
736		41338		1941586		1297
737		41338		1944218		1297
738		41341		1946851		1295
739		41340		1949506		1296
740		41339		1952131		1298
741		41340		1954757		1299
742		41340		1957378		1297
743		41340		1959988		1299
744		41341		1962609		1299
745		41338		1965258		1297
746		41337		1967879		1297
747		41338		1970529		1296
748		41339		1973146		1296
749		41337		1975798		1296
750		41337		1978416		1296
751		41337		1981043		1300
752		41337		1983664		1300
753		41339		1986293		1298
754		41339		1988931		1300
755		41341		1991567		1300
756		41342		1994190		1300
757		41341		1996838		1300
758		41344		1999469		1298
759		41343		2002115		1298
760		41342		2004737		1298
761		41343		2007381		1297
762		41343		2010028		1300
763		41341		2012652		1299
764		41341		2015271		1298
765		41342		2017896		1296
766		41340		2020525		1296
767		41344		2023162		1296
768		41344		2025794		1298
769		41341		2028419		1298
770		41341		2031056		1298
771		41341		2033687		1298
772		41341		2036312		1298
773		41341		2038950		1300
774		41341		2041582		1302
775		41341		2044208		1302
776		41341		2046843		1302
777		41340		2049495		1300
778		41340		2052132		1300
779		41340		2054762		1299
780		41340		2057401		1299
781		41341		2060035		1300
782		41341		2062661		1300
783		41341		2065292		1298
784		41340		2067905		1299
785		41334		2070531		1294
786		41336		2073170		1294
787		41336		2075800		1293
788		41335		2078436		1293
789		41335		2081052		1293
790		41335		2083696		1293
791		41335		2086311		1293
792		41335		2088952		1293
793		41334		2091594		1293
794		41334		2094213		1296
795		41334		2096845		1296
796		41334		2099488		1294
797		41334		2102132		1294
798		41334		2104770		1294
799		41334		2107411		1295
800		41335		2110037		1293
801		41335		2112680		1293
802		41334		2115319		1292
803		41335		2117942		1290
804		41334		2120568		1290
805		41335		2123207		1290
806		41333		2125838		1290
807		41333		2128460		1289
808		41333		2131085		1290
809		41333		2133720		1290
810		41333		2136342		1293
811		41333		2138972		1291
812		41335		2141600		1292
813		41335		2144230		1292
814		41335		2146870		1293
815		41335		2149506		1293
816		41334		2152140		1292
817		41334		2154767		1293
818		41335		2157409		1293
819		41334		2160043		1294
820		41334		2162681		1295
821		41334		2165307		1295
822		41333		2167940		1296
823		41330		2170579		1294
824		41331		2173218		1294
825		41331		2175831		1294
826		41330		2178475		1294
827		41330		2181114		1294
828		41330		2183752		1293
829		41330		2186386		1292
830		41330		2189026		1291
831		41329		2191659		1290
832		41329		2194292		1292
833		41329		2196932		1291
834		41329		2199559		1291
835		41329		2202187		1291
836		41329		2204809		1291
837		41329		2207440		1291
838		41329		2210078		1291
839		41329		2212709		1290
840		41329		2215344		1290
841		41329		2217988		1289
842		41329		2220617		1289
843		41329		2223239		1289
844		41329		2225854		1290
845		41329		2228498		1290
846		41329		2231125		1289
847		41329		2233761		1291
848		41329		2236397		1291
849		41329		2239043		1291
850		41329		2241663		1290
851		41330		2244319		1290
852		41329		2246943		1290
853		41330		2249586		1290
854		41329		2252215		1291
855		41329		2254848		1291
856		41329		2257480		1293
857		41329		2260121		1293
858		41329		2262746		1293
859		41329		2265371		1293
860		41329		2268016		1293
861		41329		2270621		1293
862		41329		2273253		1293
863		41329		2275885		1293
864		41329		2278522		1296
865		41329		2281138		1295
866		41329		2283771		1295
867		41329		2286385		1293
868		41329		2289004		1290
869		41329		2291663		1290
870		41329		2294314		1290
871		41329		2296946		1289
872		41329		2299596		1291
873		41329		2302232		1293
874		41329		2304875		1293
875		41329		2307517		1292
876		41329		2310136		1292
877		41329		2312770		1292
878		41329		2315400		1293
879		41329		2318035		1293
880		41330		2320668		1294
881		41329		2323309		1294
882		41329		2325937		1294
883		41329		2328570		1294
884		41329		2331221		1294
885		41329		2333858		1294
886		41329		2336495		1294
887		41329		2339137		1294
888		41329		2341766		1295
889		41329		2344390		1297
890		41329		2347011		1297
891		41329		2349644		1297
892		41329		2352281		1297
893		41329		2354927		1297
894		41329		2357568		1297
895		41329		2360187		1297
896		41329		2362821		1297
897		41329		2365440		1297
898		41329		2368083		1297
899		41329		2370715		1295
900		41329		2373348		1295
901		41329		2375975		1295
902		41329		2378613		1295
903		41329		2381229		1295
904		41329		2383862		1297
905		41329		2386486		1297
906		41329		2389125		1298
907		41329		2391765		1299
908		41329		2394392		1299
909		41329		2397016		1299
910		41329		2399647		1299
911		41329		2402265		1299
912		41329		2404901		1299
913		41329		2407538		1297
914		41329		2410157		1297
915		41329		2412793		1297
916		41329		2415431		1296
917		41329		2418060		1296
918		41329		2420689		1296
919		41330		2423327		1294
920		41329		2425958		1294
921		41329		2428591		1294
922		41330		2431224		1294
923		41329		2433866		1290
924		41330		2436481		1290
925		41330		2439117		1293
926		41329		2441754		1293
927		41329		2444380		1293
928		41328		2447034		1293
929		41328		2449670		1291
930		41328		2452304		1291
931		41328		2454938		1291
932		41328		2457571		1289
933		41328		2460208		1289
934		41328		2462859		1289
935		41328		2465464		1289
936		41328		2468076		1291
937		41328		2470713		1291
938		41328		2473350		1291
939		41328		2476003		1291
940		41328		2478650		1291
941		41328		2481279		1291
942		41328		2483906		1290
943		41328		2486538		1290
944		41328		2489155		1290
945		41328		2491788		1290
946		41328		2494424		1290
947		41328		2497067		1290
948		41328		2499697		1290
949		41328		2502326		1290
950		41328		2504950		1289
951		41328		2507590		1291
952		41328		2510218		1291
953		41328		2512857		1292
954		41328		2515493		1293
955		41328		2518108		1293
956		41328		2520731		1293
957		41328		2523363		1293
958		41328		2525996		1293
959		41328		2528626		1293
960		41328		2531257		1293
961		41328		2533886		1293
962		41332		2536513		1294
963		41332		2539152		1296
964		41332		2541797		1296
965		41332		2544416		1296
966		41332		2547056		1296
967		41332		2549711		1294
968		41332		2552358		1294
969		41332		2554990		1294
970		41332		2557624		1294
971		41332		2560258		1294
972		41334		2562899		1294
973		41334		2565532		1294
974		41334		2568167		1292
975		41334		2570790		1292
976		41334		2573418		1292
977		41334		2576060		1292
978		41334		2578698		1293
979		41334		2581329		1293
980		41334		2583960		1294
981		41334		2586580		1294
982		41334		2589204		1294
983		41334		2591833		1293
984		41334		2594468		1293
985		41334		2597100		1293
986		41334		2599740		1293
987		41334		2602375		1293
988		41334		2605006		1293
989		41334		2607643		1293
990		41334		2610282		1293
991		41334		2612919		1293
992		41334		2615547		1293
993		41334		2618173		1293
994		41334		2620807		1293
995		41334		2623463		1293
996		41334		2626109		1293
997		41334		2628737		1293
998		41334		2631362		1293
999		41334		2634001		1294
