# Migration is number of nodes that have changed color.

Round		Edge-Cut		Swaps		Migrations		Skipped
0		62612		2694		847
1		56059		5367		1069
2		51248		8064		1163
3		49045		10729		1219
4		47386		13393		1265
5		46523		16063		1289
6		45422		18713		1287
7		44968		21382		1293
8		44297		24031		1287
9		43838		26680		1282
10		43325		29318		1281
11		43100		31979		1269
12		42742		34631		1281
13		42489		37270		1279
14		42379		39903		1281
15		42321		42537		1279
16		42291		45174		1281
17		42214		47819		1284
18		42094		50468		1292
19		42056		53117		1300
20		41965		55748		1297
21		41910		58383		1302
22		41863		61038		1300
23		41817		63678		1304
24		41801		66322		1300
25		41761		68960		1302
26		41745		71604		1302
27		41728		74234		1305
28		41708		76886		1309
29		41678		79524		1300
30		41658		82162		1290
31		41618		84793		1298
32		41603		87441		1294
33		41578		90083		1293
34		41578		92729		1301
35		41563		95373		1293
36		41550		98005		1286
37		41554		100640		1289
38		41546		103294		1289
39		41526		105938		1290
40		41516		108588		1296
41		41514		111219		1292
42		41473		113864		1294
43		41473		116500		1298
44		41473		119135		1290
45		41462		121773		1296
46		41454		124402		1298
47		41424		127056		1296
48		41423		129701		1297
49		41411		132325		1299
50		41399		134961		1303
51		41402		137592		1301
52		41399		140223		1297
53		41394		142863		1296
54		41392		145496		1298
55		41391		148146		1301
56		41380		150794		1299
57		41384		153436		1296
58		41375		156072		1302
59		41372		158716		1304
60		41376		161358		1304
61		41367		163989		1303
62		41366		166627		1301
63		41367		169249		1306
64		41361		171885		1306
65		41361		174511		1302
66		41369		177143		1302
67		41362		179783		1308
68		41360		182416		1307
69		41338		185047		1306
70		41335		187702		1308
71		41331		190336		1309
72		41328		192987		1302
73		41326		195621		1304
74		41324		198265		1301
75		41321		200909		1306
76		41318		203560		1306
77		41326		206206		1301
78		41324		208848		1298
79		41320		211476		1297
80		41320		214110		1295
81		41320		216751		1293
82		41318		219388		1293
83		41317		222027		1292
84		41321		224672		1289
85		41320		227326		1299
86		41317		229958		1296
87		41317		232598		1300
88		41310		235238		1296
89		41309		237873		1298
90		41310		240517		1297
91		41310		243158		1298
92		41310		245769		1298
93		41313		248409		1295
94		41297		251055		1294
95		41297		253678		1296
96		41296		256321		1302
97		41297		258949		1300
98		41298		261585		1297
99		41294		264212		1296
100		41293		266841		1296
101		41293		269481		1298
102		41295		272115		1300
103		41295		274756		1301
104		41294		277382		1301
105		41294		280017		1305
106		41295		282642		1304
107		41293		285284		1306
108		41293		287932		1304
109		41294		290579		1304
110		41294		293211		1304
111		41295		295844		1303
112		41295		298486		1302
113		41296		301130		1303
114		41299		303774		1308
115		41293		306424		1309
116		41291		309060		1309
117		41290		311711		1307
118		41290		314336		1313
119		41290		316990		1310
120		41291		319626		1313
121		41290		322270		1314
122		41289		324895		1311
123		41289		327535		1308
124		41289		330171		1308
125		41289		332815		1304
126		41283		335449		1305
127		41281		338090		1304
128		41283		340732		1308
129		41283		343368		1306
130		41290		346000		1308
131		41289		348643		1305
132		41289		351277		1305
133		41285		353922		1306
134		41303		356531		1304
135		41292		359160		1308
136		41290		361798		1306
137		41290		364430		1305
138		41290		367087		1306
139		41292		369729		1304
140		41290		372373		1302
141		41286		375014		1301
142		41286		377657		1302
143		41288		380292		1298
144		41298		382938		1301
145		41289		385574		1299
146		41289		388214		1301
147		41289		390853		1299
148		41287		393497		1298
149		41292		396142		1299
150		41291		398772		1298
151		41290		401414		1301
152		41290		404045		1301
153		41289		406692		1303
154		41289		409318		1304
155		41291		411941		1305
156		41291		414578		1307
157		41289		417198		1310
158		41295		419843		1311
159		41295		422481		1311
160		41295		425125		1307
161		41294		427760		1304
162		41293		430393		1300
163		41294		433026		1298
164		41294		435677		1301
165		41293		438313		1301
166		41293		440952		1303
167		41295		443583		1299
168		41296		446235		1299
169		41295		448869		1297
170		41296		451503		1297
171		41295		454141		1297
172		41293		456772		1298
173		41295		459419		1296
174		41292		462051		1297
175		41294		464674		1295
176		41294		467296		1295
177		41286		469932		1296
178		41286		472561		1297
179		41284		475196		1299
180		41284		477832		1299
181		41285		480455		1299
182		41282		483107		1302
183		41282		485760		1302
184		41281		488379		1301
185		41281		491008		1300
186		41280		493645		1301
187		41280		496285		1301
188		41280		498907		1300
189		41280		501539		1299
190		41280		504174		1299
191		41270		506816		1301
192		41272		509466		1298
193		41270		512102		1297
194		41269		514723		1296
195		41270		517355		1294
196		41269		519996		1294
197		41269		522630		1293
198		41269		525259		1295
199		41268		527889		1298
200		41267		530525		1298
201		41267		533164		1302
202		41268		535806		1301
203		41266		538447		1301
204		41266		541084		1302
205		41266		543720		1301
206		41266		546368		1300
207		41268		549012		1300
208		41268		551667		1303
209		41268		554306		1305
210		41268		556936		1305
211		41266		559571		1306
212		41266		562198		1309
213		41266		564834		1310
214		41267		567444		1310
215		41267		570073		1310
216		41269		572717		1310
217		41268		575341		1309
218		41269		577985		1305
219		41269		580594		1305
220		41269		583226		1305
221		41273		585870		1304
222		41272		588505		1304
223		41269		591135		1305
224		41269		593779		1305
225		41268		596434		1307
226		41271		599078		1305
227		41271		601715		1305
228		41268		604360		1307
229		41266		606995		1307
230		41266		609635		1308
231		41265		612245		1308
232		41265		614891		1306
233		41265		617531		1307
234		41265		620170		1307
235		41266		622813		1301
236		41271		625445		1302
237		41272		628078		1303
238		41269		630723		1302
239		41274		633359		1305
240		41273		635995		1304
241		41271		638649		1305
242		41270		641275		1301
243		41275		643913		1300
244		41272		646548		1298
245		41272		649190		1296
246		41272		651830		1296
247		41272		654450		1296
248		41270		657076		1299
249		41269		659712		1300
250		41268		662331		1299
251		41267		664964		1299
252		41267		667588		1295
253		41265		670234		1298
254		41265		672859		1298
255		41265		675490		1298
256		41266		678126		1298
257		41265		680759		1302
258		41265		683397		1302
259		41265		686025		1302
260		41265		688659		1301
261		41267		691302		1299
262		41264		693937		1299
263		41266		696574		1301
264		41266		699220		1300
265		41266		701838		1299
266		41265		704500		1299
267		41266		707127		1298
268		41266		709773		1297
269		41268		712422		1298
270		41267		715039		1298
271		41268		717678		1300
272		41267		720291		1299
273		41271		722936		1302
274		41269		725585		1302
275		41269		728229		1302
276		41269		730875		1305
277		41266		733508		1307
278		41268		736158		1305
279		41268		738797		1305
280		41268		741435		1307
281		41268		744068		1305
282		41268		746697		1302
283		41274		749334		1301
284		41270		751990		1299
285		41273		754630		1301
286		41271		757258		1302
287		41267		759885		1301
288		41264		762516		1300
289		41264		765158		1296
290		41267		767794		1294
291		41267		770438		1293
292		41268		773066		1293
293		41267		775708		1292
294		41266		778357		1290
295		41267		780995		1290
296		41267		783630		1293
297		41267		786251		1293
298		41266		788877		1296
299		41266		791512		1297
300		41268		794146		1299
301		41268		796795		1301
302		41266		799419		1301
303		41266		802069		1301
304		41266		804719		1301
305		41263		807344		1301
306		41265		809981		1297
307		41263		812614		1300
308		41263		815242		1298
309		41263		817872		1298
310		41263		820517		1298
311		41263		823156		1300
312		41263		825799		1300
313		41263		828446		1300
314		41263		831077		1300
315		41263		833719		1300
316		41263		836361		1304
317		41263		838987		1304
318		41263		841633		1304
319		41263		844275		1303
320		41263		846924		1302
321		41263		849550		1302
322		41263		852177		1302
323		41267		854809		1302
324		41263		857451		1303
325		41263		860111		1303
326		41263		862748		1302
327		41265		865389		1301
328		41264		868016		1302
329		41264		870658		1302
330		41264		873285		1303
331		41264		875922		1303
332		41264		878556		1304
333		41264		881194		1305
334		41264		883814		1307
335		41266		886468		1307
336		41266		889096		1307
337		41269		891738		1308
338		41269		894369		1309
339		41269		897002		1308
340		41267		899623		1309
341		41270		902246		1308
342		41271		904875		1309
343		41269		907510		1309
344		41269		910146		1310
345		41269		912769		1311
346		41269		915401		1312
347		41269		918030		1310
348		41268		920656		1312
349		41266		923265		1311
350		41266		925897		1310
351		41266		928537		1311
352		41265		931171		1313
353		41266		933807		1313
354		41265		936459		1312
355		41265		939073		1314
356		41265		941712		1314
357		41265		944348		1312
358		41265		946981		1312
359		41267		949618		1313
360		41265		952257		1312
361		41266		954872		1311
362		41266		957500		1313
363		41266		960139		1313
364		41269		962799		1312
365		41267		965427		1313
366		41268		968043		1312
367		41268		970690		1312
368		41266		973334		1311
369		41267		975973		1309
370		41266		978615		1311
371		41266		981250		1311
372		41266		983903		1310
373		41267		986533		1311
374		41265		989169		1312
375		41266		991811		1313
376		41269		994451		1313
377		41268		997093		1312
378		41266		999724		1314
379		41266		1002370		1314
380		41267		1004988		1312
381		41267		1007616		1312
382		41266		1010236		1312
383		41266		1012874		1312
384		41267		1015495		1312
385		41266		1018150		1308
386		41265		1020787		1308
387		41269		1023431		1310
388		41267		1026079		1310
389		41268		1028722		1309
390		41268		1031344		1307
391		41267		1033980		1309
392		41267		1036621		1307
393		41269		1039260		1307
394		41270		1041906		1305
395		41266		1044541		1304
396		41277		1047175		1301
397		41278		1049813		1301
398		41281		1052452		1306
399		41284		1055094		1307
400		41283		1057720		1306
401		41283		1060359		1306
402		41282		1062996		1304
403		41280		1065630		1305
404		41282		1068263		1305
405		41283		1070912		1306
406		41281		1073537		1303
407		41283		1076176		1303
408		41282		1078810		1304
409		41280		1081460		1303
410		41281		1084092		1303
411		41280		1086723		1303
412		41281		1089357		1304
413		41283		1092003		1302
414		41282		1094653		1302
415		41281		1097297		1304
416		41280		1099942		1306
417		41282		1102567		1306
418		41283		1105210		1306
419		41282		1107847		1308
420		41283		1110490		1308
421		41283		1113142		1309
422		41281		1115771		1309
423		41283		1118392		1309
424		41281		1121032		1307
425		41281		1123664		1307
426		41281		1126301		1307
427		41280		1128936		1308
428		41280		1131585		1309
429		41281		1134217		1309
430		41278		1136857		1307
431		41277		1139481		1305
432		41277		1142112		1306
433		41277		1144759		1302
434		41276		1147412		1303
435		41278		1150036		1301
436		41276		1152674		1302
437		41278		1155306		1301
438		41278		1157922		1298
439		41278		1160571		1299
440		41276		1163218		1300
441		41276		1165845		1299
442		41276		1168480		1301
443		41276		1171124		1303
444		41276		1173752		1303
445		41276		1176379		1302
446		41276		1179013		1303
447		41276		1181644		1305
448		41277		1184283		1305
449		41276		1186905		1307
450		41275		1189538		1307
451		41275		1192165		1307
452		41300		1194806		1307
453		41300		1197445		1307
454		41300		1200091		1307
455		41296		1202728		1306
456		41288		1205364		1310
457		41288		1208009		1311
458		41288		1210640		1310
459		41291		1213266		1311
460		41291		1215908		1307
461		41289		1218550		1307
462		41290		1221181		1307
463		41288		1223828		1309
464		41288		1226454		1311
465		41287		1229074		1311
466		41289		1231715		1311
467		41289		1234342		1311
468		41289		1236984		1310
469		41287		1239620		1308
470		41287		1242253		1308
471		41287		1244897		1309
472		41286		1247534		1309
473		41286		1250167		1307
474		41286		1252801		1307
475		41286		1255429		1305
476		41285		1258063		1307
477		41285		1260701		1307
478		41285		1263341		1308
479		41285		1265995		1308
480		41285		1268620		1307
481		41285		1271261		1309
482		41285		1273920		1307
483		41285		1276552		1307
484		41285		1279177		1307
485		41285		1281819		1307
486		41285		1284468		1309
487		41285		1287119		1311
488		41285		1289767		1311
489		41285		1292397		1311
490		41285		1295046		1312
491		41285		1297687		1312
492		41285		1300332		1312
493		41285		1302964		1313
494		41285		1305596		1311
495		41284		1308236		1311
496		41284		1310861		1312
497		41286		1313507		1312
498		41284		1316137		1312
499		41284		1318771		1312
500		41284		1321404		1311
501		41284		1324035		1313
502		41284		1326666		1313
503		41284		1329318		1315
504		41284		1331949		1312
505		41284		1334583		1312
506		41286		1337238		1310
507		41285		1339860		1310
508		41285		1342504		1309
509		41287		1345137		1309
510		41287		1347780		1309
511		41284		1350409		1310
512		41284		1353024		1311
513		41287		1355648		1310
514		41284		1358286		1309
515		41284		1360916		1310
516		41284		1363551		1312
517		41284		1366183		1311
518		41284		1368805		1312
519		41284		1371445		1312
520		41284		1374094		1312
521		41284		1376742		1313
522		41284		1379370		1313
523		41286		1382003		1312
524		41285		1384627		1309
525		41285		1387252		1309
526		41284		1389886		1308
527		41284		1392515		1308
528		41284		1395151		1308
529		41284		1397776		1309
530		41284		1400404		1310
531		41284		1403046		1311
532		41284		1405670		1311
533		41282		1408310		1309
534		41282		1410944		1309
535		41282		1413592		1309
536		41282		1416234		1308
537		41282		1418875		1306
538		41282		1421518		1307
539		41282		1424163		1308
540		41282		1426806		1308
541		41282		1429452		1308
542		41281		1432074		1309
543		41285		1434697		1310
544		41285		1437348		1310
545		41285		1439985		1310
546		41285		1442621		1309
547		41285		1445258		1309
548		41285		1447889		1309
549		41285		1450527		1309
550		41285		1453162		1306
551		41285		1455796		1306
552		41285		1458444		1305
553		41285		1461082		1305
554		41285		1463717		1303
555		41285		1466354		1303
556		41285		1468992		1303
557		41285		1471639		1303
558		41285		1474261		1303
559		41285		1476910		1303
560		41285		1479550		1303
561		41285		1482199		1303
562		41285		1484823		1303
563		41285		1487465		1303
564		41285		1490107		1304
565		41285		1492726		1306
566		41285		1495371		1305
567		41285		1498006		1305
568		41285		1500646		1305
569		41285		1503289		1303
570		41285		1505911		1303
571		41285		1508547		1304
572		41285		1511180		1306
573		41285		1513808		1306
574		41285		1516440		1306
575		41285		1519071		1306
576		41285		1521694		1306
577		41285		1524330		1307
578		41285		1526971		1306
579		41285		1529599		1306
580		41285		1532258		1306
581		41285		1534889		1308
582		41285		1537526		1310
583		41285		1540171		1308
584		41285		1542810		1308
585		41285		1545435		1308
586		41285		1548079		1306
587		41285		1550716		1304
588		41285		1553341		1303
589		41285		1555980		1305
590		41285		1558607		1305
591		41285		1561233		1305
592		41285		1563862		1305
593		41285		1566490		1304
594		41285		1569156		1304
595		41285		1571795		1304
596		41285		1574424		1304
597		41285		1577061		1305
598		41285		1579683		1303
599		41285		1582321		1303
600		41285		1584952		1304
601		41285		1587589		1305
602		41285		1590234		1307
603		41285		1592860		1307
604		41285		1595513		1308
605		41285		1598139		1307
606		41285		1600751		1306
607		41286		1603367		1306
608		41286		1606016		1306
609		41286		1608656		1306
610		41286		1611287		1306
611		41286		1613915		1307
612		41285		1616549		1308
613		41285		1619176		1307
614		41286		1621811		1307
615		41287		1624456		1305
616		41286		1627102		1308
617		41287		1629724		1308
618		41285		1632347		1307
619		41287		1634994		1303
620		41287		1637634		1303
621		41286		1640273		1304
622		41285		1642901		1304
623		41285		1645531		1302
624		41287		1648159		1302
625		41288		1650783		1301
626		41288		1653420		1301
627		41285		1656049		1303
628		41287		1658689		1305
629		41290		1661325		1304
630		41288		1663937		1305
631		41288		1666572		1306
632		41287		1669185		1307
633		41287		1671814		1305
634		41287		1674455		1307
635		41289		1677089		1305
636		41289		1679718		1305
637		41288		1682344		1305
638		41285		1684979		1306
639		41287		1687614		1308
640		41285		1690242		1307
641		41287		1692887		1309
642		41285		1695539		1307
643		41286		1698155		1309
644		41286		1700794		1311
645		41286		1703438		1311
646		41287		1706068		1311
647		41285		1708709		1311
648		41287		1711356		1311
649		41285		1713972		1311
650		41287		1716612		1311
651		41287		1719226		1311
652		41287		1721854		1311
653		41285		1724484		1311
654		41285		1727116		1310
655		41285		1729759		1310
656		41287		1732396		1309
657		41287		1735019		1308
658		41288		1737664		1308
659		41288		1740286		1308
660		41288		1742924		1309
661		41286		1745566		1307
662		41289		1748198		1307
663		41286		1750841		1307
664		41286		1753460		1307
665		41286		1756081		1307
666		41285		1758709		1307
667		41285		1761345		1311
668		41285		1763997		1310
669		41286		1766631		1310
670		41287		1769272		1312
671		41288		1771899		1312
672		41287		1774545		1312
673		41289		1777183		1314
674		41289		1779810		1314
675		41288		1782452		1316
676		41290		1785091		1315
677		41288		1787722		1313
678		41288		1790356		1311
679		41289		1792988		1311
680		41288		1795602		1313
681		41289		1798240		1313
682		41288		1800870		1314
683		41288		1803495		1314
684		41289		1806129		1314
685		41287		1808769		1314
686		41287		1811409		1316
687		41287		1814052		1317
688		41287		1816682		1317
689		41287		1819310		1317
690		41287		1821945		1317
691		41287		1824569		1317
692		41287		1827203		1319
693		41289		1829835		1318
694		41288		1832473		1318
695		41289		1835110		1318
696		41288		1837751		1318
697		41288		1840392		1316
698		41288		1843020		1315
699		41288		1845658		1314
700		41288		1848297		1314
701		41287		1850926		1315
702		41283		1853563		1314
703		41284		1856213		1309
704		41282		1858839		1310
705		41286		1861472		1310
706		41282		1864105		1308
707		41282		1866745		1308
708		41282		1869372		1308
709		41282		1872003		1309
710		41282		1874637		1309
711		41282		1877269		1308
712		41284		1879913		1307
713		41282		1882540		1309
714		41282		1885172		1310
715		41282		1887804		1311
716		41282		1890436		1311
717		41284		1893075		1312
718		41284		1895720		1309
719		41284		1898364		1311
720		41284		1901002		1311
721		41284		1903644		1312
722		41284		1906278		1310
723		41284		1908913		1312
724		41286		1911569		1312
725		41286		1914206		1312
726		41287		1916843		1310
727		41286		1919493		1311
728		41286		1922132		1309
729		41287		1924776		1308
730		41287		1927400		1306
731		41285		1930032		1307
732		41287		1932688		1309
733		41286		1935318		1308
734		41285		1937962		1309
735		41286		1940612		1309
736		41285		1943267		1308
737		41284		1945906		1308
738		41286		1948554		1307
739		41286		1951200		1307
740		41286		1953817		1308
741		41286		1956455		1307
742		41287		1959093		1307
743		41287		1961738		1307
744		41287		1964382		1307
745		41287		1967025		1310
746		41286		1969669		1309
747		41285		1972308		1307
748		41285		1974959		1309
749		41285		1977596		1312
750		41285		1980243		1308
751		41285		1982874		1309
752		41285		1985501		1307
753		41285		1988138		1306
754		41285		1990783		1306
755		41285		1993409		1306
756		41285		1996056		1309
757		41285		1998698		1307
758		41285		2001327		1309
759		41285		2003967		1309
760		41285		2006600		1307
761		41285		2009241		1309
762		41285		2011858		1308
763		41285		2014476		1307
764		41285		2017102		1308
765		41285		2019754		1308
766		41285		2022399		1307
767		41285		2025039		1307
768		41285		2027696		1306
769		41285		2030341		1306
770		41287		2033001		1305
771		41287		2035625		1302
772		41286		2038262		1305
773		41284		2040896		1308
774		41286		2043534		1309
775		41284		2046162		1309
776		41286		2048790		1310
777		41289		2051419		1310
778		41288		2054063		1313
779		41286		2056695		1315
780		41286		2059332		1314
781		41287		2061970		1314
782		41287		2064605		1315
783		41287		2067246		1315
784		41287		2069879		1317
785		41287		2072521		1315
786		41288		2075151		1316
787		41289		2077783		1319
788		41289		2080408		1317
789		41289		2083043		1317
790		41289		2085670		1317
791		41289		2088311		1317
792		41288		2090944		1318
793		41288		2093586		1317
794		41288		2096227		1315
795		41287		2098865		1313
796		41287		2101506		1313
797		41287		2104145		1315
798		41287		2106800		1314
799		41287		2109438		1314
800		41287		2112074		1315
801		41287		2114710		1313
802		41287		2117331		1313
803		41287		2119966		1313
804		41287		2122604		1313
805		41287		2125247		1314
806		41287		2127881		1314
807		41287		2130511		1312
808		41287		2133144		1310
809		41287		2135786		1310
810		41287		2138416		1308
811		41289		2141051		1308
812		41289		2143689		1308
813		41287		2146324		1307
814		41287		2148974		1312
815		41289		2151597		1311
816		41287		2154232		1309
817		41287		2156871		1309
818		41287		2159517		1305
819		41286		2162151		1306
820		41286		2164780		1308
821		41288		2167429		1307
822		41286		2170073		1308
823		41286		2172701		1308
824		41286		2175334		1308
825		41286		2177975		1308
826		41286		2180626		1309
827		41286		2183245		1306
828		41286		2185866		1306
829		41286		2188492		1306
830		41286		2191117		1306
831		41286		2193744		1306
832		41286		2196399		1308
833		41286		2199047		1308
834		41286		2201682		1307
835		41286		2204327		1309
836		41286		2206962		1307
837		41286		2209592		1308
838		41286		2212224		1307
839		41286		2214858		1310
840		41286		2217488		1312
841		41286		2220122		1313
842		41288		2222756		1313
843		41289		2225384		1313
844		41289		2227997		1312
845		41287		2230632		1310
846		41287		2233262		1310
847		41287		2235895		1310
848		41287		2238537		1310
849		41287		2241160		1310
850		41286		2243816		1312
851		41286		2246458		1312
852		41286		2249093		1311
853		41286		2251751		1311
854		41286		2254405		1311
855		41286		2257036		1311
856		41286		2259668		1310
857		41286		2262312		1310
858		41286		2264952		1307
859		41286		2267566		1307
860		41286		2270193		1307
861		41286		2272837		1305
862		41286		2275465		1306
863		41286		2278093		1306
864		41286		2280726		1306
865		41286		2283362		1304
866		41286		2286000		1304
867		41286		2288631		1304
868		41286		2291251		1304
869		41286		2293893		1306
870		41286		2296515		1306
871		41286		2299165		1306
872		41286		2301806		1306
873		41286		2304448		1307
874		41286		2307078		1308
875		41286		2309713		1308
876		41286		2312333		1305
877		41286		2314983		1305
878		41286		2317623		1307
879		41286		2320263		1307
880		41286		2322919		1311
881		41286		2325555		1309
882		41286		2328185		1309
883		41286		2330825		1309
884		41286		2333466		1308
885		41286		2336094		1310
886		41286		2338732		1310
887		41286		2341362		1309
888		41286		2344005		1310
889		41286		2346645		1310
890		41286		2349277		1311
891		41286		2351916		1310
892		41286		2354557		1310
893		41286		2357186		1309
894		41286		2359819		1307
895		41286		2362441		1307
896		41288		2365074		1305
897		41286		2367700		1305
898		41286		2370336		1306
899		41286		2372975		1306
900		41286		2375615		1306
901		41286		2378260		1306
902		41286		2380906		1311
903		41286		2383523		1309
904		41291		2386159		1307
905		41291		2388783		1307
906		41286		2391406		1303
907		41288		2394044		1302
908		41286		2396688		1303
909		41288		2399331		1302
910		41286		2401959		1308
911		41286		2404580		1307
912		41288		2407213		1307
913		41288		2409860		1307
914		41290		2412496		1309
915		41290		2415130		1309
916		41288		2417776		1308
917		41288		2420419		1309
918		41288		2423061		1307
919		41288		2425700		1306
920		41288		2428335		1308
921		41288		2430957		1306
922		41288		2433587		1306
923		41288		2436232		1304
924		41288		2438867		1303
925		41288		2441512		1305
926		41286		2444144		1305
927		41286		2446770		1305
928		41286		2449396		1305
929		41286		2452030		1305
930		41286		2454671		1305
931		41286		2457326		1307
932		41286		2459957		1309
933		41286		2462594		1309
934		41286		2465212		1307
935		41286		2467843		1307
936		41286		2470475		1308
937		41286		2473126		1308
938		41286		2475771		1307
939		41286		2478401		1306
940		41286		2481049		1310
941		41286		2483690		1310
942		41286		2486318		1310
943		41286		2488963		1310
944		41286		2491604		1310
945		41286		2494228		1309
946		41286		2496867		1303
947		41286		2499511		1305
948		41286		2502137		1307
949		41286		2504768		1306
950		41286		2507394		1306
951		41286		2510021		1305
952		41286		2512664		1305
953		41286		2515280		1305
954		41286		2517914		1306
955		41286		2520567		1304
956		41286		2523219		1304
957		41286		2525865		1304
958		41286		2528500		1306
959		41286		2531137		1304
960		41286		2533773		1304
961		41288		2536400		1304
962		41286		2539052		1304
963		41287		2541668		1304
964		41287		2544306		1304
965		41286		2546958		1304
966		41286		2549589		1306
967		41286		2552231		1306
968		41287		2554866		1305
969		41286		2557512		1305
970		41286		2560160		1306
971		41288		2562777		1302
972		41289		2565412		1302
973		41289		2568055		1301
974		41289		2570699		1303
975		41287		2573337		1304
976		41289		2575979		1305
977		41289		2578619		1308
978		41288		2581251		1306
979		41288		2583901		1306
980		41288		2586540		1308
981		41288		2589170		1307
982		41288		2591816		1308
983		41288		2594465		1308
984		41288		2597109		1308
985		41287		2599733		1307
986		41287		2602366		1308
987		41287		2604995		1308
988		41287		2607638		1308
989		41287		2610267		1307
990		41287		2612921		1307
991		41287		2615553		1309
992		41288		2618200		1308
993		41290		2620846		1309
994		41288		2623461		1312
995		41288		2626098		1312
996		41288		2628730		1312
997		41290		2631364		1310
998		41288		2633999		1313
999		41288		2636632		1312
