# Migration is number of nodes that have changed color.

Round		Edge-Cut		Swaps		Migrations		Skipped
0		106761		2719		1601
1		83482		5432		1876
2		70991		8126		1949
3		62530		10797		2003
4		57156		13469		2003
5		52658		16136		2012
6		49898		18785		2017
7		47628		21441		2020
8		45992		24105		2005
9		45292		26765		2014
10		44843		29432		2017
11		44473		32077		2026
12		44011		34723		2027
13		43517		37381		2027
14		43188		40022		2030
15		42837		42670		2031
16		42707		45315		2030
17		42572		47958		2035
18		42225		50600		2046
19		42135		53244		2052
20		41890		55888		2046
21		41823		58537		2048
22		41792		61174		2047
23		41757		63824		2044
24		41726		66474		2048
25		41655		69115		2045
26		41638		71758		2037
27		41580		74390		2045
28		41584		77025		2046
29		41580		79650		2043
30		41544		82299		2038
31		41540		84955		2043
32		41518		87584		2032
33		41462		90221		2043
34		41455		92870		2039
35		41449		95498		2040
36		41440		98143		2047
37		41429		100788		2050
38		41412		103428		2046
39		41402		106076		2041
40		41390		108728		2041
41		41364		111366		2047
42		41347		113983		2051
43		41345		116626		2053
44		41360		119270		2044
45		41353		121918		2044
46		41348		124570		2041
47		41344		127201		2043
48		41341		129845		2041
49		41339		132460		2042
50		41339		135110		2044
51		41308		137756		2042
52		41306		140395		2044
53		41314		143039		2046
54		41259		145674		2044
55		41270		148298		2045
56		41274		150940		2043
57		41273		153585		2043
58		41247		156202		2042
59		41249		158828		2043
60		41251		161455		2043
61		41239		164096		2049
62		41242		166732		2048
63		41241		169352		2047
64		41214		171976		2049
65		41203		174618		2049
66		41201		177262		2049
67		41204		179896		2053
68		41204		182537		2052
69		41195		185185		2055
70		41199		187841		2058
71		41194		190475		2057
72		41199		193116		2054
73		41196		195744		2050
74		41209		198399		2051
75		41206		201044		2049
76		41203		203694		2048
77		41198		206333		2044
78		41200		208976		2045
79		41195		211605		2044
80		41192		214245		2044
81		41195		216896		2043
82		41190		219539		2042
83		41185		222188		2043
84		41182		224832		2044
85		41184		227463		2044
86		41189		230094		2047
87		41190		232745		2045
88		41183		235389		2046
89		41180		238022		2047
90		41179		240670		2045
91		41177		243315		2049
92		41178		245951		2049
93		41178		248594		2049
94		41178		251233		2051
95		41176		253867		2050
96		41180		256489		2047
97		41179		259130		2049
98		41176		261778		2050
99		41177		264411		2047
100		41176		267047		2049
101		41180		269690		2048
102		41178		272311		2051
103		41175		274945		2051
104		41172		277558		2051
105		41173		280207		2052
106		41171		282841		2049
107		41160		285488		2048
108		41185		288122		2047
109		41181		290758		2047
110		41181		293394		2046
111		41181		296044		2049
112		41184		298704		2046
113		41171		301347		2040
114		41167		303969		2041
115		41160		306617		2043
116		41155		309263		2038
117		41152		311906		2038
118		41149		314550		2040
119		41149		317185		2038
120		41143		319816		2039
121		41093		322461		2039
122		41102		325098		2039
123		41102		327733		2040
124		41101		330370		2043
125		41097		333024		2041
126		41098		335661		2041
127		41099		338300		2040
128		41092		340932		2043
129		41091		343571		2042
130		41095		346198		2041
131		41098		348840		2040
132		41098		351474		2041
133		41100		354104		2040
134		41099		356745		2042
135		41097		359381		2042
136		41092		362027		2041
137		41090		364679		2042
138		41094		367312		2040
139		41092		369948		2042
140		41090		372600		2042
141		41095		375231		2043
142		41094		377869		2044
143		41094		380521		2045
144		41096		383158		2042
145		41092		385793		2042
146		41092		388437		2042
147		41095		391089		2039
148		41096		393730		2038
149		41098		396368		2039
150		41164		398994		2038
151		41169		401641		2042
152		41166		404280		2041
153		41164		406917		2039
154		41162		409551		2041
155		41163		412184		2038
156		41161		414818		2040
157		41160		417479		2042
158		41162		420119		2042
159		41163		422758		2043
160		41163		425403		2041
161		41155		428039		2045
162		41156		430697		2046
163		41159		433365		2045
164		41152		436005		2049
165		41152		438641		2051
166		41146		441283		2049
167		41145		443905		2049
168		41146		446551		2043
169		41144		449205		2045
170		41143		451840		2047
171		41143		454477		2047
172		41142		457142		2047
173		41143		459773		2046
174		41139		462417		2045
175		41136		465061		2042
176		41152		467701		2042
177		41152		470340		2042
178		41153		472976		2040
179		41158		475616		2039
180		41161		478256		2038
181		41159		480898		2039
182		41158		483548		2037
183		41156		486186		2040
184		41156		488815		2039
185		41155		491447		2039
186		41155		494094		2039
187		41155		496750		2038
188		41155		499382		2038
189		41156		502023		2038
190		41156		504671		2038
191		41155		507307		2041
192		41155		509942		2041
193		41153		512593		2042
194		41153		515236		2042
195		41153		517871		2041
196		41153		520505		2040
197		41152		523154		2040
198		41152		525814		2045
199		41154		528450		2045
200		41154		531094		2048
201		41151		533737		2047
202		41151		536370		2047
203		41151		539016		2047
204		41154		541683		2047
205		41153		544322		2046
206		41153		546966		2046
207		41153		549629		2046
208		41153		552264		2045
209		41152		554906		2047
210		41166		557549		2048
211		41163		560196		2050
212		41163		562832		2049
213		41168		565454		2048
214		41163		568095		2049
215		41163		570737		2049
216		41163		573370		2050
217		41161		576011		2048
218		41162		578645		2050
219		41160		581283		2052
220		41155		583922		2052
221		41164		586547		2051
222		41156		589204		2050
223		41159		591835		2052
224		41159		594476		2051
225		41160		597113		2054
226		41164		599754		2056
227		41164		602400		2054
228		41163		605031		2055
229		41163		607663		2054
230		41162		610317		2054
231		41167		612964		2052
232		41167		615609		2054
233		41167		618256		2055
234		41166		620894		2054
235		41165		623525		2051
236		41164		626166		2054
237		41159		628815		2055
238		41159		631455		2054
239		41165		634092		2057
240		41159		636736		2058
241		41159		639371		2058
242		41158		642008		2056
243		41159		644644		2055
244		41160		647260		2056
245		41155		649888		2055
246		41155		652535		2055
247		41156		655178		2055
248		41156		657814		2053
249		41156		660456		2052
250		41156		663087		2052
251		41157		665735		2052
252		41157		668365		2053
253		41160		670996		2054
254		41160		673634		2054
255		41166		676272		2053
256		41161		678912		2052
257		41165		681558		2053
258		41169		684195		2053
259		41169		686836		2052
260		41169		689469		2052
261		41165		692096		2051
262		41169		694720		2052
263		41164		697348		2052
264		41163		699984		2050
265		41163		702630		2051
266		41161		705276		2051
267		41161		707922		2051
268		41160		710565		2052
269		41159		713202		2053
270		41159		715838		2053
271		41161		718465		2053
272		41161		721088		2053
273		41157		723713		2052
274		41157		726353		2054
275		41156		728991		2053
276		41156		731623		2053
277		41154		734258		2053
278		41154		736902		2054
279		41154		739537		2052
280		41160		742171		2053
281		41159		744811		2051
282		41159		747454		2051
283		41157		750074		2049
284		41155		752730		2052
285		41154		755370		2049
286		41153		758001		2051
287		41153		760651		2051
288		41153		763271		2052
289		41153		765916		2052
290		41154		768550		2054
291		41154		771185		2054
292		41149		773823		2053
293		41149		776446		2053
294		41149		779088		2053
295		41149		781727		2055
296		41149		784358		2055
297		41149		787007		2055
298		41149		789654		2056
299		41149		792301		2056
300		41149		794942		2056
301		41149		797573		2056
302		41149		800205		2056
303		41149		802833		2056
304		41149		805477		2056
305		41149		808126		2055
306		41149		810777		2054
307		41148		813414		2053
308		41148		816060		2053
309		41148		818703		2054
310		41128		821349		2053
311		41128		823981		2053
312		41128		826607		2052
313		41128		829248		2052
314		41128		831881		2050
315		41128		834529		2050
316		41128		837173		2052
317		41128		839814		2050
318		41128		842442		2050
319		41130		845086		2049
320		41130		847732		2049
321		41130		850366		2050
322		41130		853001		2049
323		41130		855630		2049
324		41130		858288		2047
325		41131		860935		2047
326		41131		863584		2048
327		41131		866233		2048
328		41131		868873		2048
329		41127		871513		2049
330		41129		874170		2050
331		41127		876804		2049
332		41123		879422		2051
333		41125		882075		2051
334		41128		884730		2051
335		41124		887377		2049
336		41124		890013		2049
337		41124		892656		2049
338		41124		895287		2049
339		41124		897916		2049
340		41124		900537		2050
341		41126		903177		2049
342		41125		905830		2048
343		41125		908471		2048
344		41125		911113		2048
345		41125		913752		2049
346		41125		916393		2049
347		41125		919044		2047
348		41125		921686		2047
349		41125		924316		2048
350		41125		926960		2048
351		41128		929608		2048
352		41127		932240		2048
353		41127		934884		2048
354		41125		937509		2048
355		41123		940132		2045
356		41125		942773		2046
357		41125		945419		2045
358		41127		948062		2047
359		41123		950706		2046
360		41123		953324		2046
361		41125		955953		2049
362		41125		958596		2049
363		41125		961228		2049
364		41125		963851		2045
365		41124		966506		2044
366		41123		969150		2045
367		41125		971784		2047
368		41124		974432		2048
369		41124		977084		2048
370		41124		979735		2048
371		41124		982365		2048
372		41124		985004		2048
373		41124		987626		2048
374		41124		990268		2048
375		41124		992903		2048
376		41124		995551		2047
377		41124		998179		2049
378		41124		1000826		2049
379		41124		1003474		2049
380		41124		1006119		2049
381		41124		1008750		2049
382		41124		1011396		2049
383		41124		1014038		2049
384		41124		1016688		2049
385		41124		1019329		2049
386		41124		1021963		2049
387		41124		1024586		2049
388		41124		1027234		2049
389		41124		1029867		2049
390		41124		1032515		2048
391		41124		1035151		2048
392		41124		1037784		2048
393		41124		1040405		2048
394		41124		1043046		2049
395		41124		1045693		2049
396		41124		1048356		2048
397		41124		1050993		2048
398		41124		1053639		2048
399		41124		1056283		2048
400		41124		1058930		2047
401		41124		1061556		2047
402		41125		1064206		2048
403		41126		1066847		2048
404		41128		1069492		2049
405		41130		1072136		2050
406		41130		1074793		2052
407		41131		1077434		2055
408		41132		1080084		2053
409		41132		1082705		2054
410		41132		1085353		2054
411		41132		1087988		2054
412		41130		1090640		2057
413		41130		1093274		2057
414		41130		1095898		2057
415		41130		1098540		2058
416		41131		1101171		2056
417		41131		1103820		2055
418		41131		1106440		2055
419		41132		1109083		2054
420		41132		1111721		2055
421		41131		1114356		2056
422		41131		1116981		2056
423		41130		1119628		2055
424		41129		1122257		2054
425		41130		1124894		2055
426		41130		1127521		2055
427		41130		1130166		2050
428		41130		1132805		2050
429		41131		1135458		2050
430		41131		1138113		2053
431		41129		1140759		2053
432		41129		1143400		2054
433		41133		1146041		2056
434		41129		1148679		2056
435		41127		1151318		2053
436		41126		1153960		2052
437		41128		1156595		2051
438		41128		1159240		2051
439		41128		1161879		2051
440		41128		1164513		2052
441		41128		1167162		2052
442		41128		1169803		2053
443		41128		1172429		2051
444		41128		1175077		2053
445		41128		1177719		2053
446		41128		1180353		2053
447		41128		1182988		2051
448		41128		1185628		2051
449		41128		1188255		2052
450		41128		1190903		2052
451		41128		1193550		2051
452		41128		1196182		2052
453		41128		1198831		2052
454		41133		1201470		2052
455		41132		1204118		2052
456		41131		1206770		2050
457		41131		1209408		2050
458		41130		1212063		2050
459		41130		1214697		2050
460		41130		1217320		2050
461		41130		1219957		2050
462		41130		1222585		2050
463		41130		1225230		2049
464		41130		1227864		2050
465		41130		1230493		2050
466		41130		1233130		2050
467		41130		1235766		2049
468		41130		1238404		2049
469		41130		1241046		2049
470		41130		1243685		2049
471		41130		1246316		2052
472		41130		1248956		2051
473		41130		1251608		2051
474		41131		1254252		2050
475		41129		1256896		2049
476		41129		1259541		2049
477		41129		1262183		2049
478		41129		1264826		2050
479		41129		1267470		2050
480		41129		1270107		2050
481		41131		1272726		2051
482		41130		1275343		2051
483		41130		1277978		2051
484		41130		1280610		2051
485		41129		1283266		2052
486		41129		1285921		2051
487		41129		1288566		2051
488		41129		1291203		2050
489		41129		1293848		2050
490		41129		1296492		2048
491		41129		1299138		2048
492		41126		1301779		2051
493		41126		1304408		2051
494		41126		1307059		2049
495		41126		1309699		2049
496		41125		1312347		2047
497		41125		1314992		2047
498		41125		1317630		2047
499		41125		1320268		2047
500		41125		1322923		2048
501		41125		1325561		2049
502		41125		1328194		2049
503		41125		1330828		2048
504		41125		1333460		2048
505		41124		1336095		2047
506		41124		1338734		2047
507		41124		1341391		2047
508		41124		1344027		2047
509		41124		1346632		2047
510		41124		1349272		2045
511		41124		1351896		2044
512		41124		1354542		2044
513		41124		1357161		2044
514		41124		1359800		2045
515		41124		1362427		2045
516		41124		1365080		2045
517		41124		1367701		2045
518		41124		1370338		2045
519		41124		1372975		2045
520		41124		1375623		2046
521		41124		1378252		2046
522		41124		1380894		2046
523		41124		1383533		2046
524		41124		1386174		2048
525		41126		1388801		2049
526		41126		1391430		2049
527		41126		1394069		2049
528		41126		1396713		2049
529		41126		1399346		2049
530		41126		1401976		2048
531		41126		1404616		2048
532		41126		1407257		2048
533		41126		1409892		2050
534		41126		1412521		2050
535		41125		1415170		2051
536		41125		1417814		2050
537		41125		1420466		2050
538		41125		1423116		2049
539		41125		1425750		2049
540		41125		1428384		2049
541		41125		1431016		2049
542		41125		1433661		2049
543		41125		1436312		2049
544		41125		1438965		2049
545		41124		1441591		2047
546		41124		1444236		2048
547		41124		1446876		2048
548		41124		1449521		2049
549		41124		1452161		2049
550		41124		1454793		2049
551		41124		1457446		2049
552		41124		1460083		2049
553		41124		1462729		2049
554		41124		1465375		2049
555		41124		1468007		2049
556		41124		1470634		2049
557		41124		1473257		2049
558		41124		1475896		2052
559		41124		1478528		2052
560		41124		1481175		2054
561		41124		1483818		2054
562		41124		1486457		2054
563		41124		1489093		2054
564		41124		1491711		2054
565		41124		1494348		2054
566		41124		1496979		2054
567		41124		1499623		2054
568		41124		1502265		2054
569		41124		1504898		2054
570		41124		1507536		2054
571		41124		1510184		2055
572		41124		1512826		2055
573		41124		1515454		2055
574		41124		1518075		2054
575		41126		1520715		2054
576		41126		1523357		2054
577		41126		1526009		2054
578		41124		1528645		2053
579		41125		1531302		2053
580		41125		1533938		2053
581		41125		1536572		2053
582		41125		1539205		2053
583		41125		1541854		2053
584		41125		1544479		2053
585		41125		1547127		2053
586		41125		1549767		2053
587		41127		1552409		2054
588		41127		1555053		2054
589		41125		1557690		2053
590		41127		1560326		2054
591		41126		1562958		2054
592		41126		1565595		2054
593		41126		1568242		2054
594		41124		1570886		2054
595		41124		1573522		2054
596		41122		1576147		2052
597		41122		1578794		2052
598		41120		1581413		2050
599		41120		1584055		2050
600		41120		1586692		2050
601		41120		1589328		2050
602		41122		1591975		2051
603		41122		1594617		2051
604		41122		1597265		2051
605		41122		1599906		2051
606		41122		1602557		2051
607		41122		1605193		2051
608		41122		1607835		2051
609		41122		1610477		2051
610		41121		1613129		2050
611		41121		1615767		2050
612		41114		1618409		2049
613		41114		1621045		2047
614		41114		1623686		2049
615		41114		1626335		2049
616		41113		1628978		2048
617		41113		1631630		2046
618		41115		1634278		2047
619		41115		1636930		2046
620		41115		1639569		2045
621		41115		1642203		2043
622		41115		1644859		2043
623		41115		1647484		2046
624		41115		1650113		2046
625		41117		1652733		2047
626		41117		1655366		2048
627		41115		1658008		2048
628		41115		1660654		2047
629		41116		1663283		2050
630		41116		1665918		2050
631		41116		1668547		2049
632		41116		1671185		2049
633		41114		1673816		2048
634		41116		1676458		2049
635		41116		1679091		2049
636		41114		1681726		2048
637		41114		1684365		2048
638		41116		1687009		2049
639		41114		1689636		2048
640		41114		1692281		2048
641		41114		1694911		2048
642		41116		1697545		2050
643		41114		1700173		2051
644		41114		1702820		2051
645		41114		1705470		2051
646		41114		1708110		2051
647		41114		1710765		2052
648		41114		1713385		2052
649		41114		1716023		2053
650		41114		1718658		2051
651		41114		1721303		2051
652		41114		1723949		2051
653		41114		1726589		2051
654		41114		1729221		2051
655		41114		1731865		2051
656		41114		1734502		2051
657		41114		1737142		2051
658		41114		1739767		2051
659		41114		1742388		2051
660		41114		1745019		2051
661		41114		1747657		2050
662		41114		1750296		2050
663		41114		1752939		2050
664		41114		1755579		2050
665		41114		1758209		2048
666		41114		1760846		2048
667		41114		1763485		2048
668		41114		1766109		2048
669		41114		1768739		2048
670		41114		1771382		2048
671		41114		1774018		2048
672		41114		1776640		2048
673		41114		1779263		2050
674		41114		1781914		2050
675		41114		1784571		2050
676		41114		1787200		2050
677		41114		1789844		2050
678		41114		1792489		2050
679		41114		1795110		2050
680		41114		1797757		2051
681		41114		1800385		2051
682		41114		1803023		2051
683		41114		1805646		2051
684		41114		1808291		2051
685		41114		1810918		2049
686		41114		1813555		2049
687		41114		1816198		2049
688		41114		1818845		2049
689		41114		1821488		2049
690		41114		1824129		2049
691		41114		1826766		2049
692		41113		1829400		2048
693		41113		1832053		2048
694		41113		1834711		2048
695		41113		1837347		2048
696		41113		1839983		2047
697		41113		1842619		2047
698		41113		1845258		2047
699		41113		1847889		2047
700		41113		1850534		2046
701		41113		1853167		2048
702		41116		1855802		2048
703		41114		1858444		2046
704		41114		1861100		2047
705		41114		1863748		2047
706		41114		1866374		2047
707		41114		1869018		2047
708		41113		1871652		2047
709		41113		1874298		2047
710		41113		1876937		2047
711		41113		1879568		2046
712		41113		1882207		2046
713		41113		1884845		2046
714		41113		1887487		2046
715		41113		1890133		2046
716		41113		1892763		2046
717		41113		1895401		2045
718		41113		1898039		2046
719		41113		1900674		2046
720		41113		1903311		2046
721		41113		1905951		2047
722		41113		1908612		2047
723		41113		1911248		2047
724		41113		1913895		2047
725		41113		1916527		2047
726		41113		1919165		2047
727		41113		1921797		2047
728		41113		1924429		2047
729		41113		1927072		2048
730		41113		1929704		2048
731		41113		1932336		2048
732		41113		1934971		2048
733		41113		1937612		2048
734		41113		1940241		2048
735		41113		1942891		2048
736		41113		1945529		2050
737		41113		1948175		2050
738		41113		1950808		2049
739		41113		1953435		2049
740		41113		1956062		2049
741		41113		1958705		2049
742		41113		1961347		2049
743		41113		1963989		2049
744		41113		1966630		2049
745		41113		1969266		2050
746		41113		1971905		2050
747		41113		1974556		2050
748		41113		1977211		2050
749		41113		1979858		2050
750		41113		1982497		2048
751		41113		1985143		2048
752		41113		1987780		2048
753		41113		1990407		2047
754		41113		1993023		2048
755		41113		1995676		2048
756		41113		1998321		2048
757		41113		2000971		2047
758		41113		2003602		2047
759		41113		2006229		2047
760		41113		2008868		2047
761		41113		2011490		2047
762		41113		2014116		2047
763		41113		2016750		2047
764		41113		2019383		2047
765		41113		2022008		2047
766		41113		2024651		2047
767		41113		2027276		2047
768		41113		2029908		2047
769		41113		2032548		2047
770		41113		2035189		2047
771		41110		2037816		2047
772		41110		2040463		2047
773		41110		2043108		2047
774		41110		2045753		2047
775		41110		2048388		2047
776		41110		2051011		2047
777		41110		2053650		2047
778		41110		2056280		2047
779		41110		2058908		2047
780		41105		2061560		2047
781		41105		2064197		2047
782		41105		2066836		2049
783		41104		2069467		2050
784		41104		2072093		2050
785		41104		2074751		2050
786		41104		2077402		2050
787		41104		2080038		2050
788		41104		2082686		2050
789		41104		2085341		2050
790		41104		2087980		2050
791		41104		2090599		2050
792		41104		2093252		2048
793		41104		2095887		2046
794		41104		2098540		2046
795		41106		2101169		2047
796		41104		2103809		2044
797		41106		2106441		2045
798		41106		2109081		2045
799		41106		2111717		2045
800		41106		2114360		2044
801		41109		2117005		2046
802		41110		2119653		2044
803		41110		2122304		2045
804		41115		2124935		2042
805		41115		2127592		2043
806		41115		2130236		2044
807		41118		2132892		2045
808		41119		2135529		2044
809		41116		2138177		2047
810		41116		2140809		2045
811		41116		2143462		2045
812		41117		2146099		2048
813		41119		2148738		2046
814		41118		2151379		2046
815		41118		2154011		2048
816		41118		2156655		2047
817		41117		2159285		2048
818		41117		2161938		2048
819		41117		2164577		2046
820		41119		2167215		2047
821		41115		2169844		2048
822		41115		2172498		2048
823		41114		2175151		2047
824		41115		2177786		2046
825		41114		2180416		2046
826		41114		2183066		2045
827		41114		2185709		2047
828		41114		2188343		2047
829		41114		2190998		2051
830		41114		2193626		2048
831		41115		2196278		2051
832		41114		2198914		2050
833		41115		2201537		2051
834		41115		2204166		2052
835		41114		2206805		2052
836		41115		2209449		2052
837		41114		2212102		2051
838		41112		2214741		2049
839		41110		2217375		2051
840		41110		2220012		2051
841		41111		2222661		2051
842		41109		2225300		2049
843		41108		2227953		2049
844		41108		2230594		2052
845		41108		2233250		2052
846		41108		2235883		2051
847		41108		2238530		2052
848		41108		2241169		2051
849		41108		2243796		2051
850		41107		2246439		2048
851		41109		2249075		2049
852		41109		2251723		2049
853		41107		2254358		2049
854		41107		2256989		2048
855		41107		2259657		2047
856		41107		2262286		2047
857		41106		2264935		2048
858		41106		2267562		2048
859		41105		2270191		2048
860		41105		2272812		2048
861		41105		2275446		2048
862		41105		2278059		2048
863		41105		2280697		2048
864		41105		2283346		2048
865		41105		2285985		2048
866		41105		2288616		2047
867		41105		2291263		2047
868		41105		2293895		2047
869		41105		2296530		2045
870		41105		2299173		2047
871		41105		2301811		2047
872		41105		2304455		2047
873		41108		2307101		2049
874		41107		2309747		2048
875		41106		2312395		2048
876		41106		2315034		2048
877		41106		2317663		2048
878		41106		2320296		2048
879		41106		2322916		2047
880		41106		2325556		2047
881		41106		2328197		2045
882		41105		2330829		2044
883		41105		2333461		2044
884		41105		2336091		2045
885		41105		2338738		2045
886		41105		2341373		2045
887		41105		2344008		2045
888		41105		2346640		2045
889		41105		2349271		2045
890		41105		2351903		2046
891		41105		2354539		2046
892		41105		2357168		2047
893		41105		2359810		2047
894		41105		2362449		2046
895		41105		2365075		2046
896		41105		2367718		2046
897		41105		2370351		2046
898		41105		2372991		2046
899		41105		2375629		2046
900		41105		2378252		2046
901		41105		2380880		2047
902		41105		2383511		2047
903		41105		2386147		2047
904		41105		2388787		2047
905		41105		2391419		2049
906		41105		2394062		2049
907		41105		2396691		2049
908		41105		2399332		2048
909		41105		2401974		2047
910		41105		2404601		2045
911		41105		2407219		2045
912		41105		2409858		2045
913		41105		2412504		2045
914		41105		2415137		2045
915		41105		2417775		2045
916		41105		2420411		2045
917		41105		2423031		2045
918		41105		2425672		2044
919		41105		2428321		2044
920		41105		2430953		2044
921		41105		2433607		2044
922		41105		2436264		2044
923		41105		2438911		2044
924		41105		2441550		2044
925		41105		2444175		2044
926		41105		2446815		2044
927		41105		2449447		2044
928		41105		2452083		2044
929		41105		2454708		2044
930		41105		2457342		2042
931		41105		2459979		2042
932		41105		2462635		2041
933		41105		2465275		2042
934		41105		2467915		2042
935		41105		2470540		2042
936		41105		2473180		2042
937		41105		2475831		2041
938		41105		2478476		2041
939		41105		2481109		2041
940		41105		2483748		2043
941		41105		2486383		2043
942		41105		2489041		2043
943		41105		2491683		2043
944		41105		2494320		2043
945		41105		2496963		2043
946		41105		2499593		2043
947		41105		2502212		2043
948		41105		2504854		2043
949		41105		2507480		2043
950		41105		2510113		2043
951		41105		2512749		2044
952		41105		2515384		2044
953		41105		2518010		2044
954		41105		2520652		2044
955		41105		2523285		2044
956		41105		2525921		2043
957		41105		2528565		2041
958		41105		2531210		2041
959		41105		2533848		2041
960		41105		2536504		2041
961		41105		2539157		2041
962		41105		2541809		2040
963		41105		2544442		2040
964		41105		2547072		2040
965		41105		2549699		2041
966		41105		2552313		2041
967		41105		2554949		2042
968		41105		2557603		2042
969		41105		2560224		2042
970		41104		2562848		2042
971		41104		2565502		2042
972		41104		2568145		2042
973		41104		2570797		2042
974		41104		2573422		2042
975		41104		2576074		2044
976		41104		2578710		2044
977		41104		2581348		2044
978		41104		2584004		2043
979		41104		2586651		2043
980		41104		2589291		2043
981		41104		2591906		2043
982		41104		2594530		2043
983		41104		2597167		2043
984		41104		2599803		2043
985		41104		2602437		2043
986		41107		2605073		2045
987		41106		2607701		2045
988		41104		2610323		2044
989		41106		2612963		2045
990		41104		2615613		2044
991		41106		2618255		2045
992		41106		2620880		2045
993		41104		2623528		2044
994		41107		2626157		2046
995		41107		2628791		2046
996		41107		2631417		2046
997		41106		2634067		2046
998		41106		2636712		2045
999		41106		2639352		2045
