# Migration is number of nodes that have changed color.

Round		Edge-Cut		Swaps		Migrations		Skipped
0		106674		2721		1582
1		87462		5433		1847
2		73407		8124		1971
3		63938		10809		2002
4		57640		13491		1992
5		53719		16143		2010
6		50363		18806		2017
7		48172		21462		2016
8		46579		24117		2021
9		45525		26781		2032
10		45020		29421		2040
11		44534		32074		2040
12		43869		34717		2046
13		43494		37361		2046
14		43378		40015		2042
15		43054		42667		2035
16		42925		45301		2041
17		42824		47948		2024
18		42666		50594		2040
19		42453		53240		2036
20		42333		55875		2052
21		42303		58497		2060
22		42287		61133		2063
23		42122		63779		2063
24		41969		66408		2055
25		41936		69048		2053
26		41892		71695		2057
27		41917		74333		2054
28		41852		76978		2058
29		41766		79613		2060
30		41740		82241		2058
31		41696		84898		2053
32		41657		87536		2049
33		41645		90182		2047
34		41637		92819		2050
35		41617		95462		2049
36		41618		98105		2043
37		41608		100754		2041
38		41565		103393		2040
39		41560		106037		2033
40		41554		108677		2035
41		41544		111303		2036
42		41530		113942		2042
43		41528		116587		2044
44		41515		119224		2044
45		41481		121854		2044
46		41483		124504		2045
47		41471		127149		2042
48		41462		129797		2044
49		41464		132440		2045
50		41448		135086		2050
51		41443		137732		2051
52		41439		140373		2054
53		41426		143011		2053
54		41430		145644		2057
55		41426		148293		2058
56		41428		150935		2060
57		41426		153586		2056
58		41407		156222		2055
59		41402		158873		2052
60		41400		161511		2049
61		41395		164154		2048
62		41390		166784		2043
63		41388		169415		2044
64		41389		172041		2041
65		41396		174692		2040
66		41394		177337		2045
67		41388		179968		2045
68		41403		182616		2042
69		41394		185250		2033
70		41386		187899		2033
71		41385		190532		2036
72		41383		193170		2034
73		41367		195808		2034
74		41369		198470		2038
75		41370		201105		2036
76		41368		203751		2035
77		41373		206382		2029
78		41388		209013		2028
79		41382		211660		2029
80		41379		214294		2035
81		41374		216923		2035
82		41371		219567		2033
83		41364		222198		2035
84		41370		224835		2029
85		41371		227478		2033
86		41371		230136		2034
87		41365		232774		2034
88		41367		235431		2032
89		41366		238061		2030
90		41371		240687		2029
91		41373		243310		2029
92		41373		245953		2029
93		41377		248607		2028
94		41373		251248		2027
95		41377		253881		2024
96		41370		256532		2029
97		41368		259158		2029
98		41371		261786		2033
99		41369		264429		2035
100		41341		267085		2036
101		41335		269719		2034
102		41333		272345		2037
103		41334		274988		2034
104		41331		277617		2033
105		41335		280253		2032
106		41331		282873		2036
107		41328		285517		2038
108		41327		288154		2035
109		41328		290789		2038
110		41331		293443		2033
111		41336		296096		2033
112		41327		298739		2030
113		41326		301383		2031
114		41326		304026		2031
115		41327		306676		2028
116		41327		309327		2028
117		41329		311967		2029
118		41329		314606		2029
119		41332		317245		2031
120		41336		319894		2034
121		41333		322542		2031
122		41335		325187		2033
123		41335		327819		2033
124		41327		330449		2032
125		41325		333086		2033
126		41324		335716		2030
127		41325		338369		2029
128		41325		341002		2031
129		41324		343637		2031
130		41326		346293		2032
131		41322		348932		2030
132		41324		351570		2030
133		41321		354187		2035
134		41321		356825		2032
135		41320		359476		2034
136		41321		362121		2034
137		41321		364765		2035
138		41318		367415		2034
139		41317		370049		2035
140		41333		372680		2034
141		41333		375308		2035
142		41335		377942		2033
143		41336		380570		2037
144		41331		383206		2034
145		41331		385851		2040
146		41331		388491		2039
147		41328		391118		2035
148		41315		393763		2033
149		41317		396413		2031
150		41310		399047		2030
151		41309		401674		2030
152		41309		404309		2033
153		41309		406950		2029
154		41309		409604		2034
155		41309		412255		2039
156		41309		414898		2038
157		41308		417544		2040
158		41307		420184		2038
159		41306		422814		2040
160		41304		425464		2038
161		41309		428113		2036
162		41306		430758		2035
163		41303		433400		2034
164		41322		436055		2032
165		41321		438703		2031
166		41322		441338		2031
167		41327		443975		2031
168		41320		446611		2031
169		41319		449256		2030
170		41314		451885		2033
171		41311		454533		2034
172		41307		457174		2033
173		41306		459803		2031
174		41306		462445		2031
175		41307		465078		2033
176		41308		467705		2034
177		41307		470339		2035
178		41308		472968		2038
179		41309		475595		2040
180		41310		478227		2038
181		41311		480855		2039
182		41315		483486		2036
183		41316		486118		2037
184		41317		488753		2039
185		41317		491392		2041
186		41317		494032		2041
187		41316		496679		2039
188		41313		499310		2038
189		41313		501944		2037
190		41312		504579		2034
191		41309		507221		2030
192		41306		509877		2032
193		41309		512509		2033
194		41310		515149		2033
195		41304		517793		2039
196		41302		520445		2040
197		41302		523078		2039
198		41301		525717		2042
199		41301		528353		2043
200		41302		530994		2041
201		41301		533631		2039
202		41301		536279		2040
203		41300		538911		2037
204		41298		541548		2035
205		41300		544186		2034
206		41299		546807		2033
207		41300		549433		2034
208		41303		552070		2034
209		41303		554704		2035
210		41302		557348		2035
211		41303		559979		2033
212		41302		562621		2034
213		41299		565251		2032
214		41296		567890		2036
215		41293		570519		2036
216		41292		573166		2038
217		41256		575794		2037
218		41259		578430		2037
219		41253		581066		2038
220		41254		583710		2040
221		41253		586356		2039
222		41245		588985		2038
223		41245		591625		2037
224		41246		594255		2037
225		41250		596904		2036
226		41250		599532		2040
227		41250		602174		2037
228		41248		604826		2037
229		41251		607456		2039
230		41244		610093		2036
231		41245		612726		2038
232		41243		615352		2037
233		41235		617992		2040
234		41236		620635		2039
235		41235		623281		2040
236		41236		625930		2040
237		41243		628579		2040
238		41240		631231		2039
239		41236		633865		2041
240		41241		636489		2043
241		41243		639131		2043
242		41246		641773		2045
243		41249		644416		2042
244		41244		647042		2037
245		41246		649694		2037
246		41246		652327		2039
247		41246		654979		2039
248		41242		657617		2042
249		41245		660265		2048
250		41248		662911		2047
251		41246		665539		2050
252		41251		668174		2044
253		41253		670817		2046
254		41252		673450		2050
255		41252		676081		2042
256		41251		678716		2043
257		41251		681352		2046
258		41251		683990		2042
259		41250		686636		2039
260		41248		689280		2044
261		41252		691911		2043
262		41254		694561		2043
263		41254		697193		2040
264		41256		699832		2041
265		41254		702476		2036
266		41254		705119		2039
267		41251		707746		2036
268		41253		710399		2037
269		41255		713051		2037
270		41254		715692		2037
271		41255		718338		2034
272		41255		720978		2033
273		41252		723636		2036
274		41250		726278		2036
275		41254		728903		2035
276		41254		731540		2035
277		41255		734177		2035
278		41256		736816		2032
279		41254		739471		2031
280		41252		742123		2029
281		41252		744752		2028
282		41251		747398		2029
283		41250		750018		2033
284		41250		752649		2034
285		41253		755274		2033
286		41252		757916		2034
287		41251		760538		2033
288		41247		763178		2031
289		41248		765818		2032
290		41248		768439		2033
291		41250		771072		2033
292		41249		773719		2033
293		41259		776363		2032
294		41259		779000		2029
295		41258		781632		2026
296		41259		784297		2025
297		41259		786932		2026
298		41255		789565		2029
299		41253		792203		2030
300		41260		794837		2031
301		41262		797470		2030
302		41259		800124		2033
303		41270		802752		2034
304		41271		805386		2038
305		41269		808017		2037
306		41265		810663		2041
307		41267		813299		2041
308		41259		815939		2038
309		41260		818580		2039
310		41261		821224		2038
311		41260		823854		2038
312		41260		826488		2036
313		41260		829130		2036
314		41259		831771		2037
315		41260		834402		2034
316		41258		837030		2036
317		41261		839689		2035
318		41260		842329		2034
319		41262		844968		2033
320		41264		847615		2034
321		41259		850243		2037
322		41256		852883		2037
323		41255		855515		2029
324		41259		858148		2031
325		41260		860795		2033
326		41259		863449		2035
327		41260		866107		2035
328		41261		868752		2038
329		41259		871400		2039
330		41259		874031		2040
331		41252		876671		2043
332		41253		879315		2044
333		41253		881958		2045
334		41255		884611		2046
335		41254		887258		2045
336		41251		889901		2047
337		41250		892546		2046
338		41250		895196		2046
339		41247		897847		2043
340		41219		900490		2043
341		41218		903128		2043
342		41219		905760		2043
343		41220		908388		2045
344		41223		911027		2044
345		41221		913667		2043
346		41220		916327		2045
347		41219		918956		2045
348		41221		921593		2044
349		41225		924239		2044
350		41223		926871		2042
351		41224		929511		2042
352		41224		932156		2041
353		41225		934795		2040
354		41221		937447		2045
355		41220		940088		2042
356		41220		942721		2043
357		41219		945372		2040
358		41216		948024		2043
359		41218		950656		2043
360		41219		953280		2040
361		41215		955939		2041
362		41216		958597		2036
363		41216		961221		2039
364		41217		963859		2038
365		41217		966497		2039
366		41217		969141		2038
367		41217		971782		2037
368		41218		974417		2038
369		41218		977074		2037
370		41218		979704		2039
371		41220		982350		2039
372		41219		984987		2037
373		41218		987640		2036
374		41218		990283		2037
375		41221		992915		2039
376		41223		995541		2039
377		41220		998184		2035
378		41219		1000812		2036
379		41218		1003427		2035
380		41221		1006064		2037
381		41227		1008696		2035
382		41224		1011322		2041
383		41222		1013967		2045
384		41222		1016613		2043
385		41224		1019253		2044
386		41227		1021892		2041
387		41223		1024523		2043
388		41218		1027166		2041
389		41218		1029812		2041
390		41216		1032450		2042
391		41217		1035083		2041
392		41217		1037712		2043
393		41217		1040340		2040
394		41217		1042972		2040
395		41216		1045614		2040
396		41217		1048254		2037
397		41218		1050900		2036
398		41218		1053537		2040
399		41218		1056159		2040
400		41219		1058802		2040
401		41219		1061437		2041
402		41216		1064078		2040
403		41218		1066727		2040
404		41217		1069347		2038
405		41217		1071988		2040
406		41218		1074634		2040
407		41218		1077292		2040
408		41218		1079936		2041
409		41218		1082564		2041
410		41218		1085204		2041
411		41217		1087841		2039
412		41217		1090487		2039
413		41218		1093122		2039
414		41218		1095755		2038
415		41217		1098403		2033
416		41215		1101042		2036
417		41216		1103673		2037
418		41216		1106305		2036
419		41216		1108944		2035
420		41219		1111583		2034
421		41219		1114217		2031
422		41218		1116854		2034
423		41217		1119483		2034
424		41217		1122123		2035
425		41217		1124765		2037
426		41216		1127405		2034
427		41216		1130050		2033
428		41217		1132677		2033
429		41218		1135323		2033
430		41215		1137965		2032
431		41216		1140601		2032
432		41216		1143255		2031
433		41216		1145909		2031
434		41216		1148543		2031
435		41214		1151181		2029
436		41213		1153833		2031
437		41215		1156469		2032
438		41214		1159106		2033
439		41214		1161753		2033
440		41213		1164398		2033
441		41213		1167022		2034
442		41215		1169679		2035
443		41213		1172324		2033
444		41214		1174964		2031
445		41214		1177604		2031
446		41216		1180244		2035
447		41214		1182886		2034
448		41219		1185525		2037
449		41217		1188159		2038
450		41219		1190789		2037
451		41215		1193439		2035
452		41216		1196101		2037
453		41215		1198739		2035
454		41221		1201373		2037
455		41220		1204013		2036
456		41221		1206642		2036
457		41218		1209279		2036
458		41216		1211906		2036
459		41217		1214543		2039
460		41217		1217183		2038
461		41219		1219807		2040
462		41218		1222464		2043
463		41218		1225092		2041
464		41213		1227726		2043
465		41210		1230366		2040
466		41211		1232998		2038
467		41210		1235645		2039
468		41209		1238282		2039
469		41210		1240926		2040
470		41214		1243559		2040
471		41214		1246200		2040
472		41213		1248840		2037
473		41214		1251483		2037
474		41216		1254120		2038
475		41215		1256769		2041
476		41214		1259406		2041
477		41214		1262047		2040
478		41215		1264671		2041
479		41213		1267309		2038
480		41210		1269962		2039
481		41211		1272602		2041
482		41215		1275230		2041
483		41215		1277865		2043
484		41217		1280503		2043
485		41216		1283122		2044
486		41216		1285733		2047
487		41215		1288359		2045
488		41214		1290991		2041
489		41216		1293640		2041
490		41212		1296271		2043
491		41212		1298902		2042
492		41213		1301554		2042
493		41212		1304186		2042
494		41212		1306838		2042
495		41212		1309490		2042
496		41211		1312129		2039
497		41210		1314765		2039
498		41211		1317405		2039
499		41211		1320043		2039
500		41212		1322686		2037
501		41213		1325321		2037
502		41213		1327968		2039
503		41211		1330608		2040
504		41210		1333250		2041
505		41211		1335892		2040
506		41211		1338519		2039
507		41212		1341166		2039
508		41212		1343812		2040
509		41212		1346445		2042
510		41212		1349079		2041
511		41212		1351717		2040
512		41214		1354347		2041
513		41212		1356975		2041
514		41215		1359620		2044
515		41218		1362279		2043
516		41218		1364925		2045
517		41219		1367565		2044
518		41220		1370208		2046
519		41222		1372845		2044
520		41221		1375494		2044
521		41225		1378123		2043
522		41227		1380771		2041
523		41229		1383417		2042
524		41224		1386053		2041
525		41224		1388696		2039
526		41225		1391336		2039
527		41223		1393972		2042
528		41222		1396602		2044
529		41222		1399235		2044
530		41221		1401861		2043
531		41221		1404509		2040
532		41222		1407144		2037
533		41222		1409786		2039
534		41223		1412419		2037
535		41222		1415058		2037
536		41222		1417704		2038
537		41223		1420337		2036
538		41223		1422968		2037
539		41224		1425610		2039
540		41227		1428246		2037
541		41225		1430883		2036
542		41225		1433532		2034
543		41223		1436174		2036
544		41223		1438816		2038
545		41224		1441454		2039
546		41225		1444080		2039
547		41225		1446739		2038
548		41224		1449376		2036
549		41224		1452002		2036
550		41219		1454655		2038
551		41214		1457295		2038
552		41216		1459921		2038
553		41214		1462555		2037
554		41212		1465193		2038
555		41213		1467841		2039
556		41212		1470470		2040
557		41213		1473119		2037
558		41211		1475760		2041
559		41211		1478390		2039
560		41211		1481033		2041
561		41210		1483654		2044
562		41210		1486283		2041
563		41212		1488937		2042
564		41213		1491564		2042
565		41212		1494206		2040
566		41208		1496851		2043
567		41209		1499486		2041
568		41208		1502124		2040
569		41208		1504776		2038
570		41207		1507410		2039
571		41207		1510041		2036
572		41207		1512683		2038
573		41207		1515329		2038
574		41206		1517967		2042
575		41206		1520617		2042
576		41207		1523249		2040
577		41209		1525893		2039
578		41209		1528542		2039
579		41208		1531185		2039
580		41208		1533821		2041
581		41210		1536468		2040
582		41210		1539102		2038
583		41210		1541744		2039
584		41208		1544383		2038
585		41208		1547022		2039
586		41208		1549639		2039
587		41208		1552287		2039
588		41208		1554911		2038
589		41208		1557542		2035
590		41211		1560187		2036
591		41209		1562821		2039
592		41209		1565457		2041
593		41209		1568091		2039
594		41209		1570735		2039
595		41210		1573374		2040
596		41213		1576010		2032
597		41215		1578640		2032
598		41214		1581285		2036
599		41214		1583920		2039
600		41213		1586549		2038
601		41213		1589197		2037
602		41211		1591819		2035
603		41213		1594458		2031
604		41215		1597094		2033
605		41216		1599723		2031
606		41217		1602362		2031
607		41214		1605001		2029
608		41213		1607627		2030
609		41209		1610267		2030
610		41211		1612911		2030
611		41210		1615545		2027
612		41207		1618197		2029
613		41206		1620831		2033
614		41205		1623461		2033
615		41205		1626093		2032
616		41206		1628728		2032
617		41207		1631374		2033
618		41207		1634016		2030
619		41209		1636658		2030
620		41213		1639295		2032
621		41212		1641929		2033
622		41212		1644582		2032
623		41213		1647217		2032
624		41214		1649845		2032
625		41214		1652484		2032
626		41215		1655113		2034
627		41215		1657753		2034
628		41215		1660410		2036
629		41215		1663041		2036
630		41215		1665696		2038
631		41215		1668330		2038
632		41215		1670979		2039
633		41218		1673606		2038
634		41216		1676242		2039
635		41217		1678883		2038
636		41217		1681521		2037
637		41217		1684147		2039
638		41221		1686789		2039
639		41221		1689412		2041
640		41221		1692057		2039
641		41219		1694698		2038
642		41220		1697321		2039
643		41219		1699959		2037
644		41219		1702595		2037
645		41220		1705222		2035
646		41221		1707847		2038
647		41221		1710483		2035
648		41222		1713109		2037
649		41222		1715750		2035
650		41221		1718374		2035
651		41222		1721018		2036
652		41219		1723647		2035
653		41218		1726288		2034
654		41220		1728920		2037
655		41222		1731560		2037
656		41223		1734202		2037
657		41221		1736833		2035
658		41220		1739468		2035
659		41218		1742110		2034
660		41216		1744756		2033
661		41216		1747397		2032
662		41216		1750043		2033
663		41216		1752658		2033
664		41216		1755295		2034
665		41211		1757928		2038
666		41212		1760554		2039
667		41212		1763186		2038
668		41213		1765819		2039
669		41212		1768449		2038
670		41213		1771074		2038
671		41212		1773713		2038
672		41214		1776364		2038
673		41215		1778994		2037
674		41214		1781641		2039
675		41213		1784276		2038
676		41214		1786915		2038
677		41214		1789560		2039
678		41213		1792214		2037
679		41212		1794850		2038
680		41211		1797484		2037
681		41209		1800130		2038
682		41210		1802774		2038
683		41213		1805410		2038
684		41213		1808048		2038
685		41213		1810688		2039
686		41213		1813318		2039
687		41213		1815950		2042
688		41213		1818593		2044
689		41212		1821242		2041
690		41214		1823896		2041
691		41214		1826524		2040
692		41215		1829150		2043
693		41216		1831786		2041
694		41216		1834423		2039
695		41215		1837063		2041
696		41216		1839702		2043
697		41213		1842343		2044
698		41211		1844982		2041
699		41211		1847624		2042
700		41214		1850271		2043
701		41212		1852912		2044
702		41210		1855557		2041
703		41210		1858199		2042
704		41211		1860833		2040
705		41210		1863458		2041
706		41210		1866093		2035
707		41210		1868735		2037
708		41210		1871356		2033
709		41210		1873984		2032
710		41210		1876613		2035
711		41207		1879249		2035
712		41207		1881881		2039
713		41207		1884524		2040
714		41207		1887152		2043
715		41206		1889798		2042
716		41205		1892439		2046
717		41205		1895096		2046
718		41205		1897720		2044
719		41205		1900360		2044
720		41204		1902990		2041
721		41204		1905609		2041
722		41203		1908259		2041
723		41201		1910892		2042
724		41202		1913533		2042
725		41203		1916160		2039
726		41204		1918778		2042
727		41204		1921422		2042
728		41204		1924063		2041
729		41205		1926693		2041
730		41202		1929342		2040
731		41205		1931982		2039
732		41207		1934619		2038
733		41213		1937255		2040
734		41215		1939901		2043
735		41217		1942552		2038
736		41212		1945195		2040
737		41211		1947834		2040
738		41212		1950483		2043
739		41212		1953117		2045
740		41210		1955762		2045
741		41210		1958406		2045
742		41214		1961050		2043
743		41213		1963682		2043
744		41212		1966321		2045
745		41214		1968950		2045
746		41212		1971584		2045
747		41210		1974224		2045
748		41210		1976866		2043
749		41210		1979493		2042
750		41212		1982136		2043
751		41213		1984784		2043
752		41214		1987431		2042
753		41213		1990059		2043
754		41212		1992700		2045
755		41213		1995329		2043
756		41211		1997967		2041
757		41209		2000600		2042
758		41206		2003243		2041
759		41207		2005876		2040
760		41209		2008513		2040
761		41208		2011135		2040
762		41206		2013777		2038
763		41207		2016431		2039
764		41207		2019075		2039
765		41207		2021705		2040
766		41207		2024339		2042
767		41207		2026975		2044
768		41208		2029598		2045
769		41208		2032225		2045
770		41208		2034870		2044
771		41209		2037498		2045
772		41209		2040144		2045
773		41209		2042796		2043
774		41209		2045433		2042
775		41209		2048084		2041
776		41208		2050722		2040
777		41207		2053365		2041
778		41209		2056008		2042
779		41209		2058664		2042
780		41210		2061304		2041
781		41211		2063944		2038
782		41212		2066588		2038
783		41211		2069239		2037
784		41210		2071860		2036
785		41212		2074502		2036
786		41212		2077136		2037
787		41212		2079771		2036
788		41211		2082408		2035
789		41212		2085032		2037
790		41212		2087663		2037
791		41210		2090301		2038
792		41208		2092943		2037
793		41207		2095566		2036
794		41208		2098214		2036
795		41207		2100855		2037
796		41207		2103489		2035
797		41207		2106126		2035
798		41207		2108769		2035
799		41206		2111414		2034
800		41206		2114037		2034
801		41206		2116649		2035
802		41204		2119299		2037
803		41203		2121938		2038
804		41203		2124562		2038
805		41204		2127204		2041
806		41201		2129846		2041
807		41202		2132470		2036
808		41202		2135103		2039
809		41202		2137734		2039
810		41203		2140355		2042
811		41204		2142978		2040
812		41205		2145620		2038
813		41205		2148271		2039
814		41204		2150910		2037
815		41204		2153542		2039
816		41204		2156186		2040
817		41204		2158813		2042
818		41204		2161467		2043
819		41204		2164106		2040
820		41204		2166761		2040
821		41204		2169389		2040
822		41204		2172033		2038
823		41204		2174671		2037
824		41205		2177317		2036
825		41204		2179957		2037
826		41204		2182601		2037
827		41204		2185253		2037
828		41203		2187898		2037
829		41204		2190544		2043
830		41205		2193157		2041
831		41205		2195796		2040
832		41207		2198425		2042
833		41206		2201046		2041
834		41206		2203684		2038
835		41205		2206317		2037
836		41205		2208957		2038
837		41206		2211581		2039
838		41208		2214202		2038
839		41207		2216842		2036
840		41206		2219485		2038
841		41206		2222143		2040
842		41205		2224779		2041
843		41205		2227422		2039
844		41206		2230078		2041
845		41205		2232724		2041
846		41203		2235354		2041
847		41204		2238004		2038
848		41206		2240629		2038
849		41204		2243277		2037
850		41204		2245916		2036
851		41204		2248543		2036
852		41202		2251180		2039
853		41202		2253840		2039
854		41202		2256471		2039
855		41202		2259099		2039
856		41203		2261752		2038
857		41204		2264373		2037
858		41204		2267009		2039
859		41203		2269635		2041
860		41203		2272294		2042
861		41203		2274924		2042
862		41203		2277559		2042
863		41203		2280196		2042
864		41202		2282834		2042
865		41205		2285476		2042
866		41203		2288104		2043
867		41204		2290738		2042
868		41204		2293351		2043
869		41206		2295994		2042
870		41207		2298631		2044
871		41208		2301265		2045
872		41209		2303904		2045
873		41213		2306552		2040
874		41215		2309196		2039
875		41215		2311843		2039
876		41214		2314478		2036
877		41216		2317126		2039
878		41214		2319765		2040
879		41214		2322401		2040
880		41213		2325047		2044
881		41215		2327692		2044
882		41216		2330324		2046
883		41217		2332960		2044
884		41219		2335594		2046
885		41214		2338240		2043
886		41216		2340865		2043
887		41216		2343503		2040
888		41215		2346130		2040
889		41219		2348768		2039
890		41221		2351420		2038
891		41223		2354065		2043
892		41223		2356703		2040
893		41221		2359333		2038
894		41222		2361984		2038
895		41222		2364608		2037
896		41221		2367255		2036
897		41222		2369900		2042
898		41220		2372533		2038
899		41215		2375178		2032
900		41216		2377824		2032
901		41214		2380464		2031
902		41213		2383095		2028
903		41213		2385738		2031
904		41215		2388368		2028
905		41216		2391013		2032
906		41217		2393642		2031
907		41216		2396305		2031
908		41216		2398934		2031
909		41214		2401583		2032
910		41213		2404222		2032
911		41210		2406849		2031
912		41212		2409487		2030
913		41209		2412121		2029
914		41207		2414767		2029
915		41204		2417392		2030
916		41205		2420025		2030
917		41210		2422667		2029
918		41207		2425303		2031
919		41209		2427935		2033
920		41210		2430575		2035
921		41211		2433213		2032
922		41210		2435855		2031
923		41208		2438504		2034
924		41209		2441149		2035
925		41207		2443771		2038
926		41209		2446420		2041
927		41208		2449065		2040
928		41209		2451715		2040
929		41210		2454363		2040
930		41209		2456991		2042
931		41209		2459618		2042
932		41210		2462269		2043
933		41212		2464902		2040
934		41212		2467560		2042
935		41210		2470190		2040
936		41210		2472820		2038
937		41210		2475444		2038
938		41208		2478075		2038
939		41209		2480724		2038
940		41208		2483336		2040
941		41211		2485984		2037
942		41209		2488607		2035
943		41209		2491242		2039
944		41209		2493877		2040
945		41210		2496515		2039
946		41211		2499163		2040
947		41209		2501815		2039
948		41208		2504453		2038
949		41210		2507090		2038
950		41210		2509731		2038
951		41210		2512350		2038
952		41209		2514991		2039
953		41208		2517633		2041
954		41208		2520276		2041
955		41208		2522912		2042
956		41208		2525541		2041
957		41207		2528171		2041
958		41207		2530807		2041
959		41206		2533459		2042
960		41208		2536088		2043
961		41209		2538722		2043
962		41209		2541350		2043
963		41212		2543985		2042
964		41212		2546616		2037
965		41210		2549250		2040
966		41209		2551901		2039
967		41211		2554528		2041
968		41212		2557165		2040
969		41213		2559799		2039
970		41214		2562427		2041
971		41214		2565050		2039
972		41214		2567683		2039
973		41218		2570326		2037
974		41220		2572968		2036
975		41220		2575617		2036
976		41217		2578241		2039
977		41221		2580887		2036
978		41219		2583536		2038
979		41220		2586176		2033
980		41222		2588807		2038
981		41219		2591440		2040
982		41223		2594091		2039
983		41220		2596723		2039
984		41216		2599363		2039
985		41210		2601992		2040
986		41210		2604641		2040
987		41208		2607274		2039
988		41204		2609921		2037
989		41204		2612557		2039
990		41204		2615209		2038
991		41203		2617839		2039
992		41202		2620461		2041
993		41202		2623120		2041
994		41202		2625734		2041
995		41202		2628380		2042
996		41201		2631023		2042
997		41203		2633662		2038
998		41203		2636304		2036
999		41204		2638926		2034
