# Migration is number of nodes that have changed color.

Round		Edge-Cut		Swaps		Migrations		Skipped
0		106115		2721		1592
1		86610		5425		1884
2		72840		8119		1942
3		64100		10791		1985
4		58655		13459		1983
5		53364		16134		1991
6		50224		18817		2000
7		47654		21479		1995
8		46604		24131		2004
9		45539		26796		2006
10		44839		29459		2009
11		44161		32114		2021
12		43811		34766		2017
13		43525		37411		2022
14		43265		40074		2023
15		43123		42707		2026
16		42921		45349		2035
17		42651		47972		2033
18		42485		50620		2025
19		42450		53269		2028
20		42265		55902		2029
21		42138		58545		2035
22		42074		61180		2037
23		41968		63831		2039
24		41849		66467		2037
25		41797		69103		2045
26		41758		71741		2043
27		41716		74390		2041
28		41693		77022		2047
29		41653		79653		2041
30		41628		82284		2049
31		41539		84909		2042
32		41534		87545		2043
33		41479		90182		2042
34		41442		92820		2034
35		41437		95475		2033
36		41423		98113		2032
37		41442		100756		2041
38		41421		103403		2034
39		41415		106032		2034
40		41400		108657		2030
41		41417		111306		2029
42		41394		113936		2025
43		41374		116569		2024
44		41351		119188		2021
45		41345		121817		2020
46		41343		124458		2021
47		41335		127107		2021
48		41343		129746		2020
49		41342		132380		2025
50		41316		135016		2032
51		41300		137654		2035
52		41232		140296		2030
53		41231		142946		2027
54		41232		145584		2030
55		41227		148221		2029
56		41222		150846		2032
57		41220		153478		2032
58		41225		156108		2031
59		41221		158753		2028
60		41223		161384		2029
61		41224		164030		2031
62		41216		166683		2027
63		41217		169324		2031
64		41274		171971		2039
65		41274		174605		2039
66		41273		177227		2037
67		41281		179861		2034
68		41277		182510		2036
69		41273		185145		2042
70		41262		187796		2045
71		41254		190442		2040
72		41261		193075		2039
73		41259		195716		2040
74		41257		198348		2042
75		41233		200986		2043
76		41234		203624		2041
77		41238		206273		2047
78		41234		208915		2047
79		41221		211560		2042
80		41220		214191		2041
81		41222		216846		2039
82		41220		219474		2038
83		41229		222131		2038
84		41222		224757		2036
85		41218		227405		2037
86		41225		230069		2035
87		41217		232713		2037
88		41220		235361		2035
89		41222		237985		2035
90		41213		240623		2035
91		41214		243266		2038
92		41214		245899		2036
93		41214		248530		2036
94		41218		251174		2040
95		41219		253820		2039
96		41217		256449		2040
97		41217		259077		2041
98		41218		261719		2040
99		41217		264357		2039
100		41217		266994		2040
101		41215		269624		2039
102		41219		272240		2039
103		41217		274889		2039
104		41214		277528		2034
105		41213		280159		2035
106		41189		282783		2039
107		41196		285433		2041
108		41192		288085		2041
109		41181		290736		2043
110		41186		293354		2044
111		41179		295979		2038
112		41173		298619		2041
113		41181		301259		2037
114		41195		303886		2039
115		41177		306523		2038
116		41180		309166		2034
117		41184		311800		2031
118		41189		314440		2031
119		41189		317084		2032
120		41182		319718		2031
121		41182		322355		2031
122		41178		324985		2032
123		41176		327632		2032
124		41179		330268		2034
125		41174		332911		2032
126		41174		335553		2031
127		41168		338199		2032
128		41183		340842		2029
129		41179		343472		2031
130		41179		346118		2031
131		41178		348759		2030
132		41178		351404		2030
133		41177		354033		2034
134		41181		356662		2032
135		41178		359309		2036
136		41178		361953		2034
137		41177		364606		2034
138		41175		367248		2034
139		41175		369883		2034
140		41174		372516		2033
141		41168		375171		2031
142		41168		377802		2031
143		41170		380424		2033
144		41174		383067		2031
145		41173		385718		2031
146		41172		388358		2034
147		41167		391009		2030
148		41162		393648		2030
149		41162		396291		2031
150		41159		398943		2031
151		41157		401572		2033
152		41157		404198		2032
153		41157		406827		2031
154		41156		409479		2032
155		41157		412119		2031
156		41156		414769		2032
157		41156		417408		2032
158		41156		420057		2032
159		41160		422691		2032
160		41160		425315		2031
161		41159		427960		2031
162		41159		430590		2029
163		41159		433233		2028
164		41158		435864		2029
165		41157		438519		2029
166		41157		441159		2029
167		41157		443805		2029
168		41160		446443		2030
169		41160		449062		2032
170		41162		451690		2033
171		41162		454330		2033
172		41162		456972		2033
173		41162		459616		2033
174		41160		462252		2033
175		41158		464896		2029
176		41158		467543		2029
177		41158		470187		2030
178		41158		472832		2029
179		41158		475465		2029
180		41160		478108		2033
181		41161		480744		2031
182		41159		483382		2028
183		41158		486028		2027
184		41151		488658		2028
185		41150		491291		2029
186		41165		493921		2028
187		41165		496580		2028
188		41164		499224		2028
189		41165		501878		2027
190		41166		504503		2029
191		41162		507142		2029
192		41162		509775		2028
193		41162		512412		2027
194		41162		515064		2029
195		41160		517709		2028
196		41156		520346		2027
197		41158		522975		2029
198		41156		525616		2027
199		41156		528261		2027
200		41155		530901		2028
201		41157		533525		2030
202		41157		536158		2029
203		41157		538803		2031
204		41156		541448		2030
205		41155		544073		2029
206		41155		546711		2029
207		41155		549365		2029
208		41155		552009		2029
209		41154		554656		2028
210		41154		557281		2027
211		41154		559909		2027
212		41153		562556		2027
213		41155		565186		2030
214		41155		567825		2030
215		41153		570467		2028
216		41153		573110		2029
217		41153		575741		2029
218		41153		578388		2029
219		41153		581023		2030
220		41153		583665		2031
221		41153		586306		2031
222		41151		588938		2032
223		41153		591585		2032
224		41151		594226		2030
225		41151		596873		2030
226		41151		599511		2030
227		41151		602140		2028
228		41151		604770		2028
229		41151		607397		2029
230		41151		610041		2030
231		41150		612677		2028
232		41150		615317		2028
233		41150		617968		2028
234		41150		620624		2028
235		41150		623262		2028
236		41150		625895		2028
237		41150		628535		2028
238		41150		631172		2031
239		41148		633823		2032
240		41150		636462		2034
241		41149		639093		2034
242		41149		641738		2034
243		41149		644375		2035
244		41149		647033		2036
245		41149		649671		2036
246		41149		652314		2036
247		41149		654963		2036
248		41148		657603		2037
249		41148		660239		2037
250		41148		662869		2036
251		41148		665505		2036
252		41148		668132		2036
253		41148		670777		2036
254		41148		673416		2037
255		41148		676038		2037
256		41148		678675		2037
257		41150		681330		2039
258		41149		683972		2039
259		41148		686604		2038
260		41147		689238		2036
261		41147		691891		2035
262		41147		694527		2036
263		41147		697185		2036
264		41147		699833		2037
265		41147		702477		2037
266		41147		705124		2037
267		41147		707774		2036
268		41147		710418		2037
269		41147		713077		2037
270		41147		715714		2038
271		41147		718339		2038
272		41147		720982		2038
273		41147		723620		2038
274		41147		726270		2038
275		41147		728902		2036
276		41147		731542		2034
277		41147		734189		2034
278		41147		736825		2034
279		41147		739459		2034
280		41146		742086		2035
281		41146		744727		2035
282		41149		747370		2033
283		41149		750004		2033
284		41150		752644		2033
285		41150		755283		2033
286		41150		757912		2033
287		41150		760558		2033
288		41150		763187		2033
289		41151		765828		2032
290		41152		768456		2031
291		41151		771089		2032
292		41151		773719		2032
293		41152		776365		2031
294		41152		779006		2032
295		41154		781641		2030
296		41152		784264		2032
297		41152		786914		2029
298		41150		789544		2030
299		41152		792183		2030
300		41152		794821		2029
301		41150		797465		2030
302		41150		800119		2028
303		41150		802750		2029
304		41152		805392		2031
305		41150		808035		2030
306		41152		810676		2028
307		41152		813333		2028
308		41154		815976		2029
309		41154		818614		2027
310		41154		821254		2027
311		41154		823887		2028
312		41153		826520		2028
313		41153		829160		2028
314		41153		831796		2028
315		41153		834437		2028
316		41153		837092		2028
317		41153		839735		2028
318		41153		842378		2028
319		41153		845007		2029
320		41153		847660		2029
321		41153		850301		2031
322		41153		852928		2031
323		41152		855559		2031
324		41149		858199		2028
325		41149		860841		2029
326		41149		863483		2032
327		41149		866131		2035
328		41149		868760		2034
329		41149		871396		2034
330		41148		874041		2034
331		41148		876671		2033
332		41148		879314		2033
333		41148		881947		2033
334		41148		884587		2035
335		41150		887223		2033
336		41148		889860		2035
337		41148		892480		2034
338		41150		895128		2032
339		41148		897755		2034
340		41148		900394		2031
341		41148		903040		2029
342		41148		905672		2028
343		41148		908316		2028
344		41148		910966		2028
345		41148		913601		2028
346		41150		916249		2030
347		41148		918879		2028
348		41148		921522		2029
349		41148		924181		2029
350		41148		926819		2030
351		41148		929445		2032
352		41148		932077		2032
353		41148		934719		2031
354		41148		937363		2031
355		41150		940004		2029
356		41148		942648		2030
357		41148		945288		2028
358		41150		947913		2031
359		41148		950543		2029
360		41148		953198		2030
361		41148		955835		2030
362		41148		958469		2030
363		41150		961098		2029
364		41152		963729		2029
365		41150		966380		2028
366		41150		969021		2028
367		41148		971665		2028
368		41149		974313		2029
369		41151		976959		2030
370		41150		979600		2028
371		41150		982251		2027
372		41150		984891		2027
373		41150		987529		2028
374		41149		990164		2029
375		41149		992801		2029
376		41149		995444		2030
377		41149		998089		2030
378		41149		1000735		2030
379		41149		1003371		2030
380		41149		1006012		2029
381		41151		1008660		2031
382		41151		1011311		2031
383		41149		1013947		2029
384		41149		1016580		2028
385		41151		1019214		2030
386		41149		1021852		2028
387		41151		1024497		2027
388		41150		1027148		2028
389		41150		1029800		2028
390		41151		1032445		2026
391		41150		1035065		2027
392		41150		1037704		2029
393		41151		1040339		2030
394		41149		1042979		2030
395		41150		1045599		2031
396		41150		1048233		2033
397		41148		1050869		2032
398		41149		1053506		2031
399		41149		1056140		2030
400		41149		1058782		2031
401		41151		1061419		2031
402		41150		1064075		2032
403		41150		1066694		2032
404		41153		1069347		2032
405		41153		1071997		2033
406		41149		1074625		2037
407		41148		1077267		2035
408		41149		1079911		2034
409		41151		1082547		2031
410		41151		1085186		2037
411		41153		1087832		2033
412		41155		1090464		2034
413		41152		1093115		2036
414		41152		1095762		2036
415		41150		1098384		2035
416		41150		1101036		2035
417		41150		1103678		2034
418		41150		1106305		2034
419		41149		1108948		2032
420		41151		1111597		2032
421		41149		1114235		2030
422		41150		1116870		2032
423		41150		1119505		2032
424		41150		1122150		2032
425		41150		1124794		2032
426		41150		1127430		2033
427		41150		1130075		2035
428		41150		1132720		2036
429		41150		1135383		2034
430		41150		1138030		2033
431		41150		1140671		2033
432		41150		1143313		2032
433		41150		1145950		2032
434		41150		1148595		2032
435		41149		1151224		2033
436		41151		1153862		2034
437		41151		1156509		2033
438		41150		1159153		2033
439		41150		1161776		2033
440		41150		1164381		2033
441		41150		1167031		2034
442		41150		1169672		2032
443		41150		1172311		2032
444		41150		1174940		2032
445		41150		1177570		2030
446		41150		1180205		2030
447		41152		1182846		2033
448		41150		1185488		2032
449		41150		1188116		2032
450		41150		1190766		2034
451		41165		1193392		2035
452		41165		1196038		2035
453		41165		1198671		2034
454		41165		1201328		2034
455		41165		1203956		2038
456		41163		1206605		2037
457		41165		1209229		2035
458		41164		1211871		2035
459		41163		1214502		2035
460		41163		1217142		2036
461		41162		1219777		2034
462		41162		1222413		2033
463		41161		1225052		2033
464		41162		1227675		2033
465		41162		1230318		2032
466		41164		1232956		2032
467		41165		1235593		2032
468		41162		1238243		2032
469		41161		1240882		2030
470		41163		1243522		2031
471		41160		1246180		2031
472		41160		1248805		2032
473		41160		1251454		2032
474		41162		1254107		2031
475		41161		1256738		2036
476		41163		1259382		2034
477		41161		1262018		2037
478		41162		1264660		2035
479		41164		1267295		2035
480		41162		1269914		2037
481		41159		1272558		2036
482		41159		1275196		2033
483		41159		1277834		2033
484		41159		1280440		2033
485		41158		1283065		2033
486		41160		1285709		2031
487		41160		1288344		2031
488		41158		1290975		2032
489		41159		1293622		2030
490		41159		1296240		2030
491		41159		1298867		2030
492		41157		1301511		2032
493		41157		1304161		2032
494		41157		1306807		2032
495		41157		1309454		2033
496		41157		1312102		2034
497		41159		1314741		2032
498		41157		1317381		2034
499		41157		1320020		2034
500		41157		1322652		2033
501		41157		1325289		2033
502		41157		1327931		2033
503		41157		1330574		2030
504		41157		1333213		2030
505		41157		1335840		2030
506		41157		1338499		2029
507		41157		1341135		2029
508		41157		1343787		2028
509		41157		1346440		2028
510		41157		1349067		2029
511		41188		1351712		2029
512		41188		1354354		2030
513		41188		1356998		2030
514		41188		1359642		2028
515		41188		1362271		2028
516		41188		1364906		2030
517		41188		1367537		2029
518		41188		1370163		2030
519		41188		1372805		2030
520		41188		1375443		2030
521		41188		1378091		2030
522		41188		1380713		2029
523		41188		1383360		2029
524		41188		1385986		2029
525		41188		1388616		2029
526		41188		1391263		2027
527		41188		1393909		2029
528		41187		1396541		2028
529		41187		1399186		2028
530		41187		1401821		2028
531		41187		1404442		2027
532		41187		1407075		2027
533		41187		1409725		2027
534		41187		1412364		2027
535		41189		1415004		2029
536		41188		1417654		2028
537		41188		1420299		2028
538		41188		1422957		2028
539		41188		1425579		2029
540		41188		1428215		2028
541		41187		1430859		2027
542		41187		1433519		2027
543		41187		1436167		2027
544		41187		1438809		2027
545		41187		1441466		2025
546		41187		1444104		2025
547		41189		1446730		2027
548		41189		1449375		2027
549		41187		1452006		2025
550		41187		1454648		2026
551		41187		1457286		2027
552		41187		1459924		2029
553		41189		1462568		2031
554		41189		1465203		2031
555		41189		1467841		2033
556		41187		1470478		2031
557		41189		1473123		2035
558		41187		1475775		2034
559		41187		1478418		2034
560		41187		1481061		2034
561		41187		1483684		2033
562		41187		1486323		2033
563		41187		1488963		2033
564		41187		1491611		2033
565		41187		1494258		2032
566		41189		1496915		2034
567		41187		1499564		2032
568		41189		1502220		2034
569		41189		1504856		2034
570		41189		1507494		2034
571		41189		1510148		2034
572		41189		1512797		2034
573		41189		1515434		2034
574		41191		1518058		2034
575		41193		1520696		2035
576		41191		1523328		2036
577		41191		1525969		2035
578		41190		1528599		2037
579		41191		1531245		2038
580		41189		1533885		2038
581		41191		1536531		2037
582		41191		1539174		2037
583		41189		1541799		2037
584		41189		1544434		2036
585		41189		1547077		2036
586		41191		1549725		2036
587		41190		1552386		2034
588		41188		1555022		2035
589		41188		1557655		2036
590		41188		1560298		2037
591		41188		1562932		2035
592		41189		1565577		2034
593		41188		1568218		2037
594		41190		1570860		2036
595		41192		1573500		2036
596		41190		1576141		2032
597		41189		1578786		2033
598		41191		1581425		2035
599		41189		1584061		2032
600		41189		1586705		2033
601		41189		1589353		2033
602		41188		1591986		2033
603		41188		1594618		2033
604		41188		1597264		2033
605		41188		1599915		2035
606		41188		1602545		2032
607		41190		1605203		2032
608		41188		1607834		2030
609		41188		1610466		2030
610		41188		1613106		2030
611		41187		1615727		2032
612		41187		1618350		2032
613		41187		1620996		2032
614		41187		1623635		2032
615		41187		1626269		2033
616		41187		1628912		2033
617		41187		1631559		2033
618		41187		1634190		2033
619		41187		1636823		2033
620		41187		1639453		2034
621		41187		1642089		2034
622		41187		1644739		2034
623		41187		1647361		2034
624		41187		1650010		2034
625		41187		1652639		2034
626		41187		1655283		2034
627		41187		1657933		2034
628		41187		1660573		2034
629		41187		1663205		2033
630		41187		1665847		2034
631		41187		1668500		2034
632		41187		1671149		2036
633		41189		1673800		2032
634		41189		1676434		2032
635		41189		1679069		2032
636		41188		1681705		2033
637		41187		1684346		2033
638		41187		1686973		2032
639		41187		1689604		2032
640		41187		1692244		2033
641		41187		1694899		2032
642		41187		1697544		2032
643		41187		1700169		2032
644		41187		1702801		2032
645		41187		1705431		2032
646		41187		1708069		2031
647		41187		1710703		2032
648		41187		1713363		2033
649		41187		1715988		2032
650		41187		1718642		2032
651		41188		1721294		2034
652		41188		1723937		2033
653		41188		1726573		2033
654		41188		1729220		2033
655		41188		1731862		2030
656		41188		1734494		2029
657		41188		1737129		2030
658		41188		1739759		2029
659		41188		1742405		2031
660		41188		1745043		2033
661		41188		1747687		2033
662		41188		1750323		2033
663		41189		1752967		2034
664		41191		1755602		2036
665		41189		1758233		2034
666		41190		1760871		2035
667		41189		1763504		2035
668		41190		1766121		2034
669		41188		1768768		2036
670		41187		1771414		2036
671		41187		1774053		2036
672		41187		1776677		2037
673		41187		1779318		2037
674		41187		1781959		2039
675		41187		1784607		2039
676		41187		1787241		2039
677		41187		1789884		2038
678		41187		1792535		2038
679		41187		1795172		2038
680		41187		1797813		2038
681		41187		1800449		2038
682		41187		1803096		2039
683		41187		1805730		2038
684		41187		1808384		2039
685		41187		1811024		2039
686		41187		1813656		2040
687		41187		1816294		2040
688		41187		1818939		2039
689		41187		1821568		2038
690		41187		1824205		2038
691		41187		1826833		2037
692		41187		1829461		2037
693		41187		1832091		2036
694		41187		1834747		2036
695		41187		1837372		2036
696		41187		1840014		2036
697		41187		1842654		2036
698		41187		1845301		2037
699		41187		1847943		2037
700		41187		1850595		2037
701		41187		1853243		2036
702		41187		1855890		2037
703		41187		1858528		2037
704		41187		1861171		2037
705		41187		1863806		2037
706		41187		1866449		2036
707		41187		1869084		2037
708		41187		1871725		2037
709		41187		1874366		2036
710		41187		1876996		2036
711		41187		1879641		2035
712		41187		1882272		2035
713		41187		1884908		2033
714		41187		1887547		2033
715		41187		1890180		2034
716		41187		1892822		2034
717		41189		1895437		2034
718		41189		1898066		2034
719		41189		1900704		2035
720		41188		1903346		2036
721		41188		1905986		2036
722		41188		1908627		2036
723		41188		1911274		2036
724		41188		1913930		2036
725		41188		1916568		2036
726		41188		1919201		2035
727		41188		1921843		2035
728		41188		1924470		2032
729		41190		1927106		2036
730		41188		1929739		2034
731		41188		1932368		2034
732		41188		1935011		2033
733		41190		1937660		2031
734		41189		1940301		2032
735		41191		1942947		2034
736		41189		1945575		2032
737		41189		1948208		2032
738		41189		1950854		2032
739		41191		1953499		2035
740		41191		1956130		2032
741		41191		1958759		2036
742		41189		1961384		2034
743		41189		1964019		2034
744		41189		1966644		2034
745		41189		1969272		2034
746		41189		1971915		2034
747		41189		1974554		2035
748		41191		1977198		2033
749		41192		1979851		2033
750		41190		1982490		2032
751		41190		1985122		2032
752		41189		1987761		2033
753		41189		1990407		2032
754		41190		1993066		2033
755		41189		1995703		2032
756		41189		1998345		2032
757		41189		2000989		2032
758		41189		2003625		2030
759		41189		2006274		2032
760		41189		2008907		2032
761		41191		2011536		2030
762		41190		2014169		2033
763		41189		2016816		2032
764		41192		2019464		2031
765		41192		2022100		2032
766		41192		2024740		2032
767		41193		2027379		2033
768		41193		2030014		2035
769		41194		2032657		2035
770		41194		2035284		2032
771		41192		2037920		2033
772		41191		2040570		2034
773		41192		2043213		2034
774		41190		2045864		2034
775		41188		2048499		2031
776		41188		2051145		2031
777		41188		2053783		2029
778		41190		2056417		2027
779		41190		2059050		2027
780		41190		2061701		2028
781		41190		2064333		2031
782		41189		2066975		2031
783		41188		2069617		2030
784		41187		2072266		2029
785		41187		2074905		2029
786		41187		2077539		2027
787		41187		2080187		2029
788		41188		2082818		2028
789		41187		2085460		2031
790		41187		2088097		2031
791		41188		2090730		2030
792		41187		2093366		2032
793		41186		2096007		2033
794		41186		2098635		2032
795		41186		2101278		2035
796		41186		2103914		2035
797		41186		2106562		2035
798		41186		2109201		2035
799		41186		2111837		2036
800		41186		2114482		2036
801		41186		2117126		2036
802		41186		2119767		2036
803		41186		2122405		2036
804		41188		2125036		2034
805		41189		2127674		2033
806		41190		2130307		2031
807		41192		2132952		2030
808		41193		2135581		2032
809		41196		2138232		2032
810		41192		2140837		2030
811		41193		2143486		2027
812		41196		2146124		2027
813		41195		2148770		2028
814		41194		2151405		2027
815		41195		2154036		2030
816		41193		2156690		2027
817		41197		2159331		2030
818		41191		2161966		2029
819		41190		2164623		2029
820		41190		2167255		2030
821		41192		2169898		2032
822		41192		2172544		2032
823		41193		2175182		2032
824		41193		2177829		2030
825		41191		2180462		2031
826		41193		2183093		2028
827		41194		2185724		2029
828		41193		2188367		2029
829		41190		2191008		2028
830		41190		2193649		2027
831		41192		2196281		2025
832		41190		2198905		2024
833		41189		2201548		2026
834		41189		2204192		2025
835		41187		2206820		2024
836		41188		2209475		2025
837		41188		2212113		2028
838		41187		2214748		2027
839		41187		2217388		2027
840		41188		2220002		2028
841		41186		2222628		2026
842		41187		2225279		2026
843		41187		2227905		2028
844		41186		2230554		2027
845		41187		2233189		2027
846		41186		2235827		2027
847		41187		2238459		2029
848		41187		2241095		2031
849		41188		2243720		2031
850		41188		2246360		2032
851		41185		2249014		2031
852		41185		2251669		2031
853		41186		2254308		2030
854		41186		2256941		2030
855		41186		2259562		2030
856		41185		2262201		2030
857		41185		2264858		2031
858		41184		2267496		2032
859		41182		2270123		2030
860		41183		2272759		2033
861		41182		2275396		2033
862		41182		2278036		2033
863		41182		2280667		2031
864		41182		2283299		2031
865		41182		2285945		2031
866		41183		2288591		2032
867		41184		2291233		2032
868		41182		2293872		2031
869		41184		2296521		2032
870		41183		2299171		2032
871		41183		2301825		2032
872		41182		2304473		2032
873		41183		2307111		2032
874		41182		2309755		2031
875		41183		2312393		2031
876		41183		2315046		2032
877		41184		2317694		2032
878		41182		2320332		2033
879		41183		2322967		2034
880		41182		2325605		2033
881		41185		2328242		2032
882		41183		2330907		2034
883		41183		2333550		2034
884		41183		2336182		2033
885		41182		2338807		2034
886		41184		2341440		2032
887		41185		2344072		2033
888		41185		2346710		2033
889		41185		2349348		2033
890		41185		2351985		2034
891		41184		2354603		2033
892		41185		2357250		2034
893		41185		2359881		2034
894		41183		2362515		2032
895		41183		2365163		2032
896		41184		2367781		2033
897		41183		2370436		2034
898		41184		2373074		2035
899		41183		2375716		2037
900		41184		2378351		2036
901		41183		2381004		2033
902		41184		2383640		2033
903		41186		2386269		2035
904		41183		2388898		2034
905		41186		2391533		2034
906		41185		2394166		2034
907		41185		2396787		2034
908		41186		2399419		2035
909		41190		2402065		2034
910		41186		2404705		2035
911		41188		2407339		2034
912		41188		2409971		2033
913		41186		2412605		2034
914		41185		2415233		2035
915		41184		2417868		2035
916		41187		2420513		2033
917		41185		2423154		2034
918		41185		2425800		2034
919		41186		2428442		2033
920		41185		2431094		2033
921		41185		2433728		2033
922		41186		2436369		2034
923		41185		2439021		2035
924		41188		2441662		2031
925		41187		2444325		2034
926		41187		2446959		2033
927		41185		2449595		2035
928		41187		2452239		2033
929		41185		2454898		2033
930		41187		2457549		2031
931		41185		2460178		2031
932		41184		2462807		2029
933		41184		2465463		2030
934		41184		2468103		2030
935		41184		2470726		2031
936		41184		2473355		2031
937		41184		2475988		2031
938		41184		2478629		2029
939		41186		2481259		2028
940		41184		2483903		2030
941		41184		2486535		2029
942		41184		2489172		2029
943		41184		2491803		2029
944		41184		2494445		2030
945		41184		2497086		2031
946		41185		2499722		2033
947		41185		2502370		2033
948		41185		2504995		2032
949		41186		2507633		2034
950		41186		2510273		2034
951		41186		2512901		2031
952		41186		2515536		2031
953		41186		2518174		2031
954		41186		2520811		2034
955		41186		2523434		2034
956		41186		2526063		2034
957		41184		2528709		2032
958		41184		2531344		2032
959		41188		2533990		2032
960		41186		2536614		2030
961		41188		2539255		2033
962		41186		2541894		2033
963		41188		2544541		2031
964		41186		2547175		2033
965		41186		2549808		2033
966		41186		2552448		2034
967		41186		2555085		2034
968		41186		2557729		2034
969		41186		2560359		2034
970		41186		2563013		2032
971		41186		2565649		2033
972		41185		2568290		2034
973		41185		2570944		2034
974		41185		2573589		2035
975		41185		2576229		2035
976		41185		2578869		2032
977		41185		2581500		2032
978		41185		2584134		2034
979		41185		2586764		2034
980		41185		2589410		2034
981		41183		2592046		2034
982		41183		2594672		2033
983		41183		2597318		2033
984		41183		2599961		2033
985		41182		2602598		2033
986		41182		2605225		2032
987		41182		2607847		2032
988		41182		2610488		2032
989		41182		2613143		2032
990		41182		2615795		2032
991		41184		2618441		2031
992		41182		2621099		2033
993		41184		2623748		2031
994		41184		2626385		2031
995		41184		2629018		2031
996		41182		2631664		2033
997		41182		2634314		2033
998		41182		2636957		2035
999		41182		2639599		2034
