# Migration is number of nodes that have changed color.

Round		Edge-Cut		Swaps		Migrations		Skipped
0		107181		2718		1585
1		85652		5419		1870
2		72078		8107		1937
3		62968		10789		1998
4		56994		13463		2020
5		52871		16136		2046
6		49883		18799		2027
7		47944		21449		2021
8		46873		24093		2022
9		45760		26744		2017
10		45024		29401		2033
11		44273		32049		2019
12		43823		34699		2027
13		43379		37361		2049
14		43121		40013		2042
15		42890		42655		2040
16		42690		45295		2028
17		42569		47913		2029
18		42292		50575		2031
19		41998		53229		2030
20		41979		55869		2033
21		41910		58509		2034
22		41831		61146		2038
23		41781		63798		2030
24		41747		66451		2028
25		41729		69104		2023
26		41702		71743		2026
27		41620		74367		2028
28		41541		77015		2022
29		41537		79657		2024
30		41502		82289		2028
31		41472		84926		2025
32		41462		87559		2021
33		41452		90211		2027
34		41434		92858		2031
35		41394		95496		2025
36		41389		98150		2027
37		41350		100803		2032
38		41353		103438		2031
39		41285		106078		2034
40		41279		108734		2036
41		41276		111372		2037
42		41280		114013		2040
43		41279		116656		2039
44		41280		119294		2037
45		41278		121950		2039
46		41280		124589		2038
47		41272		127232		2042
48		41282		129878		2043
49		41271		132505		2038
50		41264		135150		2036
51		41268		137802		2041
52		41270		140443		2039
53		41279		143082		2039
54		41273		145708		2039
55		41276		148360		2037
56		41270		150990		2042
57		41274		153620		2041
58		41278		156261		2042
59		41278		158914		2041
60		41277		161568		2043
61		41276		164200		2042
62		41265		166838		2044
63		41267		169480		2042
64		41250		172124		2041
65		41245		174758		2041
66		41246		177379		2039
67		41242		180018		2040
68		41243		182659		2038
69		41248		185304		2039
70		41248		187936		2040
71		41243		190572		2041
72		41243		193211		2041
73		41242		195865		2041
74		41242		198500		2041
75		41243		201127		2040
76		41240		203755		2037
77		41241		206398		2040
78		41237		209024		2041
79		41239		211660		2043
80		41239		214295		2043
81		41239		216937		2043
82		41231		219579		2043
83		41236		222240		2042
84		41237		224890		2043
85		41235		227542		2043
86		41235		230193		2044
87		41235		232843		2042
88		41230		235481		2041
89		41230		238118		2041
90		41225		240773		2044
91		41230		243408		2044
92		41231		246054		2041
93		41228		248691		2040
94		41226		251348		2040
95		41225		253984		2040
96		41226		256618		2038
97		41222		259260		2041
98		41228		261904		2038
99		41228		264532		2037
100		41228		267174		2036
101		41223		269819		2036
102		41223		272459		2037
103		41224		275100		2038
104		41227		277750		2038
105		41227		280398		2041
106		41226		283042		2042
107		41226		285680		2041
108		41229		288345		2040
109		41228		290995		2041
110		41230		293622		2044
111		41230		296257		2045
112		41229		298900		2045
113		41229		301537		2044
114		41229		304158		2042
115		41228		306787		2046
116		41228		309423		2046
117		41229		312074		2044
118		41228		314694		2044
119		41228		317310		2044
120		41227		319957		2046
121		41233		322603		2047
122		41231		325245		2046
123		41232		327895		2045
124		41232		330538		2043
125		41232		333166		2045
126		41235		335798		2043
127		41234		338447		2045
128		41233		341070		2044
129		41232		343711		2041
130		41233		346353		2043
131		41232		349005		2041
132		41237		351656		2041
133		41239		354282		2041
134		41240		356925		2043
135		41239		359558		2041
136		41238		362209		2041
137		41216		364855		2039
138		41216		367488		2040
139		41215		370120		2039
140		41208		372762		2039
141		41207		375397		2040
142		41208		378043		2042
143		41207		380680		2042
144		41207		383327		2040
145		41209		385949		2037
146		41207		388588		2037
147		41205		391224		2040
148		41204		393867		2040
149		41206		396507		2039
150		41208		399149		2040
151		41210		401789		2041
152		41209		404431		2039
153		41208		407072		2042
154		41206		409708		2044
155		41207		412355		2044
156		41207		415006		2042
157		41207		417637		2042
158		41207		420269		2043
159		41221		422905		2042
160		41216		425557		2043
161		41214		428195		2043
162		41213		430829		2043
163		41215		433470		2042
164		41202		436104		2043
165		41201		438736		2043
166		41201		441377		2042
167		41197		444021		2040
168		41197		446650		2040
169		41196		449300		2042
170		41196		451934		2042
171		41202		454570		2040
172		41202		457222		2040
173		41204		459860		2040
174		41203		462500		2041
175		41204		465149		2042
176		41203		467787		2043
177		41203		470422		2042
178		41205		473051		2044
179		41204		475696		2044
180		41204		478335		2043
181		41204		480994		2044
182		41209		483645		2044
183		41209		486272		2044
184		41208		488917		2042
185		41208		491564		2043
186		41208		494198		2045
187		41208		496839		2042
188		41207		499482		2043
189		41207		502115		2043
190		41207		504764		2043
191		41207		507422		2042
192		41207		510053		2042
193		41207		512701		2042
194		41207		515336		2041
195		41207		517990		2042
196		41207		520632		2043
197		41207		523279		2043
198		41207		525901		2043
199		41207		528537		2042
200		41206		531179		2043
201		41206		533824		2043
202		41254		536452		2045
203		41262		539105		2046
204		41262		541762		2045
205		41262		544390		2044
206		41262		547038		2044
207		41262		549686		2044
208		41262		552324		2047
209		41259		554956		2047
210		41259		557602		2047
211		41259		560241		2049
212		41259		562893		2048
213		41259		565529		2047
214		41255		568176		2049
215		41255		570813		2049
216		41254		573435		2047
217		41254		576079		2046
218		41254		578711		2046
219		41254		581339		2044
220		41254		583973		2044
221		41254		586615		2044
222		41253		589251		2043
223		41253		591880		2043
224		41253		594518		2043
225		41251		597161		2043
226		41251		599787		2045
227		41251		602426		2045
228		41251		605071		2044
229		41251		607721		2044
230		41251		610362		2044
231		41251		612997		2044
232		41252		615649		2044
233		41252		618294		2044
234		41251		620933		2044
235		41251		623579		2044
236		41252		626199		2042
237		41251		628831		2040
238		41251		631460		2039
239		41251		634098		2039
240		41251		636736		2039
241		41251		639364		2040
242		41251		642017		2041
243		41251		644664		2041
244		41251		647314		2041
245		41251		649954		2041
246		41251		652587		2041
247		41250		655223		2040
248		41250		657862		2040
249		41250		660499		2040
250		41250		663118		2042
251		41250		665762		2042
252		41250		668409		2042
253		41250		671065		2040
254		41249		673703		2038
255		41250		676338		2038
256		41250		678984		2038
257		41250		681636		2038
258		41248		684275		2038
259		41248		686920		2038
260		41248		689556		2038
261		41248		692201		2039
262		41248		694837		2039
263		41248		697497		2037
264		41248		700139		2037
265		41248		702776		2037
266		41246		705426		2036
267		41246		708052		2036
268		41246		710705		2036
269		41241		713356		2036
270		41241		716004		2036
271		41243		718658		2034
272		41243		721297		2035
273		41242		723956		2040
274		41242		726601		2039
275		41242		729242		2038
276		41241		731886		2038
277		41243		734522		2037
278		41243		737156		2037
279		41243		739805		2037
280		41244		742453		2038
281		41244		745087		2038
282		41244		747723		2039
283		41246		750367		2042
284		41246		753031		2042
285		41246		755655		2041
286		41246		758288		2041
287		41246		760917		2040
288		41246		763552		2038
289		41243		766200		2038
290		41243		768854		2037
291		41242		771501		2036
292		41242		774127		2038
293		41242		776783		2037
294		41242		779425		2037
295		41242		782073		2037
296		41241		784718		2037
297		41240		787351		2037
298		41240		790006		2038
299		41240		792663		2039
300		41240		795314		2039
301		41240		797959		2039
302		41240		800592		2040
303		41239		803228		2040
304		41239		805866		2040
305		41239		808503		2040
306		41239		811118		2041
307		41239		813775		2041
308		41239		816414		2041
309		41239		819047		2041
310		41239		821680		2041
311		41239		824331		2041
312		41239		826982		2041
313		41239		829625		2041
314		41239		832249		2041
315		41239		834894		2041
316		41239		837537		2041
317		41239		840178		2040
318		41239		842814		2040
319		41239		845465		2042
320		41239		848108		2040
321		41239		850754		2040
322		41239		853403		2042
323		41239		856045		2042
324		41239		858684		2042
325		41239		861326		2041
326		41239		863953		2040
327		41241		866584		2041
328		41241		869230		2042
329		41241		871855		2043
330		41241		874495		2043
331		41241		877125		2042
332		41242		879755		2042
333		41240		882405		2044
334		41240		885063		2044
335		41240		887694		2044
336		41239		890337		2044
337		41239		892975		2043
338		41241		895613		2042
339		41242		898243		2040
340		41240		900907		2043
341		41240		903554		2041
342		41240		906195		2041
343		41240		908840		2041
344		41240		911470		2040
345		41240		914100		2041
346		41240		916740		2041
347		41240		919383		2040
348		41237		922018		2040
349		41237		924644		2040
350		41237		927285		2040
351		41237		929930		2040
352		41234		932563		2043
353		41234		935204		2042
354		41234		937834		2044
355		41234		940469		2044
356		41234		943119		2045
357		41235		945756		2046
358		41235		948400		2045
359		41235		951039		2045
360		41234		953663		2045
361		41234		956295		2045
362		41234		958923		2045
363		41234		961567		2045
364		41234		964203		2045
365		41234		966842		2045
366		41234		969499		2045
367		41234		972154		2045
368		41234		974800		2045
369		41234		977447		2045
370		41234		980091		2045
371		41234		982734		2045
372		41234		985385		2045
373		41234		988018		2045
374		41234		990659		2044
375		41234		993287		2044
376		41229		995926		2044
377		41229		998563		2044
378		41229		1001189		2043
379		41230		1003817		2043
380		41230		1006469		2043
381		41229		1009106		2043
382		41229		1011738		2043
383		41229		1014387		2043
384		41229		1017020		2043
385		41229		1019659		2044
386		41229		1022280		2044
387		41229		1024927		2044
388		41229		1027569		2043
389		41229		1030220		2044
390		41229		1032849		2044
391		41229		1035488		2044
392		41229		1038139		2044
393		41229		1040762		2044
394		41229		1043404		2044
395		41229		1046035		2044
396		41229		1048662		2044
397		41229		1051325		2044
398		41229		1053979		2043
399		41229		1056623		2043
400		41229		1059270		2046
401		41229		1061910		2045
402		41229		1064534		2045
403		41229		1067186		2045
404		41229		1069829		2045
405		41229		1072481		2044
406		41229		1075122		2046
407		41229		1077770		2046
408		41230		1080411		2046
409		41229		1083055		2045
410		41228		1085718		2045
411		41228		1088367		2045
412		41228		1091008		2045
413		41228		1093645		2045
414		41228		1096285		2045
415		41228		1098933		2045
416		41228		1101585		2045
417		41228		1104242		2044
418		41228		1106880		2044
419		41228		1109519		2044
420		41228		1112151		2046
421		41228		1114796		2046
422		41228		1117422		2045
423		41228		1120071		2044
424		41229		1122707		2043
425		41229		1125326		2043
426		41229		1127959		2043
427		41229		1130601		2043
428		41229		1133227		2042
429		41229		1135872		2043
430		41229		1138502		2043
431		41229		1141153		2043
432		41207		1143795		2044
433		41207		1146421		2043
434		41207		1149045		2043
435		41207		1151687		2043
436		41207		1154332		2043
437		41207		1156964		2043
438		41208		1159609		2039
439		41206		1162258		2041
440		41208		1164894		2039
441		41208		1167528		2037
442		41205		1170169		2039
443		41207		1172813		2037
444		41206		1175445		2039
445		41206		1178076		2039
446		41206		1180719		2042
447		41206		1183356		2041
448		41207		1185993		2042
449		41207		1188624		2043
450		41187		1191268		2037
451		41187		1193912		2037
452		41187		1196553		2037
453		41188		1199205		2037
454		41186		1201861		2037
455		41187		1204496		2037
456		41189		1207156		2036
457		41186		1209787		2037
458		41186		1212430		2036
459		41187		1215080		2038
460		41186		1217723		2040
461		41187		1220372		2040
462		41187		1223011		2040
463		41186		1225658		2040
464		41186		1228310		2041
465		41186		1230955		2040
466		41186		1233588		2040
467		41186		1236219		2042
468		41186		1238861		2042
469		41186		1241497		2041
470		41186		1244140		2038
471		41186		1246784		2037
472		41186		1249445		2037
473		41186		1252100		2037
474		41186		1254737		2037
475		41186		1257368		2037
476		41186		1260001		2037
477		41186		1262650		2037
478		41186		1265285		2038
479		41186		1267908		2035
480		41184		1270555		2038
481		41184		1273205		2038
482		41184		1275854		2038
483		41185		1278483		2038
484		41184		1281126		2040
485		41186		1283770		2041
486		41185		1286422		2040
487		41186		1289075		2041
488		41185		1291710		2040
489		41185		1294346		2040
490		41190		1296982		2039
491		41189		1299628		2039
492		41189		1302275		2039
493		41189		1304902		2039
494		41189		1307550		2039
495		41189		1310203		2039
496		41187		1312852		2040
497		41189		1315498		2038
498		41189		1318143		2039
499		41187		1320790		2041
500		41187		1323435		2041
501		41164		1326087		2042
502		41165		1328727		2040
503		41169		1331372		2040
504		41169		1334036		2040
505		41169		1336675		2039
506		41167		1339315		2039
507		41167		1341946		2039
508		41167		1344591		2039
509		41167		1347234		2039
510		41167		1349876		2040
511		41167		1352510		2040
512		41167		1355143		2040
513		41167		1357785		2040
514		41167		1360414		2040
515		41167		1363051		2040
516		41166		1365697		2040
517		41166		1368333		2040
518		41166		1370984		2041
519		41166		1373615		2041
520		41166		1376270		2041
521		41166		1378909		2041
522		41166		1381546		2041
523		41166		1384183		2041
524		41166		1386836		2041
525		41166		1389455		2041
526		41166		1392109		2039
527		41166		1394762		2040
528		41166		1397405		2040
529		41166		1400046		2040
530		41166		1402682		2040
531		41166		1405317		2040
532		41166		1407955		2039
533		41166		1410585		2039
534		41166		1413224		2039
535		41166		1415863		2039
536		41166		1418507		2039
537		41166		1421152		2039
538		41166		1423769		2039
539		41166		1426421		2039
540		41166		1429060		2040
541		41166		1431710		2043
542		41166		1434351		2043
543		41166		1437004		2043
544		41166		1439637		2043
545		41166		1442269		2043
546		41166		1444901		2043
547		41166		1447529		2043
548		41166		1450161		2042
549		41166		1452781		2042
550		41166		1455425		2044
551		41166		1458065		2044
552		41166		1460706		2044
553		41166		1463337		2044
554		41166		1465974		2044
555		41166		1468630		2044
556		41166		1471259		2044
557		41166		1473898		2044
558		41166		1476528		2044
559		41166		1479167		2044
560		41166		1481818		2044
561		41166		1484465		2044
562		41166		1487110		2044
563		41166		1489751		2044
564		41166		1492391		2044
565		41166		1495026		2044
566		41166		1497671		2044
567		41166		1500304		2044
568		41166		1502951		2044
569		41166		1505599		2044
570		41166		1508240		2044
571		41166		1510873		2044
572		41166		1513526		2044
573		41166		1516177		2043
574		41166		1518829		2043
575		41166		1521477		2042
576		41166		1524111		2042
577		41166		1526734		2042
578		41166		1529376		2043
579		41166		1532017		2043
580		41166		1534654		2045
581		41166		1537307		2045
582		41166		1539941		2045
583		41166		1542574		2045
584		41166		1545224		2045
585		41166		1547860		2045
586		41166		1550518		2045
587		41166		1553153		2046
588		41166		1555800		2046
589		41166		1558445		2046
590		41166		1561093		2046
591		41166		1563720		2046
592		41166		1566351		2046
593		41166		1568994		2046
594		41166		1571637		2046
595		41166		1574293		2047
596		41166		1576934		2046
597		41166		1579571		2046
598		41166		1582209		2046
599		41166		1584858		2045
600		41166		1587498		2043
601		41166		1590141		2043
602		41166		1592786		2043
603		41166		1595427		2043
604		41166		1598072		2045
605		41166		1600714		2045
606		41166		1603361		2045
607		41166		1606009		2045
608		41166		1608662		2045
609		41166		1611301		2045
610		41166		1613941		2045
611		41166		1616584		2047
612		41166		1619210		2047
613		41166		1621843		2049
614		41168		1624484		2047
615		41168		1627121		2048
616		41168		1629769		2049
617		41168		1632418		2048
618		41168		1635048		2048
619		41168		1637698		2048
620		41168		1640325		2048
621		41168		1642968		2049
622		41168		1645608		2049
623		41168		1648248		2050
624		41168		1650888		2050
625		41168		1653530		2050
626		41167		1656171		2050
627		41167		1658808		2050
628		41167		1661441		2049
629		41166		1664078		2048
630		41168		1666704		2046
631		41168		1669358		2046
632		41168		1672016		2046
633		41168		1674658		2045
634		41167		1677295		2047
635		41166		1679938		2047
636		41166		1682582		2047
637		41166		1685236		2047
638		41166		1687876		2047
639		41166		1690508		2046
640		41166		1693146		2046
641		41166		1695791		2046
642		41166		1698433		2046
643		41166		1701072		2046
644		41166		1703711		2046
645		41166		1706351		2046
646		41166		1709004		2046
647		41166		1711641		2048
648		41166		1714272		2049
649		41166		1716907		2048
650		41166		1719544		2048
651		41166		1722194		2047
652		41166		1724826		2047
653		41166		1727459		2047
654		41166		1730121		2047
655		41166		1732752		2047
656		41166		1735398		2046
657		41166		1738045		2046
658		41166		1740697		2046
659		41166		1743357		2046
660		41166		1746003		2046
661		41166		1748626		2046
662		41166		1751249		2046
663		41166		1753894		2046
664		41166		1756541		2047
665		41166		1759170		2047
666		41166		1761813		2047
667		41166		1764466		2046
668		41166		1767082		2046
669		41166		1769710		2046
670		41166		1772350		2047
671		41166		1774999		2049
672		41166		1777642		2049
673		41166		1780270		2049
674		41168		1782929		2047
675		41166		1785567		2050
676		41168		1788194		2048
677		41166		1790828		2050
678		41166		1793461		2050
679		41166		1796099		2050
680		41166		1798721		2051
681		41166		1801358		2051
682		41166		1804012		2053
683		41166		1806655		2053
684		41166		1809292		2053
685		41166		1811938		2053
686		41166		1814584		2052
687		41168		1817218		2050
688		41166		1819860		2051
689		41168		1822495		2049
690		41167		1825135		2050
691		41166		1827776		2049
692		41166		1830419		2049
693		41166		1833062		2049
694		41166		1835690		2049
695		41166		1838323		2049
696		41166		1840980		2049
697		41166		1843628		2049
698		41166		1846261		2049
699		41166		1848904		2049
700		41166		1851545		2049
701		41166		1854202		2049
702		41166		1856835		2050
703		41166		1859491		2049
704		41166		1862126		2050
705		41166		1864779		2050
706		41166		1867432		2050
707		41166		1870063		2050
708		41166		1872703		2050
709		41166		1875345		2050
710		41166		1877999		2050
711		41166		1880651		2051
712		41166		1883298		2051
713		41166		1885923		2051
714		41166		1888549		2052
715		41166		1891169		2052
716		41166		1893806		2052
717		41166		1896434		2051
718		41166		1899084		2049
719		41166		1901729		2049
720		41166		1904370		2049
721		41166		1907011		2051
722		41166		1909656		2051
723		41166		1912286		2051
724		41166		1914902		2049
725		41166		1917559		2049
726		41166		1920213		2050
727		41166		1922855		2048
728		41166		1925488		2048
729		41166		1928119		2048
730		41166		1930750		2046
731		41166		1933394		2046
732		41168		1936038		2045
733		41170		1938675		2047
734		41170		1941322		2047
735		41170		1943967		2047
736		41170		1946602		2048
737		41168		1949252		2047
738		41168		1951892		2047
739		41168		1954535		2047
740		41168		1957182		2045
741		41168		1959829		2046
742		41172		1962470		2044
743		41172		1965109		2044
744		41172		1967746		2045
745		41172		1970379		2045
746		41173		1973031		2047
747		41172		1975664		2046
748		41172		1978293		2044
749		41172		1980931		2043
750		41172		1983576		2043
751		41172		1986210		2044
752		41170		1988845		2044
753		41170		1991490		2042
754		41169		1994141		2045
755		41169		1996787		2044
756		41169		1999428		2044
757		41169		2002062		2044
758		41169		2004699		2045
759		41169		2007341		2045
760		41168		2009976		2045
761		41168		2012620		2044
762		41168		2015266		2044
763		41168		2017892		2042
764		41168		2020528		2042
765		41168		2023163		2042
766		41168		2025794		2043
767		41168		2028436		2043
768		41168		2031078		2043
769		41168		2033733		2041
770		41168		2036361		2041
771		41168		2038985		2043
772		41168		2041621		2043
773		41168		2044261		2043
774		41168		2046907		2043
775		41168		2049541		2043
776		41170		2052175		2043
777		41168		2054827		2045
778		41168		2057478		2045
779		41168		2060117		2045
780		41168		2062742		2047
781		41170		2065388		2045
782		41170		2068028		2045
783		41172		2070651		2046
784		41172		2073288		2046
785		41170		2075918		2045
786		41170		2078553		2045
787		41170		2081186		2045
788		41168		2083819		2047
789		41168		2086470		2047
790		41168		2089093		2047
791		41168		2091735		2047
792		41168		2094384		2047
793		41168		2097026		2047
794		41168		2099678		2047
795		41169		2102327		2045
796		41169		2104963		2045
797		41169		2107604		2045
798		41169		2110242		2045
799		41167		2112881		2047
800		41167		2115522		2047
801		41169		2118166		2045
802		41167		2120810		2047
803		41167		2123428		2047
804		41167		2126067		2047
805		41167		2128712		2048
806		41166		2131352		2048
807		41168		2133999		2046
808		41168		2136632		2046
809		41168		2139296		2046
810		41167		2141924		2047
811		41167		2144575		2046
812		41167		2147217		2046
813		41166		2149838		2045
814		41166		2152477		2045
815		41166		2155129		2045
816		41166		2157759		2045
817		41166		2160382		2045
818		41166		2163019		2046
819		41166		2165649		2047
820		41166		2168290		2047
821		41166		2170935		2046
822		41166		2173578		2046
823		41166		2176214		2045
824		41166		2178847		2045
825		41166		2181479		2045
826		41166		2184109		2045
827		41166		2186754		2045
828		41166		2189397		2044
829		41166		2192034		2044
830		41165		2194681		2045
831		41165		2197314		2045
832		41165		2199956		2045
833		41165		2202604		2045
834		41165		2205246		2046
835		41165		2207890		2046
836		41165		2210526		2046
837		41165		2213163		2046
838		41165		2215807		2046
839		41165		2218439		2048
840		41165		2221089		2048
841		41165		2223726		2048
842		41165		2226363		2048
843		41165		2229004		2048
844		41165		2231651		2047
845		41165		2234294		2048
846		41165		2236929		2048
847		41165		2239563		2047
848		41165		2242198		2047
849		41165		2244823		2047
850		41165		2247475		2047
851		41165		2250127		2047
852		41165		2252771		2047
853		41165		2255414		2047
854		41165		2258057		2047
855		41165		2260694		2047
856		41165		2263336		2047
857		41165		2265987		2046
858		41165		2268628		2045
859		41165		2271254		2045
860		41165		2273900		2046
861		41165		2276552		2046
862		41165		2279198		2044
863		41165		2281836		2044
864		41165		2284482		2045
865		41165		2287110		2045
866		41165		2289755		2044
867		41165		2292404		2045
868		41165		2295046		2045
869		41165		2297703		2046
870		41165		2300346		2046
871		41165		2302988		2046
872		41165		2305619		2045
873		41165		2308276		2045
874		41165		2310915		2045
875		41165		2313562		2045
876		41165		2316197		2045
877		41165		2318825		2045
878		41165		2321470		2044
879		41165		2324118		2042
880		41165		2326770		2042
881		41165		2329414		2041
882		41165		2332059		2041
883		41165		2334707		2041
884		41165		2337357		2041
885		41165		2340008		2041
886		41165		2342658		2039
887		41165		2345293		2039
888		41165		2347944		2039
889		41165		2350569		2039
890		41165		2353213		2039
891		41165		2355861		2039
892		41165		2358500		2039
893		41165		2361132		2039
894		41165		2363768		2040
895		41165		2366400		2041
896		41165		2369036		2041
897		41165		2371671		2043
898		41165		2374318		2043
899		41165		2376961		2043
900		41165		2379601		2044
901		41165		2382252		2044
902		41165		2384886		2044
903		41165		2387523		2044
904		41165		2390156		2044
905		41165		2392791		2044
906		41165		2395438		2044
907		41165		2398077		2044
908		41165		2400730		2044
909		41165		2403359		2044
910		41165		2405985		2044
911		41165		2408633		2044
912		41165		2411274		2044
913		41165		2413922		2043
914		41165		2416582		2044
915		41165		2419231		2044
916		41165		2421880		2044
917		41165		2424512		2042
918		41165		2427144		2042
919		41165		2429779		2042
920		41165		2432409		2043
921		41165		2435049		2043
922		41165		2437684		2043
923		41165		2440322		2043
924		41165		2442958		2043
925		41165		2445606		2043
926		41165		2448249		2042
927		41165		2450890		2042
928		41165		2453533		2043
929		41165		2456169		2043
930		41165		2458816		2044
931		41165		2461451		2044
932		41165		2464102		2043
933		41165		2466734		2042
934		41165		2469363		2042
935		41165		2472006		2043
936		41165		2474640		2044
937		41165		2477269		2044
938		41165		2479921		2044
939		41165		2482566		2044
940		41165		2485202		2045
941		41165		2487843		2047
942		41165		2490493		2047
943		41165		2493132		2044
944		41165		2495792		2043
945		41165		2498430		2043
946		41165		2501091		2043
947		41165		2503727		2042
948		41165		2506372		2042
949		41162		2509022		2043
950		41162		2511665		2043
951		41162		2514296		2043
952		41162		2516956		2043
953		41162		2519595		2043
954		41162		2522224		2044
955		41162		2524862		2044
956		41162		2527494		2044
957		41162		2530127		2044
958		41162		2532790		2044
959		41162		2535442		2044
960		41162		2538074		2044
961		41162		2540722		2044
962		41162		2543357		2044
963		41162		2545996		2044
964		41162		2548636		2045
965		41162		2551259		2045
966		41162		2553897		2045
967		41162		2556544		2045
968		41162		2559175		2045
969		41162		2561825		2045
970		41162		2564457		2045
971		41162		2567105		2045
972		41162		2569741		2045
973		41162		2572388		2045
974		41162		2575022		2045
975		41162		2577674		2045
976		41162		2580309		2045
977		41162		2582945		2045
978		41162		2585602		2045
979		41162		2588250		2046
980		41162		2590897		2046
981		41162		2593545		2046
982		41162		2596190		2045
983		41162		2598830		2045
984		41162		2601478		2047
985		41163		2604119		2046
986		41163		2606749		2046
987		41163		2609399		2046
988		41163		2612038		2046
989		41163		2614669		2046
990		41162		2617303		2047
991		41162		2619947		2047
992		41162		2622582		2047
993		41164		2625223		2045
994		41166		2627878		2047
995		41164		2630506		2044
996		41162		2633168		2045
997		41162		2635811		2044
998		41162		2638438		2045
999		41162		2641083		2045
