# Migration is number of nodes that have changed color.

Round		Edge-Cut		Swaps		Migrations		Skipped
0		106637		2719		1585
1		86939		5426		1851
2		73227		8130		1961
3		62920		10808		1993
4		55548		13477		2001
5		50966		16130		2024
6		48700		18792		2018
7		47125		21465		2033
8		45891		24116		2036
9		45127		26761		2037
10		44303		29392		2038
11		43676		32032		2047
12		43445		34677		2040
13		43122		37330		2027
14		42868		39960		2022
15		42678		42616		2021
16		42510		45279		2022
17		42345		47933		2032
18		42172		50585		2032
19		42010		53224		2037
20		41927		55876		2030
21		41927		58535		2036
22		41898		61193		2040
23		41899		63837		2035
24		41833		66477		2037
25		41791		69113		2028
26		41656		71769		2028
27		41638		74413		2023
28		41602		77067		2023
29		41558		79711		2025
30		41546		82348		2027
31		41547		84982		2037
32		41524		87632		2037
33		41508		90270		2035
34		41508		92925		2030
35		41487		95563		2025
36		41481		98199		2026
37		41446		100834		2022
38		41424		103482		2024
39		41417		106125		2025
40		41414		108783		2029
41		41408		111410		2024
42		41400		114062		2025
43		41391		116701		2025
44		41379		119339		2035
45		41370		121966		2035
46		41369		124601		2031
47		41394		127243		2030
48		41385		129877		2030
49		41387		132524		2029
50		41383		135169		2027
51		41396		137794		2029
52		41392		140450		2035
53		41391		143085		2034
54		41381		145715		2034
55		41358		148346		2032
56		41364		150980		2033
57		41362		153611		2030
58		41357		156232		2033
59		41360		158868		2033
60		41355		161509		2033
61		41329		164146		2032
62		41328		166775		2035
63		41274		169420		2033
64		41273		172069		2034
65		41269		174710		2032
66		41322		177336		2034
67		41310		179979		2034
68		41312		182608		2034
69		41275		185246		2033
70		41277		187884		2029
71		41275		190524		2032
72		41277		193155		2031
73		41266		195795		2026
74		41257		198428		2022
75		41250		201071		2028
76		41254		203710		2031
77		41256		206359		2037
78		41245		208989		2033
79		41230		211638		2033
80		41236		214257		2035
81		41233		216891		2033
82		41230		219536		2037
83		41227		222176		2035
84		41229		224808		2030
85		41229		227467		2029
86		41227		230111		2030
87		41239		232749		2032
88		41238		235390		2030
89		41237		238028		2024
90		41237		240661		2024
91		41226		243310		2021
92		41221		245960		2021
93		41219		248599		2027
94		41218		251246		2027
95		41266		253877		2025
96		41263		256526		2030
97		41258		259176		2031
98		41240		261824		2030
99		41240		264463		2028
100		41237		267111		2024
101		41236		269757		2021
102		41232		272399		2020
103		41231		275034		2023
104		41231		277673		2022
105		41225		280314		2029
106		41227		282945		2031
107		41227		285576		2028
108		41225		288213		2031
109		41230		290848		2031
110		41227		293497		2032
111		41229		296144		2033
112		41227		298788		2029
113		41226		301424		2027
114		41226		304069		2029
115		41224		306707		2030
116		41223		309346		2028
117		41220		311994		2031
118		41220		314628		2031
119		41222		317268		2027
120		41219		319909		2026
121		41219		322549		2029
122		41219		325180		2027
123		41219		327818		2028
124		41218		330449		2029
125		41220		333086		2026
126		41220		335736		2029
127		41222		338379		2028
128		41221		341013		2030
129		41218		343641		2034
130		41218		346285		2034
131		41217		348914		2035
132		41217		351550		2037
133		41218		354190		2040
134		41216		356833		2041
135		41214		359486		2039
136		41219		362123		2040
137		41220		364734		2035
138		41219		367374		2033
139		41220		370009		2034
140		41217		372646		2035
141		41217		375281		2035
142		41219		377923		2035
143		41218		380543		2033
144		41217		383196		2031
145		41215		385826		2029
146		41220		388475		2033
147		41219		391117		2030
148		41219		393735		2034
149		41219		396357		2035
150		41220		398996		2036
151		41216		401645		2037
152		41211		404276		2034
153		41205		406911		2032
154		41206		409548		2031
155		41205		412177		2031
156		41204		414828		2032
157		41204		417474		2032
158		41201		420122		2034
159		41203		422766		2032
160		41201		425394		2031
161		41200		428029		2030
162		41199		430661		2029
163		41198		433291		2032
164		41193		435914		2031
165		41184		438548		2030
166		41184		441180		2032
167		41183		443825		2033
168		41181		446453		2037
169		41178		449094		2032
170		41179		451732		2036
171		41179		454380		2035
172		41178		457011		2037
173		41178		459635		2038
174		41178		462269		2040
175		41180		464901		2038
176		41176		467544		2039
177		41179		470191		2040
178		41178		472827		2040
179		41176		475455		2037
180		41177		478091		2036
181		41180		480740		2034
182		41183		483377		2036
183		41202		486016		2036
184		41203		488658		2038
185		41203		491290		2039
186		41204		493939		2043
187		41204		496573		2039
188		41203		499215		2041
189		41203		501858		2041
190		41201		504494		2038
191		41200		507133		2042
192		41200		509772		2041
193		41200		512400		2040
194		41200		515049		2038
195		41202		517707		2041
196		41199		520346		2038
197		41198		522978		2037
198		41199		525627		2038
199		41199		528268		2037
200		41202		530903		2041
201		41201		533546		2042
202		41203		536172		2046
203		41203		538801		2045
204		41202		541430		2046
205		41198		544058		2043
206		41196		546696		2044
207		41200		549317		2042
208		41199		551952		2043
209		41200		554603		2042
210		41200		557250		2043
211		41199		559896		2045
212		41199		562529		2044
213		41199		565163		2043
214		41199		567803		2044
215		41199		570439		2042
216		41201		573081		2042
217		41199		575728		2040
218		41201		578362		2040
219		41201		580980		2039
220		41201		583620		2036
221		41198		586247		2039
222		41198		588874		2039
223		41198		591528		2040
224		41198		594175		2042
225		41196		596811		2042
226		41198		599446		2042
227		41197		602073		2043
228		41197		604705		2041
229		41199		607351		2041
230		41199		609976		2041
231		41199		612605		2040
232		41200		615229		2038
233		41198		617861		2039
234		41198		620497		2038
235		41197		623147		2039
236		41197		625783		2039
237		41197		628425		2039
238		41198		631071		2039
239		41198		633712		2040
240		41198		636363		2039
241		41198		638999		2040
242		41199		641644		2041
243		41197		644280		2042
244		41199		646926		2039
245		41199		649570		2039
246		41201		652211		2040
247		41195		654837		2040
248		41197		657469		2037
249		41196		660087		2036
250		41196		662728		2038
251		41197		665367		2040
252		41197		668000		2039
253		41196		670622		2040
254		41195		673260		2039
255		41193		675898		2038
256		41193		678523		2039
257		41193		681149		2035
258		41195		683786		2040
259		41195		686433		2040
260		41195		689060		2038
261		41195		691702		2037
262		41195		694352		2037
263		41196		696978		2036
264		41196		699625		2040
265		41198		702266		2040
266		41195		704901		2039
267		41191		707538		2040
268		41196		710189		2038
269		41196		712821		2038
270		41197		715454		2037
271		41196		718087		2038
272		41196		720727		2037
273		41195		723366		2037
274		41199		725993		2037
275		41200		728618		2038
276		41202		731269		2039
277		41207		733907		2041
278		41204		736536		2040
279		41203		739158		2039
280		41203		741800		2039
281		41203		744433		2041
282		41206		747080		2041
283		41208		749707		2037
284		41209		752356		2040
285		41210		754975		2043
286		41206		757618		2038
287		41206		760256		2038
288		41204		762890		2037
289		41202		765525		2038
290		41202		768165		2040
291		41200		770799		2042
292		41203		773448		2045
293		41201		776077		2044
294		41201		778709		2045
295		41194		781344		2044
296		41194		783980		2044
297		41194		786625		2042
298		41192		789253		2043
299		41192		791894		2043
300		41192		794538		2043
301		41192		797170		2040
302		41192		799802		2041
303		41193		802442		2039
304		41193		805074		2038
305		41192		807706		2040
306		41192		810345		2040
307		41191		812987		2040
308		41191		815620		2038
309		41190		818236		2039
310		41190		820867		2040
311		41190		823508		2039
312		41189		826139		2041
313		41189		828774		2043
314		41189		831406		2043
315		41189		834050		2043
316		41188		836700		2043
317		41188		839344		2042
318		41188		841981		2042
319		41188		844616		2043
320		41188		847267		2043
321		41188		849908		2045
322		41189		852541		2045
323		41189		855176		2045
324		41187		857818		2044
325		41187		860449		2044
326		41186		863085		2045
327		41186		865723		2044
328		41186		868366		2044
329		41186		871003		2043
330		41186		873633		2044
331		41185		876277		2043
332		41185		878928		2043
333		41184		881577		2046
334		41184		884226		2046
335		41184		886858		2046
336		41183		889511		2046
337		41183		892161		2046
338		41183		894788		2046
339		41183		897431		2046
340		41183		900063		2045
341		41183		902694		2045
342		41183		905339		2045
343		41185		907969		2044
344		41185		910601		2045
345		41186		913235		2045
346		41186		915875		2045
347		41187		918511		2046
348		41187		921150		2047
349		41187		923789		2046
350		41186		926429		2044
351		41186		929054		2045
352		41186		931697		2044
353		41186		934347		2045
354		41186		936984		2045
355		41187		939624		2047
356		41188		942263		2046
357		41188		944892		2046
358		41190		947524		2043
359		41189		950163		2042
360		41190		952806		2042
361		41190		955448		2042
362		41190		958101		2042
363		41191		960746		2041
364		41192		963387		2040
365		41194		966021		2038
366		41193		968647		2040
367		41192		971289		2040
368		41192		973923		2041
369		41194		976550		2042
370		41192		979180		2040
371		41190		981809		2041
372		41190		984449		2040
373		41190		987085		2041
374		41190		989719		2039
375		41192		992362		2038
376		41190		994999		2037
377		41190		997651		2034
378		41189		1000280		2036
379		41189		1002928		2036
380		41189		1005560		2036
381		41189		1008194		2036
382		41189		1010833		2035
383		41189		1013456		2033
384		41190		1016079		2034
385		41190		1018723		2034
386		41191		1021351		2035
387		41191		1023976		2036
388		41192		1026623		2040
389		41190		1029268		2041
390		41190		1031909		2040
391		41189		1034544		2040
392		41189		1037188		2043
393		41190		1039823		2040
394		41191		1042444		2038
395		41191		1045080		2039
396		41190		1047707		2039
397		41191		1050336		2041
398		41192		1052974		2040
399		41192		1055614		2043
400		41183		1058273		2041
401		41181		1060915		2041
402		41181		1063540		2039
403		41183		1066166		2038
404		41190		1068807		2035
405		41189		1071442		2034
406		41188		1074093		2034
407		41192		1076724		2033
408		41193		1079366		2034
409		41192		1081992		2038
410		41192		1084634		2039
411		41192		1087277		2042
412		41190		1089914		2043
413		41189		1092553		2042
414		41188		1095186		2040
415		41186		1097831		2042
416		41187		1100476		2044
417		41187		1103118		2044
418		41189		1105749		2042
419		41189		1108388		2044
420		41192		1111024		2044
421		41191		1113665		2043
422		41189		1116309		2042
423		41189		1118938		2045
424		41191		1121578		2046
425		41190		1124218		2047
426		41190		1126868		2047
427		41188		1129519		2046
428		41186		1132160		2043
429		41186		1134801		2044
430		41186		1137451		2044
431		41186		1140102		2041
432		41187		1142736		2040
433		41189		1145377		2042
434		41188		1148006		2041
435		41188		1150641		2042
436		41190		1153272		2043
437		41192		1155928		2045
438		41192		1158560		2045
439		41193		1161189		2044
440		41193		1163836		2040
441		41192		1166470		2039
442		41191		1169106		2038
443		41193		1171760		2037
444		41190		1174397		2041
445		41185		1177027		2039
446		41185		1179664		2039
447		41185		1182296		2039
448		41185		1184951		2039
449		41188		1187602		2040
450		41187		1190226		2043
451		41186		1192866		2041
452		41186		1195513		2041
453		41187		1198141		2043
454		41191		1200768		2041
455		41190		1203412		2041
456		41191		1206040		2040
457		41190		1208672		2040
458		41189		1211306		2043
459		41189		1213940		2045
460		41190		1216576		2043
461		41191		1219218		2041
462		41190		1221846		2043
463		41193		1224486		2041
464		41191		1227128		2041
465		41190		1229751		2040
466		41190		1232387		2041
467		41190		1235030		2040
468		41189		1237665		2041
469		41189		1240309		2042
470		41190		1242937		2045
471		41191		1245563		2045
472		41188		1248192		2046
473		41187		1250825		2046
474		41187		1253471		2045
475		41189		1256090		2045
476		41190		1258736		2042
477		41190		1261374		2043
478		41190		1264000		2041
479		41190		1266632		2041
480		41191		1269276		2039
481		41194		1271920		2037
482		41194		1274556		2037
483		41195		1277201		2037
484		41195		1279835		2037
485		41196		1282484		2040
486		41197		1285101		2039
487		41194		1287728		2037
488		41193		1290367		2040
489		41194		1293015		2040
490		41196		1295649		2040
491		41193		1298291		2040
492		41193		1300938		2041
493		41193		1303569		2042
494		41193		1306210		2042
495		41196		1308842		2042
496		41196		1311488		2041
497		41195		1314126		2042
498		41196		1316764		2043
499		41193		1319404		2042
500		41194		1322032		2039
501		41194		1324668		2041
502		41197		1327301		2040
503		41195		1329942		2043
504		41194		1332581		2044
505		41194		1335208		2044
506		41196		1337845		2043
507		41197		1340482		2044
508		41196		1343124		2046
509		41194		1345770		2044
510		41195		1348407		2045
511		41191		1351051		2046
512		41188		1353686		2044
513		41188		1356322		2042
514		41189		1358969		2039
515		41189		1361593		2038
516		41186		1364248		2038
517		41187		1366857		2039
518		41189		1369495		2038
519		41189		1372128		2039
520		41187		1374763		2040
521		41188		1377396		2039
522		41189		1380048		2041
523		41189		1382692		2040
524		41186		1385321		2041
525		41185		1387954		2042
526		41184		1390591		2042
527		41184		1393212		2042
528		41184		1395839		2041
529		41185		1398480		2043
530		41185		1401122		2043
531		41186		1403775		2045
532		41186		1406413		2044
533		41186		1409052		2044
534		41186		1411683		2043
535		41185		1414309		2042
536		41187		1416950		2042
537		41189		1419573		2037
538		41188		1422216		2038
539		41188		1424844		2038
540		41188		1427487		2035
541		41188		1430132		2038
542		41188		1432771		2038
543		41188		1435403		2037
544		41189		1438040		2036
545		41189		1440676		2037
546		41190		1443308		2036
547		41189		1445952		2037
548		41190		1448579		2037
549		41191		1451218		2039
550		41190		1453852		2040
551		41193		1456498		2041
552		41188		1459113		2044
553		41191		1461765		2042
554		41188		1464402		2043
555		41189		1467030		2042
556		41186		1469662		2046
557		41187		1472281		2048
558		41187		1474920		2048
559		41186		1477547		2047
560		41185		1480196		2044
561		41186		1482838		2043
562		41186		1485479		2047
563		41186		1488115		2045
564		41185		1490770		2045
565		41185		1493421		2044
566		41185		1496075		2046
567		41186		1498711		2048
568		41187		1501361		2049
569		41187		1504005		2050
570		41186		1506631		2049
571		41187		1509259		2049
572		41187		1511884		2048
573		41188		1514534		2047
574		41188		1517168		2047
575		41185		1519807		2042
576		41185		1522450		2042
577		41185		1525082		2041
578		41185		1527721		2042
579		41185		1530371		2043
580		41184		1533004		2043
581		41186		1535626		2040
582		41186		1538266		2039
583		41186		1540879		2040
584		41186		1543513		2038
585		41185		1546147		2038
586		41184		1548796		2039
587		41184		1551426		2040
588		41187		1554063		2041
589		41187		1556697		2042
590		41190		1559331		2042
591		41188		1561968		2040
592		41184		1564604		2036
593		41184		1567248		2031
594		41185		1569892		2035
595		41185		1572497		2034
596		41186		1575154		2035
597		41185		1577793		2034
598		41185		1580438		2034
599		41185		1583070		2034
600		41185		1585709		2034
601		41185		1588337		2034
602		41187		1590969		2032
603		41188		1593612		2030
604		41187		1596240		2031
605		41187		1598883		2035
606		41188		1601506		2034
607		41186		1604148		2038
608		41187		1606769		2036
609		41186		1609386		2038
610		41187		1612026		2038
611		41186		1614650		2037
612		41186		1617286		2039
613		41185		1619924		2036
614		41184		1622556		2036
615		41184		1625197		2034
616		41185		1627832		2035
617		41184		1630471		2034
618		41183		1633099		2032
619		41184		1635727		2032
620		41184		1638361		2034
621		41189		1640999		2035
622		41190		1643629		2037
623		41188		1646259		2037
624		41188		1648901		2036
625		41188		1651528		2036
626		41190		1654165		2036
627		41190		1656800		2037
628		41188		1659418		2036
629		41186		1662072		2036
630		41186		1664706		2036
631		41187		1667344		2035
632		41186		1669983		2038
633		41186		1672631		2036
634		41186		1675249		2036
635		41186		1677888		2039
636		41144		1680527		2037
637		41143		1683180		2038
638		41143		1685834		2037
639		41142		1688472		2036
640		41142		1691126		2036
641		41142		1693765		2036
642		41142		1696395		2037
643		41142		1699027		2037
644		41142		1701676		2037
645		41142		1704320		2038
646		41141		1706958		2036
647		41141		1709601		2035
648		41141		1712251		2036
649		41142		1714870		2034
650		41143		1717507		2034
651		41146		1720150		2034
652		41146		1722795		2034
653		41145		1725439		2037
654		41144		1728082		2035
655		41143		1730724		2034
656		41146		1733354		2036
657		41148		1736012		2035
658		41148		1738652		2035
659		41145		1741292		2038
660		41144		1743936		2038
661		41144		1746579		2037
662		41144		1749206		2035
663		41144		1751837		2034
664		41142		1754476		2035
665		41142		1757114		2036
666		41142		1759731		2035
667		41142		1762362		2032
668		41144		1765003		2032
669		41141		1767656		2034
670		41141		1770297		2034
671		41141		1772953		2034
672		41142		1775599		2037
673		41142		1778241		2038
674		41142		1780862		2036
675		41141		1783492		2036
676		41141		1786137		2036
677		41139		1788773		2039
678		41141		1791404		2040
679		41141		1794031		2041
680		41141		1796669		2041
681		41143		1799308		2042
682		41143		1801930		2042
683		41143		1804575		2042
684		41144		1807219		2042
685		41145		1809854		2039
686		41145		1812489		2039
687		41144		1815133		2038
688		41146		1817767		2038
689		41145		1820411		2040
690		41146		1823052		2036
691		41146		1825697		2037
692		41148		1828348		2039
693		41146		1831007		2039
694		41150		1833631		2036
695		41148		1836266		2037
696		41148		1838899		2036
697		41150		1841537		2034
698		41148		1844180		2034
699		41147		1846817		2034
700		41146		1849465		2033
701		41146		1852113		2034
702		41146		1854757		2034
703		41144		1857390		2031
704		41144		1860035		2031
705		41144		1862658		2029
706		41143		1865287		2031
707		41143		1867922		2032
708		41143		1870559		2031
709		41144		1873195		2032
710		41144		1875834		2032
711		41144		1878484		2033
712		41144		1881127		2033
713		41145		1883759		2032
714		41145		1886396		2031
715		41145		1889038		2031
716		41144		1891683		2033
717		41144		1894319		2033
718		41144		1896967		2032
719		41146		1899598		2032
720		41147		1902232		2030
721		41147		1904870		2031
722		41146		1907511		2032
723		41146		1910149		2031
724		41147		1912788		2030
725		41148		1915424		2028
726		41148		1918059		2029
727		41148		1920701		2031
728		41146		1923350		2028
729		41145		1926001		2030
730		41145		1928642		2030
731		41146		1931268		2027
732		41146		1933921		2024
733		41146		1936557		2024
734		41145		1939194		2025
735		41147		1941830		2030
736		41147		1944459		2030
737		41145		1947080		2029
738		41147		1949702		2031
739		41145		1952344		2032
740		41145		1954975		2031
741		41144		1957607		2031
742		41143		1960232		2031
743		41143		1962877		2030
744		41144		1965512		2030
745		41144		1968147		2034
746		41143		1970783		2034
747		41143		1973425		2032
748		41144		1976076		2033
749		41144		1978705		2033
750		41144		1981340		2033
751		41144		1983976		2032
752		41146		1986614		2033
753		41146		1989262		2034
754		41146		1991894		2034
755		41146		1994540		2031
756		41145		1997183		2031
757		41149		1999816		2034
758		41148		2002463		2032
759		41148		2005088		2031
760		41148		2007727		2033
761		41148		2010369		2033
762		41149		2013002		2033
763		41149		2015640		2034
764		41151		2018278		2034
765		41152		2020912		2032
766		41155		2023545		2031
767		41152		2026196		2033
768		41151		2028841		2032
769		41150		2031473		2033
770		41148		2034124		2032
771		41153		2036793		2032
772		41151		2039436		2028
773		41153		2042072		2031
774		41145		2044707		2032
775		41146		2047350		2031
776		41142		2049989		2029
777		41142		2052628		2028
778		41141		2055271		2027
779		41144		2057907		2027
780		41143		2060535		2027
781		41143		2063164		2028
782		41144		2065812		2027
783		41144		2068453		2025
784		41145		2071095		2029
785		41143		2073736		2033
786		41143		2076358		2033
787		41144		2078994		2038
788		41143		2081609		2037
789		41144		2084251		2038
790		41144		2086899		2038
791		41144		2089558		2038
792		41143		2092196		2038
793		41143		2094827		2040
794		41144		2097449		2040
795		41144		2100079		2039
796		41144		2102722		2041
797		41143		2105355		2041
798		41143		2107996		2042
799		41145		2110613		2041
800		41145		2113253		2040
801		41146		2115887		2042
802		41146		2118524		2039
803		41145		2121160		2038
804		41148		2123794		2042
805		41148		2126437		2038
806		41148		2129088		2036
807		41149		2131726		2038
808		41151		2134371		2039
809		41149		2137014		2038
810		41150		2139646		2035
811		41150		2142281		2034
812		41149		2144903		2033
813		41150		2147528		2035
814		41150		2150179		2038
815		41150		2152821		2041
816		41151		2155462		2042
817		41151		2158097		2041
818		41152		2160736		2043
819		41155		2163384		2041
820		41157		2166011		2042
821		41157		2168634		2045
822		41152		2171268		2044
823		41154		2173914		2044
824		41152		2176558		2042
825		41154		2179205		2043
826		41154		2181837		2039
827		41153		2184482		2041
828		41154		2187129		2036
829		41154		2189763		2035
830		41153		2192398		2038
831		41153		2195039		2037
832		41151		2197675		2037
833		41151		2200309		2039
834		41152		2202957		2036
835		41151		2205596		2040
836		41151		2208230		2041
837		41153		2210873		2040
838		41153		2213508		2040
839		41153		2216147		2041
840		41152		2218792		2042
841		41152		2221421		2041
842		41152		2224055		2041
843		41154		2226687		2041
844		41152		2229304		2042
845		41154		2231948		2040
846		41152		2234573		2039
847		41152		2237214		2041
848		41152		2239849		2043
849		41151		2242483		2041
850		41152		2245124		2044
851		41154		2247761		2041
852		41151		2250402		2042
853		41152		2253037		2040
854		41148		2255671		2038
855		41148		2258302		2038
856		41147		2260944		2034
857		41147		2263581		2035
858		41148		2266215		2034
859		41145		2268840		2035
860		41147		2271473		2035
861		41147		2274108		2038
862		41147		2276748		2038
863		41147		2279383		2037
864		41147		2282018		2036
865		41145		2284666		2037
866		41146		2287302		2038
867		41145		2289928		2039
868		41145		2292591		2039
869		41145		2295227		2039
870		41146		2297860		2040
871		41148		2300505		2039
872		41148		2303142		2037
873		41147		2305786		2036
874		41146		2308424		2037
875		41146		2311057		2037
876		41145		2313704		2037
877		41145		2316359		2039
878		41146		2319002		2038
879		41145		2321653		2037
880		41145		2324292		2037
881		41144		2326928		2038
882		41144		2329557		2038
883		41143		2332195		2038
884		41144		2334826		2037
885		41145		2337462		2037
886		41145		2340114		2037
887		41146		2342739		2038
888		41144		2345373		2036
889		41145		2348014		2039
890		41144		2350645		2039
891		41146		2353279		2043
892		41146		2355910		2042
893		41147		2358563		2046
894		41148		2361196		2049
895		41146		2363826		2048
896		41148		2366472		2050
897		41148		2369108		2049
898		41148		2371731		2048
899		41148		2374370		2049
900		41147		2377017		2048
901		41146		2379668		2047
902		41146		2382292		2046
903		41146		2384933		2045
904		41148		2387580		2046
905		41148		2390223		2048
906		41149		2392852		2047
907		41146		2395481		2048
908		41147		2398112		2045
909		41147		2400746		2047
910		41151		2403376		2049
911		41153		2406019		2048
912		41152		2408670		2047
913		41154		2411305		2047
914		41153		2413943		2047
915		41153		2416573		2048
916		41152		2419202		2045
917		41151		2421850		2046
918		41151		2424493		2048
919		41152		2427134		2048
920		41151		2429772		2051
921		41149		2432400		2046
922		41149		2435036		2046
923		41150		2437662		2048
924		41149		2440292		2046
925		41148		2442926		2040
926		41147		2445554		2040
927		41148		2448180		2039
928		41146		2450810		2041
929		41149		2453428		2040
930		41148		2456061		2041
931		41147		2458702		2042
932		41147		2461344		2044
933		41143		2463994		2041
934		41143		2466625		2040
935		41146		2469263		2040
936		41146		2471889		2043
937		41145		2474533		2041
938		41145		2477163		2042
939		41147		2479811		2038
940		41146		2482460		2040
941		41146		2485076		2042
942		41146		2487715		2043
943		41146		2490361		2040
944		41145		2493002		2041
945		41145		2495631		2039
946		41146		2498275		2039
947		41143		2500917		2034
948		41140		2503565		2031
949		41142		2506202		2031
950		41142		2508829		2030
951		41144		2511472		2031
952		41142		2514095		2029
953		41142		2516739		2029
954		41144		2519381		2030
955		41143		2522006		2033
956		41141		2524657		2033
957		41141		2527291		2032
958		41142		2529919		2031
959		41143		2532547		2029
960		41142		2535173		2031
961		41142		2537810		2035
962		41142		2540448		2034
963		41142		2543070		2035
964		41142		2545704		2035
965		41142		2548335		2034
966		41142		2550968		2034
967		41144		2553620		2034
968		41142		2556258		2033
969		41143		2558899		2033
970		41143		2561558		2035
971		41145		2564194		2036
972		41144		2566820		2036
973		41144		2569455		2034
974		41144		2572081		2033
975		41147		2574726		2035
976		41146		2577367		2035
977		41145		2580013		2029
978		41148		2582643		2031
979		41148		2585276		2027
980		41147		2587921		2029
981		41151		2590548		2031
982		41151		2593189		2029
983		41149		2595838		2030
984		41148		2598474		2029
985		41148		2601107		2031
986		41149		2603746		2027
987		41149		2606370		2027
988		41147		2609013		2030
989		41150		2611672		2032
990		41145		2614305		2034
991		41145		2616941		2035
992		41142		2619590		2032
993		41141		2622232		2033
994		41143		2624850		2032
995		41142		2627489		2034
996		41143		2630125		2034
997		41145		2632763		2037
998		41145		2635410		2036
999		41143		2638037		2035
