# Migration is number of nodes that have changed color.

Round		Edge-Cut		Swaps		Migrations		Skipped
0		105872		2720		1580
1		85793		5431		1870
2		72479		8134		1965
3		63914		10816		1971
4		57705		13493		2016
5		53513		16146		2033
6		50331		18808		2038
7		48574		21458		2024
8		47288		24116		2023
9		45971		26783		2011
10		45169		29454		2015
11		44436		32098		2032
12		44061		34737		2026
13		43574		37391		2040
14		43301		40028		2035
15		43002		42671		2018
16		42781		45314		2026
17		42516		47963		2033
18		42336		50595		2044
19		42155		53226		2047
20		42135		55871		2045
21		42029		58510		2045
22		41984		61159		2038
23		41938		63810		2045
24		41850		66455		2043
25		41825		69102		2043
26		41816		71754		2039
27		41767		74385		2048
28		41676		77025		2045
29		41633		79676		2041
30		41588		82322		2045
31		41603		84958		2040
32		41581		87600		2036
33		41538		90248		2033
34		41510		92883		2038
35		41475		95532		2041
36		41424		98175		2043
37		41388		100813		2043
38		41348		103456		2043
39		41348		106101		2040
40		41346		108741		2035
41		41342		111388		2033
42		41338		114030		2038
43		41330		116681		2037
44		41320		119330		2041
45		41316		121971		2041
46		41316		124634		2039
47		41295		127283		2037
48		41286		129926		2032
49		41280		132554		2031
50		41344		135205		2036
51		41342		137843		2033
52		41333		140482		2038
53		41317		143132		2037
54		41316		145775		2035
55		41293		148408		2039
56		41287		151040		2041
57		41279		153680		2035
58		41276		156329		2034
59		41216		158972		2030
60		41224		161617		2032
61		41222		164253		2030
62		41230		166898		2032
63		41228		169534		2034
64		41228		172182		2034
65		41228		174824		2033
66		41232		177456		2032
67		41234		180094		2029
68		41235		182737		2029
69		41247		185376		2031
70		41250		188022		2030
71		41251		190646		2029
72		41251		193276		2033
73		41241		195922		2032
74		41246		198561		2031
75		41303		201204		2034
76		41301		203857		2034
77		41296		206492		2032
78		41281		209130		2036
79		41278		211779		2036
80		41281		214424		2038
81		41289		217060		2039
82		41287		219704		2035
83		41281		222330		2039
84		41279		224987		2041
85		41279		227616		2044
86		41274		230252		2042
87		41274		232897		2044
88		41275		235536		2043
89		41274		238166		2047
90		41268		240809		2046
91		41271		243456		2046
92		41266		246094		2044
93		41263		248718		2047
94		41270		251364		2045
95		41267		254008		2045
96		41269		256631		2050
97		41267		259267		2050
98		41273		261909		2042
99		41247		264541		2041
100		41253		267185		2043
101		41232		269827		2045
102		41233		272458		2046
103		41234		275112		2047
104		41229		277757		2047
105		41228		280401		2045
106		41228		283045		2047
107		41226		285686		2046
108		41223		288318		2046
109		41222		290956		2050
110		41225		293613		2052
111		41223		296245		2051
112		41221		298887		2051
113		41220		301539		2049
114		41218		304170		2051
115		41217		306819		2051
116		41215		309477		2048
117		41215		312125		2047
118		41210		314767		2046
119		41213		317404		2046
120		41212		320040		2043
121		41212		322684		2043
122		41208		325336		2045
123		41201		327986		2043
124		41199		330618		2048
125		41200		333249		2048
126		41201		335896		2048
127		41201		338541		2048
128		41200		341175		2049
129		41197		343814		2049
130		41193		346451		2051
131		41193		349087		2049
132		41193		351737		2048
133		41196		354391		2046
134		41197		357038		2045
135		41197		359681		2041
136		41199		362319		2044
137		41198		364948		2043
138		41198		367584		2043
139		41197		370231		2044
140		41199		372878		2045
141		41202		375514		2043
142		41203		378158		2044
143		41203		380796		2046
144		41209		383433		2041
145		41210		386095		2039
146		41208		388741		2041
147		41209		391369		2039
148		41204		394004		2042
149		41200		396629		2041
150		41202		399283		2040
151		41202		401923		2043
152		41200		404562		2042
153		41198		407196		2041
154		41198		409835		2041
155		41197		412464		2040
156		41197		415105		2037
157		41192		417747		2036
158		41191		420392		2035
159		41205		423045		2038
160		41205		425683		2036
161		41204		428322		2038
162		41204		430966		2037
163		41207		433602		2038
164		41210		436254		2037
165		41211		438919		2040
166		41212		441563		2041
167		41210		444220		2038
168		41211		446859		2041
169		41208		449491		2040
170		41203		452137		2036
171		41202		454771		2033
172		41201		457422		2033
173		41201		460056		2032
174		41201		462691		2032
175		41200		465336		2032
176		41200		467980		2034
177		41210		470621		2036
178		41212		473267		2037
179		41211		475913		2038
180		41210		478559		2038
181		41211		481196		2040
182		41213		483844		2042
183		41209		486474		2040
184		41208		489108		2039
185		41210		491734		2037
186		41210		494390		2035
187		41211		497038		2034
188		41212		499675		2038
189		41213		502314		2036
190		41211		504951		2036
191		41210		507601		2036
192		41212		510241		2036
193		41212		512869		2037
194		41210		515498		2039
195		41210		518128		2040
196		41211		520780		2041
197		41215		523416		2041
198		41213		526049		2039
199		41214		528691		2042
200		41214		531332		2040
201		41215		533977		2041
202		41219		536630		2042
203		41215		539288		2044
204		41212		541913		2042
205		41214		544564		2043
206		41214		547187		2045
207		41215		549842		2042
208		41213		552486		2041
209		41213		555115		2040
210		41213		557775		2039
211		41214		560408		2040
212		41214		563040		2040
213		41213		565688		2039
214		41213		568329		2040
215		41197		570966		2039
216		41197		573609		2039
217		41195		576263		2037
218		41196		578888		2037
219		41197		581536		2038
220		41197		584179		2038
221		41204		586827		2039
222		41204		589468		2039
223		41207		592110		2037
224		41209		594751		2035
225		41206		597382		2033
226		41206		600027		2039
227		41207		602649		2041
228		41206		605296		2042
229		41199		607940		2042
230		41199		610578		2042
231		41198		613228		2043
232		41198		615867		2043
233		41200		618494		2044
234		41198		621131		2041
235		41201		623778		2040
236		41203		626406		2046
237		41201		629051		2045
238		41207		631697		2040
239		41210		634335		2039
240		41207		636990		2043
241		41206		639625		2046
242		41201		642276		2046
243		41201		644928		2044
244		41196		647551		2046
245		41195		650186		2047
246		41196		652824		2045
247		41195		655463		2046
248		41195		658099		2048
249		41194		660756		2046
250		41195		663396		2045
251		41197		666044		2043
252		41196		668687		2047
253		41198		671324		2046
254		41199		673961		2045
255		41199		676595		2040
256		41199		679237		2038
257		41198		681875		2040
258		41200		684517		2041
259		41200		687173		2040
260		41202		689803		2042
261		41198		692461		2037
262		41197		695098		2041
263		41197		697739		2040
264		41199		700385		2038
265		41199		703013		2041
266		41200		705651		2036
267		41201		708286		2038
268		41199		710939		2042
269		41199		713586		2042
270		41198		716213		2041
271		41169		718863		2041
272		41171		721514		2041
273		41168		724163		2039
274		41168		726807		2040
275		41171		729454		2039
276		41171		732099		2039
277		41171		734743		2038
278		41172		737372		2040
279		41170		740000		2039
280		41168		742636		2038
281		41168		745289		2037
282		41160		747935		2037
283		41158		750587		2032
284		41157		753236		2034
285		41158		755878		2036
286		41156		758518		2036
287		41155		761159		2038
288		41151		763806		2038
289		41153		766433		2036
290		41151		769059		2035
291		41150		771702		2036
292		41150		774352		2036
293		41149		777007		2034
294		41149		779665		2035
295		41146		782315		2035
296		41151		784960		2036
297		41151		787597		2034
298		41150		790246		2034
299		41137		792885		2032
300		41137		795519		2032
301		41138		798159		2034
302		41138		800800		2033
303		41139		803445		2032
304		41141		806081		2031
305		41140		808723		2032
306		41138		811369		2035
307		41137		814015		2037
308		41136		816659		2036
309		41134		819292		2034
310		41135		821948		2034
311		41135		824581		2037
312		41135		827219		2039
313		41139		829879		2040
314		41140		832515		2038
315		41140		835164		2039
316		41138		837807		2038
317		41141		840457		2032
318		41142		843096		2032
319		41140		845758		2033
320		41141		848398		2033
321		41142		851056		2034
322		41144		853694		2034
323		41143		856344		2034
324		41144		858989		2036
325		41141		861645		2039
326		41143		864293		2036
327		41141		866939		2036
328		41141		869587		2037
329		41142		872222		2037
330		41143		874869		2037
331		41139		877493		2037
332		41138		880140		2036
333		41142		882783		2036
334		41140		885426		2037
335		41141		888068		2037
336		41140		890697		2037
337		41145		893338		2034
338		41145		895968		2033
339		41142		898589		2035
340		41145		901235		2033
341		41141		903879		2033
342		41141		906518		2032
343		41140		909148		2034
344		41142		911801		2034
345		41151		914449		2031
346		41154		917083		2032
347		41148		919712		2036
348		41147		922357		2039
349		41148		925003		2040
350		41146		927650		2040
351		41145		930292		2039
352		41147		932937		2038
353		41149		935571		2040
354		41148		938216		2040
355		41148		940860		2038
356		41148		943505		2038
357		41148		946164		2039
358		41150		948806		2039
359		41150		951428		2035
360		41148		954078		2037
361		41148		956720		2034
362		41146		959349		2037
363		41144		961999		2035
364		41145		964629		2033
365		41146		967270		2032
366		41147		969919		2037
367		41146		972555		2035
368		41146		975202		2034
369		41146		977836		2035
370		41143		980484		2035
371		41141		983121		2034
372		41141		985771		2034
373		41145		988416		2036
374		41144		991054		2034
375		41148		993700		2027
376		41147		996344		2035
377		41148		998999		2032
378		41149		1001649		2031
379		41149		1004285		2031
380		41150		1006927		2032
381		41148		1009555		2031
382		41149		1012202		2030
383		41150		1014844		2033
384		41148		1017485		2035
385		41145		1020116		2040
386		41146		1022730		2035
387		41145		1025377		2036
388		41139		1028009		2035
389		41141		1030645		2036
390		41142		1033304		2036
391		41142		1035939		2034
392		41142		1038582		2036
393		41142		1041218		2036
394		41145		1043839		2036
395		41148		1046481		2039
396		41150		1049120		2038
397		41143		1051762		2041
398		41143		1054407		2041
399		41143		1057057		2041
400		41141		1059704		2041
401		41141		1062354		2042
402		41143		1064990		2041
403		41143		1067635		2043
404		41142		1070264		2044
405		41146		1072904		2042
406		41145		1075558		2042
407		41143		1078206		2041
408		41143		1080844		2043
409		41142		1083480		2043
410		41142		1086116		2041
411		41143		1088749		2039
412		41143		1091380		2036
413		41140		1094018		2041
414		41140		1096649		2038
415		41141		1099274		2038
416		41139		1101920		2038
417		41138		1104571		2039
418		41138		1107198		2037
419		41141		1109822		2035
420		41138		1112460		2036
421		41137		1115090		2038
422		41136		1117732		2039
423		41137		1120380		2037
424		41138		1123023		2033
425		41138		1125677		2033
426		41137		1128334		2034
427		41135		1130974		2034
428		41134		1133614		2035
429		41135		1136244		2033
430		41135		1138886		2035
431		41137		1141523		2034
432		41135		1144159		2035
433		41138		1146791		2036
434		41140		1149449		2033
435		41133		1152104		2039
436		41134		1154737		2036
437		41135		1157371		2042
438		41134		1160014		2046
439		41136		1162661		2049
440		41134		1165283		2046
441		41138		1167925		2048
442		41137		1170557		2042
443		41139		1173207		2042
444		41141		1175855		2039
445		41141		1178494		2039
446		41144		1181128		2041
447		41143		1183764		2039
448		41143		1186409		2039
449		41146		1189030		2038
450		41138		1191678		2040
451		41138		1194307		2042
452		41138		1196954		2041
453		41137		1199591		2040
454		41139		1202237		2038
455		41139		1204880		2039
456		41139		1207520		2042
457		41138		1210152		2044
458		41135		1212800		2042
459		41134		1215429		2041
460		41134		1218069		2041
461		41133		1220707		2042
462		41136		1223349		2042
463		41137		1225982		2040
464		41136		1228618		2039
465		41136		1231271		2039
466		41136		1233899		2037
467		41135		1236549		2037
468		41138		1239183		2038
469		41138		1241827		2037
470		41141		1244470		2034
471		41143		1247115		2038
472		41140		1249754		2038
473		41139		1252399		2037
474		41140		1255046		2038
475		41140		1257679		2040
476		41139		1260335		2040
477		41140		1262972		2041
478		41139		1265609		2042
479		41137		1268251		2039
480		41137		1270888		2039
481		41137		1273528		2041
482		41137		1276158		2042
483		41137		1278803		2042
484		41136		1281439		2041
485		41136		1284085		2041
486		41137		1286719		2040
487		41136		1289374		2043
488		41136		1292017		2044
489		41139		1294660		2045
490		41138		1297308		2044
491		41136		1299946		2042
492		41136		1302574		2041
493		41138		1305229		2044
494		41137		1307870		2040
495		41137		1310515		2039
496		41140		1313144		2038
497		41142		1315774		2039
498		41143		1318420		2041
499		41141		1321059		2041
500		41142		1323711		2041
501		41138		1326346		2040
502		41138		1328978		2042
503		41139		1331623		2041
504		41138		1334255		2044
505		41137		1336894		2044
506		41136		1339531		2044
507		41133		1342172		2045
508		41133		1344798		2044
509		41135		1347442		2041
510		41133		1350088		2043
511		41135		1352734		2043
512		41135		1355360		2043
513		41134		1357999		2043
514		41133		1360642		2042
515		41132		1363284		2042
516		41132		1365929		2043
517		41132		1368576		2042
518		41133		1371239		2042
519		41133		1373895		2041
520		41133		1376537		2041
521		41132		1379193		2040
522		41132		1381826		2040
523		41132		1384460		2042
524		41132		1387095		2041
525		41131		1389739		2039
526		41132		1392377		2038
527		41132		1395010		2039
528		41133		1397670		2039
529		41134		1400305		2037
530		41135		1402946		2040
531		41133		1405585		2040
532		41132		1408226		2041
533		41133		1410867		2042
534		41132		1413518		2038
535		41132		1416154		2040
536		41133		1418782		2041
537		41135		1421418		2042
538		41135		1424060		2042
539		41134		1426704		2042
540		41134		1429350		2043
541		41135		1431998		2041
542		41136		1434644		2040
543		41136		1437306		2040
544		41135		1439948		2044
545		41136		1442574		2043
546		41137		1445202		2042
547		41135		1447855		2041
548		41135		1450499		2041
549		41133		1453153		2039
550		41134		1455803		2040
551		41134		1458455		2039
552		41134		1461091		2038
553		41133		1463738		2038
554		41133		1466375		2040
555		41133		1469003		2039
556		41135		1471637		2039
557		41133		1474269		2040
558		41133		1476902		2039
559		41133		1479541		2039
560		41133		1482192		2039
561		41133		1484841		2039
562		41132		1487483		2039
563		41132		1490126		2037
564		41132		1492777		2037
565		41134		1495424		2033
566		41134		1498064		2034
567		41135		1500724		2032
568		41135		1503364		2034
569		41139		1505995		2033
570		41137		1508638		2033
571		41135		1511285		2036
572		41137		1513933		2035
573		41137		1516574		2033
574		41138		1519221		2032
575		41137		1521859		2034
576		41140		1524485		2031
577		41140		1527124		2031
578		41139		1529762		2033
579		41138		1532402		2034
580		41138		1535025		2035
581		41138		1537673		2035
582		41136		1540317		2036
583		41135		1542942		2033
584		41134		1545593		2035
585		41137		1548232		2034
586		41134		1550864		2034
587		41136		1553497		2038
588		41135		1556163		2038
589		41134		1558809		2039
590		41134		1561463		2038
591		41134		1564099		2038
592		41132		1566740		2036
593		41132		1569375		2037
594		41131		1572015		2036
595		41133		1574635		2034
596		41131		1577284		2036
597		41129		1579915		2037
598		41130		1582548		2037
599		41129		1585190		2036
600		41128		1587826		2036
601		41128		1590465		2036
602		41128		1593106		2036
603		41128		1595750		2038
604		41128		1598389		2038
605		41128		1601014		2038
606		41128		1603654		2037
607		41128		1606280		2040
608		41127		1608934		2040
609		41127		1611575		2040
610		41127		1614211		2037
611		41127		1616851		2038
612		41127		1619484		2037
613		41127		1622110		2038
614		41126		1624764		2038
615		41126		1627406		2037
616		41127		1630058		2039
617		41126		1632682		2040
618		41126		1635313		2042
619		41129		1637938		2038
620		41127		1640562		2041
621		41127		1643209		2041
622		41127		1645834		2042
623		41129		1648473		2041
624		41131		1651114		2039
625		41130		1653760		2039
626		41130		1656389		2040
627		41132		1659020		2037
628		41132		1661663		2038
629		41131		1664309		2039
630		41132		1666947		2039
631		41132		1669567		2040
632		41132		1672209		2038
633		41131		1674856		2039
634		41129		1677495		2041
635		41129		1680128		2041
636		41129		1682769		2038
637		41132		1685393		2036
638		41130		1688017		2037
639		41131		1690645		2037
640		41128		1693302		2041
641		41130		1695959		2038
642		41132		1698600		2039
643		41132		1701242		2038
644		41130		1703888		2037
645		41130		1706523		2038
646		41132		1709170		2034
647		41135		1711807		2035
648		41134		1714442		2037
649		41136		1717062		2037
650		41131		1719706		2037
651		41130		1722360		2036
652		41129		1725007		2035
653		41129		1727659		2036
654		41129		1730284		2035
655		41129		1732907		2036
656		41130		1735548		2036
657		41130		1738194		2036
658		41131		1740839		2036
659		41132		1743473		2036
660		41131		1746124		2036
661		41129		1748751		2034
662		41131		1751385		2033
663		41131		1754034		2033
664		41130		1756679		2035
665		41130		1759324		2034
666		41130		1761960		2034
667		41129		1764613		2038
668		41131		1767253		2034
669		41131		1769911		2034
670		41131		1772548		2033
671		41131		1775180		2033
672		41131		1777821		2035
673		41131		1780472		2034
674		41131		1783110		2036
675		41131		1785756		2036
676		41130		1788400		2035
677		41132		1791036		2034
678		41132		1793676		2034
679		41132		1796318		2034
680		41130		1798948		2033
681		41131		1801590		2035
682		41130		1804221		2032
683		41130		1806873		2032
684		41129		1809520		2032
685		41130		1812139		2034
686		41131		1814787		2031
687		41131		1817426		2031
688		41132		1820074		2032
689		41132		1822724		2036
690		41132		1825361		2036
691		41133		1828006		2035
692		41133		1830650		2035
693		41134		1833286		2033
694		41134		1835920		2033
695		41134		1838561		2032
696		41133		1841192		2032
697		41133		1843834		2032
698		41132		1846473		2032
699		41131		1849118		2033
700		41131		1851764		2032
701		41131		1854398		2032
702		41130		1857026		2033
703		41129		1859655		2031
704		41129		1862295		2031
705		41128		1864933		2032
706		41128		1867579		2031
707		41128		1870215		2031
708		41128		1872856		2031
709		41127		1875490		2029
710		41127		1878138		2031
711		41127		1880786		2031
712		41128		1883414		2031
713		41128		1886048		2030
714		41128		1888680		2029
715		41127		1891320		2029
716		41127		1893951		2029
717		41127		1896586		2030
718		41127		1899207		2028
719		41127		1901857		2029
720		41127		1904497		2028
721		41126		1907140		2027
722		41128		1909782		2028
723		41127		1912434		2027
724		41127		1915077		2027
725		41127		1917718		2027
726		41127		1920347		2028
727		41127		1922984		2028
728		41128		1925632		2028
729		41130		1928276		2027
730		41128		1930899		2028
731		41128		1933544		2026
732		41128		1936177		2025
733		41128		1938831		2025
734		41131		1941469		2029
735		41129		1944109		2029
736		41129		1946754		2030
737		41131		1949386		2031
738		41129		1952032		2032
739		41129		1954688		2031
740		41129		1957320		2031
741		41129		1959956		2032
742		41129		1962603		2032
743		41130		1965252		2031
744		41129		1967891		2031
745		41130		1970520		2032
746		41133		1973162		2033
747		41133		1975791		2033
748		41135		1978423		2035
749		41130		1981060		2033
750		41129		1983700		2033
751		41128		1986344		2027
752		41128		1988987		2029
753		41127		1991644		2027
754		41127		1994288		2027
755		41130		1996929		2027
756		41127		1999560		2027
757		41129		2002208		2027
758		41128		2004856		2027
759		41129		2007495		2030
760		41128		2010116		2032
761		41127		2012747		2031
762		41127		2015381		2031
763		41128		2018009		2032
764		41128		2020653		2034
765		41128		2023294		2030
766		41129		2025924		2031
767		41126		2028567		2030
768		41125		2031209		2027
769		41127		2033839		2026
770		41128		2036475		2029
771		41128		2039111		2028
772		41128		2041753		2029
773		41127		2044410		2030
774		41127		2047043		2029
775		41127		2049700		2030
776		41127		2052353		2029
777		41126		2054986		2030
778		41127		2057624		2029
779		41127		2060265		2029
780		41128		2062898		2030
781		41129		2065511		2029
782		41129		2068145		2032
783		41129		2070772		2032
784		41131		2073402		2030
785		41128		2076039		2032
786		41128		2078670		2033
787		41128		2081318		2034
788		41128		2083953		2034
789		41127		2086603		2034
790		41126		2089245		2032
791		41127		2091875		2032
792		41127		2094525		2033
793		41127		2097167		2033
794		41127		2099802		2033
795		41127		2102444		2034
796		41128		2105074		2032
797		41128		2107711		2033
798		41128		2110334		2032
799		41128		2112986		2033
800		41128		2115631		2033
801		41127		2118276		2033
802		41127		2120921		2033
803		41127		2123576		2033
804		41128		2126209		2032
805		41127		2128864		2032
806		41127		2131526		2032
807		41127		2134173		2032
808		41127		2136819		2035
809		41128		2139458		2034
810		41128		2142101		2035
811		41128		2144743		2036
812		41128		2147401		2035
813		41128		2150052		2035
814		41129		2152673		2037
815		41128		2155324		2036
816		41128		2157966		2037
817		41128		2160603		2036
818		41128		2163249		2035
819		41128		2165891		2034
820		41127		2168528		2034
821		41128		2171174		2034
822		41126		2173810		2036
823		41128		2176463		2033
824		41128		2179112		2033
825		41131		2181762		2032
826		41130		2184404		2031
827		41130		2187044		2032
828		41132		2189687		2033
829		41131		2192337		2032
830		41131		2194980		2030
831		41132		2197608		2032
832		41130		2200254		2033
833		41132		2202911		2032
834		41134		2205551		2032
835		41135		2208182		2035
836		41133		2210820		2034
837		41128		2213457		2035
838		41128		2216095		2035
839		41128		2218738		2035
840		41128		2221389		2037
841		41128		2224024		2036
842		41128		2226660		2035
843		41127		2229286		2034
844		41127		2231936		2034
845		41127		2234589		2034
846		41128		2237244		2033
847		41128		2239886		2032
848		41128		2242520		2032
849		41127		2245157		2032
850		41127		2247803		2033
851		41127		2250454		2033
852		41127		2253085		2035
853		41129		2255712		2036
854		41130		2258348		2035
855		41130		2260982		2035
856		41130		2263644		2035
857		41133		2266283		2038
858		41133		2268934		2037
859		41131		2271572		2036
860		41137		2274206		2033
861		41136		2276841		2033
862		41136		2279471		2033
863		41137		2282112		2032
864		41137		2284755		2031
865		41138		2287411		2032
866		41137		2290047		2031
867		41137		2292689		2032
868		41136		2295324		2032
869		41138		2297979		2031
870		41138		2300618		2031
871		41138		2303247		2033
872		41136		2305894		2035
873		41137		2308522		2033
874		41137		2311164		2034
875		41142		2313821		2036
876		41136		2316463		2039
877		41137		2319123		2042
878		41137		2321753		2040
879		41137		2324391		2040
880		41137		2327042		2038
881		41137		2329678		2038
882		41136		2332306		2038
883		41135		2334942		2040
884		41135		2337589		2038
885		41135		2340234		2038
886		41135		2342876		2037
887		41135		2345527		2033
888		41134		2348189		2029
889		41134		2350830		2033
890		41134		2353484		2032
891		41135		2356134		2031
892		41138		2358785		2032
893		41135		2361415		2034
894		41138		2364042		2033
895		41138		2366676		2034
896		41140		2369309		2032
897		41140		2371950		2031
898		41143		2374602		2033
899		41141		2377238		2033
900		41139		2379874		2035
901		41142		2382521		2032
902		41141		2385172		2031
903		41143		2387787		2032
904		41144		2390442		2033
905		41141		2393096		2032
906		41142		2395743		2037
907		41141		2398369		2038
908		41146		2401010		2038
909		41143		2403649		2040
910		41139		2406296		2039
911		41137		2408952		2038
912		41136		2411596		2039
913		41137		2414240		2040
914		41137		2416867		2040
915		41138		2419507		2038
916		41138		2422146		2038
917		41141		2424796		2035
918		41143		2427431		2033
919		41141		2430068		2033
920		41142		2432702		2035
921		41142		2435340		2034
922		41143		2437977		2035
923		41146		2440623		2037
924		41142		2443257		2035
925		41138		2445898		2035
926		41138		2448529		2035
927		41136		2451167		2037
928		41136		2453802		2037
929		41137		2456431		2034
930		41137		2459060		2037
931		41138		2461708		2037
932		41139		2464354		2035
933		41138		2466992		2034
934		41138		2469626		2035
935		41138		2472262		2035
936		41138		2474915		2036
937		41138		2477563		2033
938		41139		2480212		2033
939		41139		2482847		2033
940		41139		2485487		2033
941		41138		2488112		2033
942		41138		2490746		2035
943		41140		2493397		2035
944		41138		2496037		2039
945		41138		2498685		2039
946		41139		2501318		2039
947		41138		2503956		2039
948		41139		2506601		2038
949		41138		2509250		2038
950		41138		2511883		2035
951		41138		2514532		2036
952		41137		2517186		2034
953		41138		2519848		2037
954		41139		2522490		2037
955		41139		2525131		2038
956		41138		2527771		2040
957		41137		2530419		2042
958		41137		2533062		2042
959		41138		2535692		2044
960		41135		2538345		2042
961		41132		2540978		2041
962		41130		2543613		2039
963		41134		2546246		2039
964		41134		2548898		2042
965		41136		2551532		2041
966		41137		2554173		2040
967		41135		2556825		2041
968		41138		2559468		2037
969		41132		2562106		2037
970		41131		2564743		2040
971		41131		2567378		2043
972		41130		2570011		2043
973		41130		2572652		2042
974		41131		2575302		2040
975		41131		2577935		2040
976		41130		2580576		2043
977		41132		2583221		2043
978		41135		2585850		2045
979		41138		2588489		2041
980		41132		2591141		2040
981		41131		2593783		2040
982		41132		2596420		2040
983		41131		2599069		2042
984		41132		2601714		2039
985		41129		2604347		2043
986		41127		2606999		2041
987		41127		2609644		2042
988		41127		2612273		2041
989		41127		2614916		2041
990		41127		2617540		2041
991		41127		2620173		2041
992		41128		2622808		2043
993		41126		2625451		2043
994		41126		2628079		2043
995		41127		2630721		2042
996		41127		2633361		2042
997		41127		2635995		2043
998		41127		2638623		2040
999		41126		2641276		2040
