# Migration is number of nodes that have changed color.

Round		Edge-Cut		Swaps		Migrations		Skipped
0		59336		2305		1087
1		51819		4219		1192
2		48252		5776		1272
3		45928		6987		1283
4		44330		7837		1296
5		43772		8398		1298
6		43400		8720		1302
7		43227		8899		1298
8		42991		9005		1308
9		42725		9076		1313
10		42507		9144		1302
11		42485		9197		1306
12		42416		9232		1296
13		42386		9265		1294
14		42384		9293		1299
15		42349		9333		1302
16		42330		9350		1301
17		42305		9365		1300
18		42285		9378		1292
19		42237		9395		1292
20		42233		9411		1290
21		42238		9429		1289
22		42228		9441		1290
23		42198		9453		1288
24		42208		9460		1291
25		42194		9467		1291
26		42190		9479		1296
27		42183		9488		1297
28		42171		9495		1292
29		42226		9502		1289
30		42199		9510		1294
31		42198		9511		1293
32		42198		9520		1290
33		42196		9525		1294
34		42200		9528		1298
35		42118		9534		1297
36		42097		9539		1296
37		42099		9543		1298
38		42106		9548		1297
39		42095		9551		1295
40		42090		9553		1297
41		42067		9559		1296
42		42083		9563		1294
43		42078		9566		1289
44		42075		9568		1289
45		42076		9571		1288
46		42073		9574		1287
47		42078		9579		1294
48		42076		9585		1295
49		42074		9590		1295
50		42071		9592		1293
51		42069		9594		1293
52		42068		9595		1295
53		42067		9596		1294
54		42068		9598		1295
55		42074		9604		1295
56		42080		9608		1296
57		42076		9611		1298
58		42077		9613		1297
59		42074		9616		1300
60		42075		9617		1298
61		42075		9617		1298
62		42076		9618		1297
63		42073		9621		1297
64		42072		9624		1296
65		42070		9626		1298
66		42070		9626		1298
67		42070		9626		1298
68		42071		9627		1297
69		42066		9630		1298
70		42066		9630		1298
71		42066		9630		1298
72		42066		9630		1298
73		42069		9633		1296
74		42069		9633		1296
75		42069		9635		1295
76		42069		9635		1295
77		42067		9636		1294
78		42067		9637		1294
79		42038		9639		1292
80		42037		9640		1294
81		42034		9641		1295
82		42030		9643		1294
83		42029		9646		1292
84		42029		9649		1293
85		42029		9650		1293
86		42029		9650		1293
87		42031		9653		1292
88		42028		9657		1290
89		42028		9657		1290
90		42028		9657		1290
91		42028		9657		1290
92		42028		9658		1291
93		42028		9658		1291
94		42028		9658		1291
95		42028		9658		1291
96		42028		9659		1291
97		42027		9661		1291
98		42027		9661		1291
99		42022		9662		1292
100		42022		9662		1292
101		42022		9662		1292
102		42022		9662		1292
103		42022		9663		1292
104		42028		9664		1293
105		42028		9664		1293
106		42028		9664		1293
107		42028		9664		1293
108		42027		9666		1293
109		42027		9666		1293
110		42027		9667		1292
111		42027		9667		1292
112		42027		9667		1292
113		42027		9667		1292
114		42027		9667		1292
115		42027		9667		1292
116		42027		9667		1292
117		42027		9667		1292
118		42027		9667		1292
119		42027		9667		1292
120		42027		9667		1292
121		42027		9667		1292
122		42027		9667		1292
123		42026		9668		1293
124		42026		9668		1293
125		42026		9668		1293
126		42026		9668		1293
127		42026		9668		1293
128		42026		9668		1293
129		42026		9668		1293
130		42024		9669		1292
131		42024		9669		1292
132		42024		9669		1292
133		42024		9669		1292
134		42024		9669		1292
135		42024		9669		1292
136		42024		9669		1292
137		42024		9669		1292
138		42024		9670		1291
139		42024		9670		1291
140		42024		9670		1291
141		42024		9670		1291
142		42020		9671		1290
143		42020		9671		1290
144		42020		9671		1290
145		42020		9671		1290
146		42020		9671		1290
147		42020		9671		1290
148		42020		9671		1290
149		42020		9671		1290
150		42020		9671		1290
151		42020		9671		1290
152		42020		9671		1290
153		42018		9672		1290
154		42018		9672		1290
155		42018		9672		1290
156		42018		9672		1290
157		42018		9672		1290
158		42018		9672		1290
159		42018		9672		1290
160		42018		9672		1290
161		42014		9673		1290
162		42015		9674		1290
163		42013		9676		1290
164		42013		9676		1290
165		42013		9676		1290
166		42012		9677		1291
167		42012		9677		1291
168		42012		9677		1291
169		42013		9679		1290
170		42013		9679		1290
171		42012		9680		1291
172		42012		9680		1291
173		42012		9682		1291
174		42011		9683		1290
175		42004		9684		1290
176		42004		9684		1290
177		42004		9684		1290
178		42004		9684		1290
179		42004		9684		1290
180		42004		9684		1290
181		42004		9684		1290
182		42004		9684		1290
183		42004		9684		1290
184		42004		9684		1290
185		42004		9684		1290
186		42004		9684		1290
187		42004		9684		1290
188		41998		9685		1290
189		41998		9685		1290
190		41998		9685		1290
191		42002		9686		1290
192		41998		9687		1290
193		41998		9687		1290
194		41998		9687		1290
195		42000		9688		1288
196		42000		9688		1288
197		42004		9689		1288
198		42000		9691		1290
199		42000		9691		1290
200		42007		9693		1291
201		42006		9694		1289
202		42005		9695		1290
203		42007		9696		1290
204		42005		9697		1289
205		42005		9697		1289
206		42005		9698		1288
207		42005		9698		1288
208		42005		9698		1288
209		42005		9698		1288
210		42005		9698		1288
211		42005		9698		1288
212		42005		9698		1288
213		42005		9698		1288
214		42005		9698		1288
215		42009		9699		1288
216		42007		9700		1287
217		42007		9700		1287
218		42007		9700		1287
219		42007		9700		1287
220		42007		9700		1287
221		42004		9701		1287
222		42004		9701		1287
223		42004		9701		1287
224		42004		9701		1287
225		42004		9702		1287
226		42008		9707		1287
227		42019		9708		1285
228		42017		9710		1282
229		42017		9710		1282
230		42017		9710		1282
231		42015		9712		1281
232		42014		9713		1281
233		42012		9715		1283
234		42012		9719		1284
235		42013		9720		1283
236		42015		9722		1287
237		42013		9726		1285
238		42007		9728		1287
239		42014		9732		1285
240		42021		9735		1287
241		42020		9736		1288
242		42020		9738		1289
243		42019		9739		1289
244		42016		9741		1290
245		42019		9743		1293
246		42018		9744		1292
247		42018		9746		1293
248		42011		9749		1292
249		42011		9749		1292
250		42010		9750		1291
251		42009		9751		1293
252		42006		9754		1292
253		42020		9760		1294
254		42018		9762		1294
255		42015		9763		1293
256		42019		9764		1293
257		42019		9764		1293
258		42024		9767		1295
259		42024		9770		1299
260		42019		9772		1298
261		42018		9773		1296
262		42018		9773		1296
263		42018		9774		1295
264		42021		9778		1299
265		42017		9780		1300
266		42017		9780		1300
267		42016		9781		1300
268		42022		9782		1301
269		42022		9782		1301
270		42023		9785		1300
271		42023		9785		1300
272		42022		9786		1300
273		42020		9787		1300
274		42014		9788		1299
275		42017		9789		1298
276		42019		9790		1300
277		42015		9792		1296
278		42015		9794		1298
279		42013		9795		1299
280		42013		9795		1299
281		42013		9796		1298
282		42013		9796		1298
283		42015		9799		1299
284		42015		9799		1299
285		42018		9800		1299
286		42018		9800		1299
287		42018		9800		1299
288		42013		9801		1299
289		42013		9801		1299
290		42013		9801		1299
291		42012		9802		1300
292		42011		9803		1299
293		42011		9803		1299
294		42006		9804		1298
295		42006		9804		1298
296		42006		9804		1298
297		42006		9804		1298
298		42005		9805		1298
299		42005		9805		1298
300		42005		9805		1298
301		42001		9807		1301
302		42000		9808		1300
303		42000		9808		1300
304		42000		9808		1300
305		42000		9808		1300
306		42000		9808		1300
307		42000		9808		1300
308		42000		9808		1300
309		41999		9809		1299
310		41999		9809		1299
311		42004		9810		1297
312		42010		9812		1298
313		42013		9813		1298
314		42015		9814		1298
315		42015		9814		1298
316		42014		9815		1299
317		42013		9816		1299
318		42013		9816		1299
319		42008		9818		1298
320		42008		9818		1298
321		42013		9819		1299
322		42016		9820		1299
323		42016		9820		1299
324		42016		9820		1299
325		42016		9822		1301
326		42014		9824		1300
327		42012		9826		1301
328		42011		9828		1299
329		42011		9828		1299
330		42010		9829		1299
331		42010		9829		1299
332		42010		9829		1299
333		42011		9830		1301
334		42011		9831		1301
335		42011		9831		1301
336		42011		9831		1301
337		42011		9831		1301
338		42011		9831		1301
339		42010		9832		1299
340		42010		9832		1299
341		42010		9832		1299
342		42010		9832		1299
343		42010		9832		1299
344		42010		9832		1299
345		42010		9832		1299
346		42009		9833		1300
347		42009		9833		1300
348		42009		9833		1300
349		42009		9833		1300
350		42009		9833		1300
351		42009		9833		1300
352		42009		9833		1300
353		42009		9833		1300
354		42009		9833		1300
355		42009		9833		1300
356		42009		9833		1300
357		42009		9833		1300
358		42009		9833		1300
359		42009		9833		1300
360		42009		9833		1300
361		42009		9833		1300
362		42009		9833		1300
363		42009		9833		1300
364		42009		9833		1300
365		42009		9833		1300
366		42009		9833		1300
367		42009		9833		1300
368		42009		9833		1300
369		42009		9833		1300
370		42009		9833		1300
371		42009		9833		1300
372		42009		9833		1300
373		42009		9833		1300
374		42009		9833		1300
375		42008		9834		1298
376		42007		9835		1297
377		42007		9835		1297
378		42007		9835		1297
379		42007		9835		1297
380		42007		9835		1297
381		42007		9835		1297
382		42007		9835		1297
383		42007		9835		1297
384		42007		9835		1297
385		42007		9835		1297
386		42007		9835		1297
387		42007		9835		1297
388		42007		9835		1297
389		42007		9835		1297
390		42007		9835		1297
391		42007		9835		1297
392		42007		9835		1297
393		42007		9835		1297
394		42007		9835		1297
395		42007		9835		1297
396		42007		9835		1297
397		42007		9835		1297
398		42007		9835		1297
399		42007		9835		1297
400		42007		9835		1297
401		42007		9835		1297
402		42007		9835		1297
403		42007		9835		1297
404		42007		9835		1297
405		42007		9835		1297
406		42007		9835		1297
407		42007		9835		1297
408		42007		9835		1297
409		42007		9835		1297
410		42007		9835		1297
411		42007		9835		1297
412		42007		9835		1297
413		42007		9835		1297
414		42007		9835		1297
415		42007		9835		1297
416		42007		9835		1297
417		42007		9835		1297
418		42007		9835		1297
419		42007		9835		1297
420		42007		9835		1297
421		42007		9835		1297
422		42007		9835		1297
423		42007		9835		1297
424		42007		9835		1297
425		42007		9835		1297
426		42007		9835		1297
427		42007		9835		1297
428		42007		9835		1297
429		42007		9835		1297
430		42007		9835		1297
431		42007		9835		1297
432		42007		9835		1297
433		42007		9835		1297
434		42007		9835		1297
435		42007		9835		1297
436		42007		9835		1297
437		42007		9835		1297
438		42007		9835		1297
439		42007		9835		1297
440		42007		9835		1297
441		42007		9835		1297
442		42007		9835		1297
443		42007		9835		1297
444		42007		9835		1297
445		42007		9835		1297
446		42007		9835		1297
447		42007		9835		1297
448		42007		9835		1297
449		42007		9835		1297
450		42007		9835		1297
451		42007		9835		1297
452		42007		9835		1297
453		42007		9835		1297
454		42007		9835		1297
455		42007		9835		1297
456		42007		9835		1297
457		42007		9835		1297
458		42007		9835		1297
459		42007		9835		1297
460		42007		9835		1297
461		42007		9835		1297
462		42007		9835		1297
463		42007		9835		1297
464		42007		9835		1297
465		42007		9835		1297
466		42007		9835		1297
467		42007		9835		1297
468		42007		9835		1297
469		42007		9835		1297
470		42007		9835		1297
471		42007		9835		1297
472		42007		9835		1297
473		42007		9835		1297
474		42007		9835		1297
475		42005		9836		1299
476		42005		9836		1299
477		42005		9836		1299
478		42005		9836		1299
479		42005		9836		1299
480		42005		9836		1299
481		42005		9836		1299
482		42005		9836		1299
483		42005		9836		1299
484		42005		9836		1299
485		42005		9836		1299
486		42005		9836		1299
487		42005		9836		1299
488		42005		9836		1299
489		42005		9836		1299
490		42005		9836		1299
491		42005		9836		1299
492		42005		9836		1299
493		42005		9836		1299
494		42005		9836		1299
495		42005		9836		1299
496		42005		9836		1299
497		42005		9836		1299
498		42005		9836		1299
499		42005		9836		1299
500		42005		9836		1299
501		42005		9836		1299
502		42005		9836		1299
503		42005		9836		1299
504		42005		9836		1299
505		42005		9836		1299
506		42005		9836		1299
507		42005		9836		1299
508		42005		9836		1299
509		42005		9836		1299
510		42005		9836		1299
511		42005		9836		1299
512		42005		9836		1299
513		42005		9836		1299
514		42005		9836		1299
515		42005		9836		1299
516		42005		9836		1299
517		42005		9836		1299
518		42005		9836		1299
519		42005		9836		1299
520		42005		9836		1299
521		42005		9836		1299
522		42005		9836		1299
523		42005		9836		1299
524		42005		9836		1299
525		42005		9836		1299
526		42005		9836		1299
527		42005		9836		1299
528		42005		9836		1299
529		42005		9836		1299
530		42005		9836		1299
531		42005		9836		1299
532		42005		9836		1299
533		42005		9836		1299
534		42005		9836		1299
535		42005		9836		1299
536		42005		9836		1299
537		42005		9836		1299
538		42005		9836		1299
539		42005		9836		1299
540		42005		9836		1299
541		42005		9836		1299
542		42005		9836		1299
543		42005		9836		1299
544		42005		9836		1299
545		42005		9836		1299
546		42005		9836		1299
547		42005		9836		1299
548		42005		9836		1299
549		42005		9836		1299
550		42005		9836		1299
551		42005		9836		1299
552		42005		9836		1299
553		42005		9836		1299
554		42005		9836		1299
555		42005		9836		1299
556		42005		9836		1299
557		42005		9836		1299
558		41976		9837		1300
559		41976		9837		1300
560		41976		9837		1300
561		41976		9837		1300
562		41976		9837		1300
563		41976		9837		1300
564		41976		9837		1300
565		41976		9837		1300
566		41976		9837		1300
567		41976		9837		1300
568		41976		9837		1300
569		41976		9837		1300
570		41976		9837		1300
571		41976		9837		1300
572		41976		9837		1300
573		41976		9837		1300
574		41976		9837		1300
575		41976		9837		1300
576		41976		9837		1300
577		41976		9837		1300
578		41976		9837		1300
579		41976		9837		1300
580		41976		9837		1300
581		41976		9837		1300
582		41976		9837		1300
583		41976		9837		1300
584		41976		9837		1300
585		41976		9837		1300
586		41976		9837		1300
587		41976		9837		1300
588		41976		9837		1300
589		41976		9837		1300
590		41976		9837		1300
591		41976		9837		1300
592		41976		9837		1300
593		41976		9837		1300
594		41976		9837		1300
595		41976		9837		1300
596		41976		9837		1300
597		41976		9837		1300
598		41976		9837		1300
599		41976		9837		1300
600		41976		9837		1300
601		41976		9837		1300
602		41976		9837		1300
603		41976		9837		1300
604		41976		9837		1300
605		41976		9837		1300
606		41976		9837		1300
607		41976		9837		1300
608		41976		9837		1300
609		41976		9837		1300
610		41976		9837		1300
611		41976		9837		1300
612		41976		9837		1300
613		41976		9837		1300
614		41976		9837		1300
615		41976		9837		1300
616		41976		9837		1300
617		41976		9837		1300
618		41976		9837		1300
619		41976		9837		1300
620		41976		9837		1300
621		41976		9837		1300
622		41976		9837		1300
623		41976		9837		1300
624		41976		9837		1300
625		41976		9837		1300
626		41976		9837		1300
627		41976		9837		1300
628		41976		9837		1300
629		41976		9837		1300
630		41976		9837		1300
631		41976		9837		1300
632		41976		9837		1300
633		41976		9837		1300
634		41976		9837		1300
635		41976		9837		1300
636		41976		9837		1300
637		41976		9837		1300
638		41976		9837		1300
639		41976		9837		1300
640		41976		9837		1300
641		41976		9837		1300
642		41976		9837		1300
643		41976		9837		1300
644		41976		9837		1300
645		41999		9838		1298
646		41999		9838		1298
647		41999		9838		1298
648		41999		9838		1298
649		41999		9838		1298
650		41976		9839		1300
651		41976		9839		1300
652		41976		9839		1300
653		41976		9839		1300
654		41976		9839		1300
655		41976		9839		1300
656		41976		9839		1300
657		41976		9839		1300
658		41976		9839		1300
659		41999		9840		1298
660		41999		9840		1298
661		41999		9840		1298
662		41976		9841		1300
663		41976		9841		1300
664		41976		9841		1300
665		41976		9841		1300
666		41976		9841		1300
667		41976		9841		1300
668		41976		9841		1300
669		41976		9841		1300
670		41976		9841		1300
671		41999		9842		1298
672		41999		9842		1298
673		41999		9842		1298
674		41999		9842		1298
675		41999		9842		1298
676		41999		9842		1298
677		41999		9842		1298
678		41999		9842		1298
679		41999		9842		1298
680		41999		9842		1298
681		41999		9842		1298
682		41999		9842		1298
683		41999		9842		1298
684		41999		9842		1298
685		41999		9842		1298
686		41999		9842		1298
687		41999		9842		1298
688		41999		9842		1298
689		41999		9842		1298
690		41999		9842		1298
691		41999		9842		1298
692		41999		9842		1298
693		41999		9842		1298
694		41999		9842		1298
695		41999		9842		1298
696		41999		9842		1298
697		41999		9842		1298
698		41999		9842		1298
699		41999		9842		1298
700		41999		9842		1298
701		41999		9842		1298
702		41999		9842		1298
703		41999		9842		1298
704		41999		9842		1298
705		41999		9842		1298
706		41999		9842		1298
707		41999		9842		1298
708		41999		9842		1298
709		41999		9842		1298
710		41999		9842		1298
711		41999		9842		1298
712		41999		9842		1298
713		41999		9842		1298
714		41999		9842		1298
715		41999		9842		1298
716		41976		9843		1300
717		41976		9843		1300
718		41976		9843		1300
719		41976		9843		1300
720		41976		9843		1300
721		41976		9843		1300
722		41976		9843		1300
723		41976		9843		1300
724		41976		9843		1300
725		41976		9843		1300
726		41976		9843		1300
727		41976		9843		1300
728		41976		9843		1300
729		41976		9843		1300
730		41976		9843		1300
731		41976		9843		1300
732		41976		9843		1300
733		41976		9843		1300
734		41976		9843		1300
735		41976		9843		1300
736		41976		9843		1300
737		41976		9843		1300
738		41976		9843		1300
739		41976		9843		1300
740		41976		9843		1300
741		41976		9843		1300
742		41976		9843		1300
743		41976		9843		1300
744		41976		9843		1300
745		41976		9843		1300
746		41976		9843		1300
747		41976		9843		1300
748		41976		9843		1300
749		41976		9843		1300
750		41976		9843		1300
751		41999		9844		1298
752		41999		9844		1298
753		41999		9844		1298
754		41999		9844		1298
755		41999		9844		1298
756		41999		9844		1298
757		41999		9844		1298
758		41999		9844		1298
759		41999		9844		1298
760		41999		9844		1298
761		41999		9844		1298
762		41999		9844		1298
763		41999		9844		1298
764		41999		9844		1298
765		41999		9844		1298
766		41999		9844		1298
767		41999		9844		1298
768		41999		9844		1298
769		41999		9844		1298
770		41999		9844		1298
771		41999		9844		1298
772		41999		9844		1298
773		41999		9844		1298
774		41999		9844		1298
775		41999		9844		1298
776		41999		9844		1298
777		41999		9844		1298
778		41999		9844		1298
779		41999		9844		1298
780		41999		9844		1298
781		41999		9844		1298
782		41999		9844		1298
783		41999		9844		1298
784		41999		9844		1298
785		41999		9844		1298
786		41999		9844		1298
787		41999		9844		1298
788		41999		9844		1298
789		41999		9844		1298
790		41999		9844		1298
791		41999		9844		1298
792		41999		9844		1298
793		41999		9844		1298
794		41976		9845		1300
795		41976		9845		1300
796		41976		9845		1300
797		41976		9845		1300
798		41976		9845		1300
799		41976		9845		1300
800		41976		9845		1300
801		41976		9845		1300
802		41976		9845		1300
803		41976		9845		1300
804		41976		9845		1300
805		41976		9845		1300
806		41976		9845		1300
807		41976		9845		1300
808		41976		9845		1300
809		41976		9845		1300
810		41976		9845		1300
811		41976		9845		1300
812		41976		9845		1300
813		41976		9845		1300
814		41976		9845		1300
815		41976		9845		1300
816		41976		9845		1300
817		41976		9845		1300
818		41976		9845		1300
819		41976		9845		1300
820		41976		9845		1300
821		41976		9845		1300
822		41976		9845		1300
823		41976		9845		1300
824		41976		9845		1300
825		41976		9845		1300
826		41976		9845		1300
827		41976		9845		1300
828		41976		9845		1300
829		41976		9845		1300
830		41976		9845		1300
831		41976		9845		1300
832		41976		9845		1300
833		41976		9845		1300
834		41976		9845		1300
835		41976		9845		1300
836		41976		9845		1300
837		41976		9845		1300
838		41976		9845		1300
839		41976		9845		1300
840		41976		9845		1300
841		41976		9845		1300
842		41976		9845		1300
843		41976		9845		1300
844		41976		9845		1300
845		41976		9845		1300
846		41976		9845		1300
847		41976		9845		1300
848		41976		9845		1300
849		41976		9845		1300
850		41976		9845		1300
851		41976		9845		1300
852		41976		9845		1300
853		41976		9845		1300
854		41976		9845		1300
855		41976		9845		1300
856		41976		9845		1300
857		41976		9845		1300
858		41976		9845		1300
859		41976		9845		1300
860		41976		9845		1300
861		41976		9845		1300
862		41976		9845		1300
863		41976		9845		1300
864		41976		9845		1300
865		41976		9845		1300
866		41976		9845		1300
867		41976		9845		1300
868		41976		9845		1300
869		41976		9845		1300
870		41976		9845		1300
871		41976		9845		1300
872		41976		9845		1300
873		41976		9845		1300
874		41976		9845		1300
875		41976		9845		1300
876		41976		9845		1300
877		41976		9845		1300
878		41976		9845		1300
879		41976		9845		1300
880		41976		9845		1300
881		41976		9845		1300
882		41976		9845		1300
883		41976		9845		1300
884		41976		9845		1300
885		41976		9845		1300
886		41976		9845		1300
887		41976		9845		1300
888		41976		9845		1300
889		41976		9845		1300
890		41976		9845		1300
891		41976		9845		1300
892		41976		9845		1300
893		41976		9845		1300
894		41976		9845		1300
895		41976		9845		1300
896		41976		9845		1300
897		41976		9845		1300
898		41976		9845		1300
899		41976		9845		1300
900		41976		9845		1300
901		41976		9845		1300
902		41976		9845		1300
903		41976		9845		1300
904		41976		9845		1300
905		41976		9845		1300
906		41976		9845		1300
907		41976		9845		1300
908		41976		9845		1300
909		41999		9846		1298
910		41999		9846		1298
911		41999		9846		1298
912		41999		9846		1298
913		41999		9846		1298
914		41999		9846		1298
915		41999		9846		1298
916		41999		9846		1298
917		41999		9846		1298
918		41999		9846		1298
919		41999		9846		1298
920		41999		9846		1298
921		41999		9846		1298
922		41999		9846		1298
923		41999		9846		1298
924		41999		9846		1298
925		41999		9846		1298
926		41999		9846		1298
927		41999		9846		1298
928		41999		9846		1298
929		41999		9846		1298
930		41999		9846		1298
931		41999		9846		1298
932		41999		9846		1298
933		41999		9846		1298
934		41999		9846		1298
935		42023		9847		1298
936		42019		9849		1300
937		42019		9850		1300
938		42019		9850		1300
939		42021		9851		1300
940		42016		9852		1300
941		42016		9854		1300
942		42018		9855		1300
943		42018		9855		1300
944		42018		9855		1300
945		42015		9857		1300
946		42015		9857		1300
947		42015		9857		1300
948		42015		9857		1300
949		42015		9857		1300
950		42015		9857		1300
951		42015		9857		1300
952		42015		9857		1300
953		42015		9857		1300
954		42015		9857		1300
955		42014		9858		1298
956		42014		9858		1298
957		42014		9858		1298
958		42014		9858		1298
959		42014		9858		1298
960		42014		9858		1298
961		42014		9858		1298
962		42014		9858		1298
963		42014		9858		1298
964		42014		9858		1298
965		42014		9858		1298
966		42014		9858		1298
967		42014		9858		1298
968		42014		9858		1298
969		42014		9858		1298
970		42014		9858		1298
971		42014		9858		1298
972		42014		9858		1298
973		42014		9858		1298
974		42014		9858		1298
975		42014		9858		1298
976		42014		9858		1298
977		42014		9858		1298
978		42014		9858		1298
979		42014		9858		1298
980		42014		9858		1298
981		42014		9858		1298
982		42014		9858		1298
983		42014		9858		1298
984		42014		9858		1298
985		42014		9858		1298
986		42014		9858		1298
987		42014		9858		1298
988		42014		9858		1298
989		42014		9858		1298
990		42014		9858		1298
991		42014		9858		1298
992		42014		9858		1298
993		42014		9858		1298
994		42014		9858		1298
995		42014		9858		1298
996		42014		9858		1298
997		42014		9858		1298
998		42014		9858		1298
999		42014		9858		1298
