# Migration is number of nodes that have changed color.

Round		Edge-Cut		Swaps		Migrations		Skipped
0		62611		2694		846
1		55983		5361		1076
2		52296		8040		1150
3		49335		10722		1236
4		47460		13380		1266
5		46736		16034		1262
6		45747		18686		1284
7		45045		21321		1268
8		44538		23963		1268
9		44064		26604		1284
10		43659		29243		1278
11		43354		31900		1284
12		43064		34541		1286
13		42873		37199		1287
14		42655		39826		1288
15		42515		42476		1293
16		42257		45126		1292
17		42213		47775		1291
18		42029		50407		1290
19		41992		53037		1285
20		41890		55681		1279
21		41827		58314		1280
22		41779		60948		1281
23		41806		63569		1288
24		41783		66208		1299
25		41769		68836		1308
26		41729		71487		1304
27		41697		74116		1301
28		41689		76759		1307
29		41692		79387		1306
30		41562		82033		1305
31		41503		84677		1304
32		41515		87314		1298
33		41511		89949		1292
34		41527		92588		1290
35		41534		95229		1290
36		41509		97853		1291
37		41502		100503		1285
38		41508		103128		1278
39		41493		105769		1284
40		41483		108408		1284
41		41486		111037		1286
42		41481		113660		1289
43		41493		116293		1289
44		41482		118935		1286
45		41461		121568		1284
46		41463		124205		1282
47		41459		126845		1286
48		41456		129483		1290
49		41451		132115		1294
50		41457		134752		1293
51		41459		137391		1294
52		41439		140021		1288
53		41437		142646		1289
54		41441		145286		1297
55		41434		147919		1293
56		41455		150552		1295
57		41454		153183		1300
58		41451		155821		1294
59		41439		158455		1293
60		41443		161091		1292
61		41442		163714		1291
62		41436		166355		1295
63		41433		169015		1294
64		41433		171644		1292
65		41429		174258		1290
66		41429		176897		1290
67		41429		179539		1291
68		41421		182184		1289
69		41420		184810		1289
70		41419		187451		1288
71		41419		190081		1286
72		41391		192714		1287
73		41396		195336		1284
74		41397		197968		1283
75		41402		200603		1290
76		41407		203230		1286
77		41405		205855		1284
78		41405		208479		1285
79		41402		211113		1282
80		41408		213741		1280
81		41413		216369		1278
82		41414		219005		1277
83		41411		221644		1278
84		41412		224273		1278
85		41412		226900		1280
86		41403		229542		1278
87		41404		232186		1280
88		41416		234812		1282
89		41419		237458		1284
90		41415		240098		1282
91		41394		242729		1287
92		41397		245370		1287
93		41396		248012		1285
94		41395		250633		1286
95		41391		253262		1282
96		41389		255907		1284
97		41379		258534		1287
98		41378		261164		1288
99		41375		263805		1286
100		41374		266435		1290
101		41376		269066		1289
102		41372		271696		1292
103		41368		274336		1288
104		41368		276952		1285
105		41365		279584		1284
106		41361		282216		1287
107		41363		284852		1289
108		41364		287479		1289
109		41368		290126		1288
110		41366		292771		1288
111		41371		295403		1292
112		41368		298035		1287
113		41364		300658		1283
114		41364		303275		1283
115		41358		305907		1284
116		41357		308536		1282
117		41359		311184		1282
118		41357		313811		1283
119		41354		316442		1280
120		41354		319078		1282
121		41356		321703		1282
122		41355		324326		1282
123		41356		326964		1282
124		41353		329606		1281
125		41356		332248		1282
126		41353		334872		1285
127		41355		337512		1286
128		41355		340143		1285
129		41354		342771		1286
130		41356		345400		1284
131		41354		348029		1284
132		41353		350655		1280
133		41353		353282		1279
134		41351		355922		1275
135		41351		358533		1274
136		41353		361161		1274
137		41351		363781		1276
138		41351		366409		1274
139		41350		369052		1273
140		41349		371668		1275
141		41348		374294		1277
142		41349		376930		1279
143		41347		379565		1279
144		41347		382213		1278
145		41337		384842		1278
146		41338		387475		1278
147		41338		390111		1278
148		41339		392760		1275
149		41339		395412		1277
150		41337		398032		1277
151		41337		400683		1277
152		41333		403309		1278
153		41333		405934		1279
154		41333		408575		1279
155		41331		411201		1284
156		41331		413842		1284
157		41331		416474		1284
158		41331		419103		1285
159		41331		421735		1285
160		41331		424375		1285
161		41370		427019		1284
162		41374		429633		1287
163		41374		432270		1288
164		41374		434912		1288
165		41372		437540		1286
166		41376		440176		1287
167		41378		442817		1287
168		41378		445441		1288
169		41374		448070		1286
170		41374		450710		1287
171		41372		453342		1284
172		41371		455957		1284
173		41393		458586		1287
174		41393		461226		1285
175		41392		463868		1286
176		41391		466499		1285
177		41391		469137		1285
178		41391		471780		1285
179		41390		474416		1282
180		41389		477043		1281
181		41389		479677		1280
182		41392		482318		1282
183		41392		484943		1282
184		41392		487576		1281
185		41392		490205		1283
186		41392		492836		1283
187		41389		495456		1284
188		41389		498090		1286
189		41389		500721		1285
190		41389		503368		1282
191		41388		505999		1280
192		41384		508623		1283
193		41384		511257		1282
194		41384		513889		1281
195		41384		516516		1282
196		41384		519138		1283
197		41383		521760		1284
198		41383		524382		1286
199		41381		527028		1284
200		41381		529651		1284
201		41381		532305		1284
202		41381		534936		1282
203		41381		537565		1282
204		41381		540204		1284
205		41378		542835		1286
206		41378		545485		1286
207		41377		548118		1287
208		41377		550760		1287
209		41377		553378		1287
210		41377		556001		1287
211		41377		558627		1287
212		41377		561246		1287
213		41377		563883		1287
214		41376		566533		1287
215		41376		569153		1287
216		41376		571771		1285
217		41378		574409		1287
218		41378		577034		1289
219		41376		579672		1290
220		41376		582289		1293
221		41376		584926		1290
222		41377		587554		1290
223		41376		590180		1289
224		41376		592825		1289
225		41376		595461		1289
226		41376		598087		1289
227		41379		600737		1287
228		41374		603383		1291
229		41374		606014		1289
230		41374		608635		1289
231		41374		611272		1289
232		41376		613926		1290
233		41374		616553		1291
234		41374		619185		1293
235		41374		621815		1292
236		41374		624457		1292
237		41375		627097		1292
238		41379		629727		1291
239		41379		632360		1291
240		41380		634992		1292
241		41378		637614		1291
242		41379		640247		1292
243		41376		642876		1290
244		41376		645516		1291
245		41377		648161		1291
246		41374		650791		1288
247		41372		653437		1289
248		41372		656083		1289
249		41372		658717		1287
250		41372		661345		1285
251		41372		663972		1286
252		41372		666594		1286
253		41357		669227		1287
254		41357		671863		1287
255		41357		674517		1287
256		41361		677149		1287
257		41358		679784		1287
258		41358		682419		1285
259		41358		685064		1284
260		41358		687704		1287
261		41358		690341		1287
262		41358		692953		1287
263		41358		695601		1287
264		41358		698245		1287
265		41358		700875		1287
266		41358		703513		1287
267		41358		706150		1287
268		41358		708784		1287
269		41358		711418		1289
270		41358		714056		1289
271		41358		716685		1289
272		41358		719300		1291
273		41358		721933		1291
274		41358		724579		1288
275		41358		727222		1288
276		41358		729859		1291
277		41358		732500		1289
278		41358		735132		1289
279		41358		737781		1289
280		41357		740397		1287
281		41357		743027		1287
282		41357		745655		1285
283		41353		748290		1286
284		41354		750923		1286
285		41353		753558		1290
286		41353		756180		1288
287		41353		758806		1286
288		41355		761445		1284
289		41354		764079		1285
290		41354		766719		1284
291		41356		769353		1282
292		41349		771991		1280
293		41349		774628		1280
294		41350		777271		1281
295		41353		779894		1281
296		41353		782510		1281
297		41353		785152		1280
298		41353		787796		1280
299		41349		790437		1281
300		41349		793071		1282
301		41344		795710		1278
302		41344		798334		1280
303		41344		800964		1282
304		41344		803592		1282
305		41344		806223		1280
306		41344		808837		1279
307		41344		811457		1277
308		41344		814088		1275
309		41344		816731		1276
310		41344		819364		1276
311		41344		822003		1276
312		41343		824651		1278
313		41343		827277		1277
314		41343		829909		1280
315		41343		832552		1282
316		41344		835182		1282
317		41342		837813		1282
318		41342		840455		1282
319		41341		843092		1281
320		41340		845709		1282
321		41340		848351		1282
322		41341		850986		1282
323		41340		853608		1282
324		41340		856262		1282
325		41341		858897		1281
326		41339		861518		1281
327		41338		864144		1281
328		41338		866763		1281
329		41337		869401		1282
330		41337		872046		1281
331		41337		874676		1282
332		41338		877306		1281
333		41338		879942		1282
334		41337		882575		1282
335		41336		885230		1283
336		41338		887868		1285
337		41338		890506		1284
338		41338		893144		1284
339		41338		895775		1284
340		41336		898418		1286
341		41338		901038		1284
342		41338		903675		1284
343		41338		906301		1284
344		41338		908944		1284
345		41338		911581		1284
346		41338		914216		1282
347		41336		916845		1284
348		41336		919482		1284
349		41336		922137		1286
350		41336		924768		1285
351		41337		927407		1287
352		41336		930053		1285
353		41338		932681		1284
354		41338		935317		1284
355		41336		937947		1286
356		41336		940567		1286
357		41338		943206		1284
358		41338		945835		1286
359		41338		948460		1287
360		41339		951086		1288
361		41339		953716		1288
362		41339		956359		1285
363		41339		958977		1284
364		41340		961621		1285
365		41341		964252		1285
366		41338		966891		1283
367		41338		969544		1284
368		41338		972177		1284
369		41338		974811		1284
370		41338		977438		1287
371		41338		980084		1287
372		41338		982712		1287
373		41338		985356		1287
374		41338		987970		1287
375		41338		990609		1287
376		41338		993253		1287
377		41336		995880		1289
378		41336		998512		1289
379		41336		1001137		1288
380		41336		1003774		1288
381		41336		1006398		1288
382		41336		1009002		1288
383		41336		1011631		1288
384		41336		1014246		1286
385		41336		1016885		1286
386		41336		1019520		1285
387		41336		1022142		1285
388		41336		1024759		1287
389		41336		1027389		1287
390		41336		1030012		1285
391		41336		1032656		1283
392		41336		1035295		1281
393		41336		1037944		1281
394		41335		1040569		1281
395		41335		1043197		1281
396		41335		1045836		1280
397		41335		1048478		1280
398		41335		1051131		1282
399		41335		1053768		1282
400		41335		1056397		1282
401		41338		1059033		1280
402		41341		1061681		1285
403		41342		1064340		1282
404		41342		1066971		1282
405		41344		1069616		1284
406		41346		1072250		1281
407		41346		1074890		1285
408		41350		1077539		1287
409		41353		1080191		1286
410		41352		1082817		1286
411		41350		1085441		1288
412		41352		1088063		1289
413		41349		1090699		1291
414		41349		1093317		1293
415		41349		1095937		1289
416		41348		1098554		1287
417		41348		1101200		1289
418		41345		1103833		1290
419		41344		1106469		1291
420		41345		1109099		1291
421		41348		1111728		1289
422		41345		1114358		1290
423		41346		1116995		1288
424		41345		1119648		1290
425		41346		1122277		1295
426		41346		1124910		1295
427		41348		1127543		1295
428		41344		1130183		1297
429		41343		1132809		1296
430		41343		1135433		1296
431		41343		1138074		1295
432		41343		1140707		1295
433		41342		1143346		1294
434		41342		1145995		1294
435		41342		1148632		1296
436		41342		1151269		1298
437		41341		1153903		1294
438		41341		1156540		1294
439		41341		1159179		1292
440		41340		1161812		1292
441		41340		1164445		1292
442		41340		1167081		1292
443		41340		1169718		1291
444		41340		1172374		1293
445		41340		1174993		1292
446		41340		1177634		1292
447		41340		1180262		1294
448		41340		1182895		1294
449		41340		1185530		1293
450		41340		1188163		1292
451		41340		1190781		1292
452		41340		1193412		1295
453		41340		1196064		1295
454		41340		1198702		1295
455		41341		1201326		1296
456		41340		1203957		1295
457		41339		1206592		1291
458		41340		1209219		1292
459		41339		1211856		1292
460		41339		1214502		1292
461		41339		1217135		1290
462		41339		1219755		1291
463		41339		1222393		1289
464		41339		1225049		1289
465		41339		1227686		1291
466		41339		1230319		1294
467		41339		1232961		1294
468		41338		1235598		1292
469		41338		1238239		1294
470		41338		1240869		1294
471		41338		1243494		1292
472		41338		1246122		1292
473		41338		1248752		1292
474		41337		1251392		1291
475		41337		1254008		1293
476		41337		1256649		1293
477		41337		1259281		1295
478		41337		1261906		1297
479		41337		1264534		1298
480		41334		1267171		1297
481		41332		1269810		1301
482		41334		1272461		1300
483		41334		1275097		1297
484		41336		1277720		1299
485		41335		1280352		1300
486		41335		1282987		1300
487		41336		1285622		1300
488		41335		1288270		1299
489		41333		1290911		1300
490		41334		1293553		1298
491		41333		1296208		1297
492		41333		1298844		1297
493		41334		1301480		1297
494		41334		1304124		1298
495		41333		1306763		1297
496		41333		1309385		1297
497		41333		1312025		1297
498		41333		1314650		1298
499		41332		1317289		1299
500		41332		1319920		1299
501		41332		1322565		1299
502		41332		1325190		1300
503		41332		1327825		1300
504		41332		1330467		1302
505		41332		1333101		1302
506		41332		1335719		1302
507		41332		1338336		1302
508		41332		1340971		1302
509		41332		1343594		1303
510		41332		1346225		1303
511		41332		1348866		1303
512		41332		1351500		1303
513		41332		1354134		1303
514		41331		1356761		1303
515		41331		1359396		1303
516		41331		1362036		1301
517		41331		1364657		1301
518		41331		1367282		1301
519		41331		1369922		1300
520		41331		1372545		1300
521		41331		1375181		1298
522		41331		1377795		1300
523		41330		1380422		1299
524		41330		1383060		1299
525		41330		1385701		1299
526		41330		1388323		1299
527		41330		1390936		1299
528		41330		1393570		1299
529		41330		1396210		1299
530		41330		1398836		1299
531		41330		1401469		1299
532		41330		1404109		1299
533		41330		1406737		1299
534		41330		1409364		1301
535		41330		1411982		1299
536		41328		1414625		1298
537		41327		1417248		1296
538		41327		1419880		1296
539		41327		1422518		1296
540		41327		1425139		1294
541		41327		1427774		1294
542		41327		1430392		1294
543		41327		1433026		1292
544		41327		1435655		1292
545		41327		1438281		1294
546		41327		1440909		1294
547		41327		1443543		1295
548		41327		1446169		1295
549		41327		1448800		1295
550		41327		1451440		1296
551		41327		1454065		1296
552		41327		1456711		1296
553		41327		1459359		1296
554		41327		1461995		1296
555		41327		1464642		1296
556		41327		1467255		1296
557		41327		1469887		1297
558		41327		1472527		1297
559		41327		1475179		1297
560		41327		1477826		1295
561		41327		1480450		1295
562		41327		1483080		1295
563		41327		1485718		1295
564		41327		1488363		1295
565		41327		1490994		1295
566		41327		1493629		1295
567		41327		1496278		1295
568		41327		1498900		1293
569		41327		1501545		1293
570		41327		1504178		1293
571		41327		1506806		1293
572		41327		1509434		1293
573		41327		1512068		1293
574		41327		1514712		1293
575		41327		1517337		1293
576		41327		1519977		1293
577		41327		1522622		1293
578		41327		1525252		1293
579		41327		1527889		1293
580		41327		1530529		1294
581		41327		1533179		1292
582		41327		1535814		1292
583		41327		1538458		1292
584		41327		1541095		1292
585		41327		1543724		1293
586		41327		1546356		1293
587		41327		1548991		1293
588		41327		1551620		1293
589		41327		1554260		1293
590		41327		1556891		1293
591		41327		1559512		1293
592		41327		1562143		1293
593		41327		1564787		1293
594		41327		1567412		1293
595		41327		1570038		1293
596		41327		1572682		1293
597		41328		1575325		1294
598		41327		1577953		1294
599		41329		1580586		1291
600		41327		1583213		1293
601		41327		1585848		1293
602		41327		1588478		1295
603		41327		1591118		1294
604		41327		1593734		1294
605		41327		1596388		1294
606		41327		1599019		1294
607		41327		1601658		1294
608		41327		1604287		1294
609		41327		1606930		1294
610		41327		1609561		1294
611		41327		1612182		1295
612		41327		1614810		1295
613		41327		1617459		1293
614		41327		1620082		1290
615		41327		1622703		1292
616		41327		1625337		1292
617		41327		1627979		1292
618		41327		1630606		1292
619		41327		1633239		1292
620		41327		1635876		1294
621		41327		1638499		1293
622		41327		1641129		1294
623		41327		1643763		1294
624		41327		1646380		1294
625		41327		1649006		1294
626		41327		1651640		1294
627		41327		1654285		1294
628		41327		1656910		1294
629		41327		1659552		1294
630		41327		1662195		1294
631		41327		1664842		1294
632		41327		1667477		1294
633		41327		1670115		1293
634		41327		1672746		1293
635		41327		1675388		1293
636		41327		1677990		1293
637		41327		1680630		1293
638		41327		1683268		1293
639		41327		1685894		1295
640		41327		1688521		1294
641		41327		1691161		1294
642		41327		1693788		1294
643		41327		1696424		1294
644		41327		1699064		1294
645		41327		1701688		1293
646		41327		1704324		1293
647		41327		1706962		1293
648		41327		1709594		1295
649		41327		1712221		1295
650		41327		1714861		1295
651		41327		1717496		1295
652		41327		1720127		1295
653		41327		1722780		1294
654		41327		1725413		1294
655		41327		1728043		1294
656		41327		1730668		1294
657		41327		1733303		1294
658		41327		1735937		1294
659		41327		1738573		1294
660		41327		1741219		1294
661		41327		1743852		1294
662		41327		1746486		1295
663		41327		1749107		1294
664		41327		1751740		1294
665		41327		1754373		1294
666		41327		1757020		1294
667		41327		1759654		1294
668		41327		1762281		1294
669		41327		1764911		1293
670		41327		1767538		1293
671		41327		1770144		1294
672		41327		1772776		1294
673		41327		1775420		1294
674		41327		1778059		1294
675		41327		1780682		1294
676		41327		1783310		1296
677		41327		1785934		1296
678		41327		1788562		1296
679		41327		1791186		1296
680		41327		1793815		1296
681		41327		1796466		1296
682		41327		1799103		1297
683		41327		1801724		1297
684		41327		1804356		1297
685		41327		1806979		1296
686		41327		1809612		1296
687		41327		1812239		1296
688		41327		1814874		1293
689		41327		1817522		1293
690		41327		1820166		1293
691		41327		1822788		1293
692		41327		1825445		1293
693		41327		1828092		1293
694		41327		1830732		1293
695		41327		1833366		1293
696		41327		1836015		1293
697		41327		1838660		1296
698		41327		1841295		1296
699		41327		1843925		1296
700		41327		1846559		1296
701		41327		1849198		1296
702		41327		1851828		1296
703		41327		1854443		1296
704		41327		1857079		1296
705		41327		1859722		1296
706		41327		1862357		1296
707		41327		1864983		1296
708		41327		1867604		1294
709		41327		1870244		1294
710		41327		1872870		1292
711		41327		1875502		1294
712		41327		1878136		1294
713		41327		1880758		1294
714		41327		1883394		1294
715		41327		1886027		1294
716		41327		1888652		1294
717		41327		1891276		1294
718		41327		1893907		1294
719		41327		1896542		1294
720		41327		1899161		1294
721		41327		1901807		1294
722		41327		1904455		1294
723		41327		1907093		1294
724		41327		1909736		1294
725		41327		1912368		1294
726		41327		1914996		1294
727		41327		1917626		1297
728		41327		1920253		1295
729		41327		1922880		1295
730		41327		1925504		1295
731		41327		1928155		1295
732		41327		1930777		1295
733		41327		1933406		1295
734		41327		1936038		1295
735		41327		1938672		1295
736		41327		1941292		1295
737		41327		1943918		1295
738		41327		1946548		1295
739		41327		1949187		1295
740		41327		1951823		1295
741		41327		1954452		1295
742		41327		1957093		1295
743		41327		1959724		1295
744		41327		1962344		1295
745		41327		1964985		1293
746		41327		1967605		1293
747		41327		1970244		1293
748		41327		1972860		1294
749		41327		1975496		1294
750		41327		1978117		1294
751		41327		1980747		1294
752		41327		1983385		1294
753		41327		1986016		1294
754		41327		1988665		1294
755		41327		1991316		1294
756		41327		1993955		1294
757		41327		1996583		1294
758		41327		1999218		1294
759		41327		2001839		1294
760		41327		2004471		1294
761		41327		2007106		1294
762		41327		2009733		1294
763		41327		2012364		1294
764		41327		2014985		1294
765		41327		2017621		1294
766		41327		2020264		1294
767		41327		2022895		1294
768		41327		2025520		1294
769		41327		2028153		1294
770		41327		2030777		1294
771		41327		2033411		1294
772		41327		2036044		1294
773		41327		2038682		1294
774		41327		2041322		1294
775		41327		2043943		1294
776		41327		2046581		1294
777		41327		2049219		1294
778		41327		2051844		1294
779		41327		2054485		1294
780		41327		2057111		1294
781		41327		2059746		1294
782		41327		2062379		1294
783		41327		2065013		1294
784		41327		2067655		1294
785		41327		2070283		1294
786		41327		2072908		1294
787		41327		2075536		1294
788		41327		2078173		1294
789		41327		2080802		1294
790		41327		2083435		1294
791		41327		2086065		1294
792		41327		2088689		1294
793		41327		2091325		1294
794		41327		2093952		1294
795		41327		2096600		1294
796		41327		2099228		1294
797		41327		2101862		1295
798		41327		2104502		1295
799		41327		2107156		1292
800		41327		2109791		1292
801		41328		2112422		1292
802		41328		2115056		1292
803		41331		2117696		1292
804		41331		2120345		1292
805		41331		2122987		1293
806		41334		2125619		1293
807		41336		2128243		1293
808		41334		2130898		1294
809		41335		2133523		1295
810		41336		2136153		1293
811		41337		2138784		1289
812		41337		2141404		1289
813		41337		2144031		1291
814		41338		2146664		1293
815		41338		2149293		1295
816		41340		2151925		1297
817		41338		2154546		1299
818		41337		2157166		1302
819		41337		2159793		1302
820		41336		2162431		1303
821		41337		2165050		1301
822		41337		2167691		1301
823		41337		2170319		1299
824		41338		2172959		1299
825		41338		2175589		1299
826		41337		2178234		1301
827		41338		2180868		1301
828		41338		2183501		1301
829		41340		2186135		1301
830		41337		2188789		1299
831		41337		2191420		1301
832		41336		2194055		1301
833		41334		2196685		1300
834		41335		2199321		1300
835		41334		2201948		1300
836		41335		2204576		1302
837		41334		2207209		1302
838		41335		2209827		1302
839		41334		2212465		1302
840		41335		2215094		1302
841		41334		2217725		1303
842		41334		2220359		1303
843		41334		2222994		1303
844		41334		2225636		1303
845		41334		2228269		1304
846		41334		2230908		1305
847		41334		2233538		1305
848		41333		2236160		1305
849		41332		2238806		1305
850		41332		2241448		1303
851		41332		2244093		1304
852		41331		2246715		1304
853		41331		2249350		1304
854		41331		2251998		1304
855		41331		2254632		1304
856		41331		2257277		1300
857		41331		2259922		1300
858		41331		2262562		1299
859		41331		2265195		1298
860		41331		2267827		1296
861		41331		2270462		1296
862		41331		2273109		1296
863		41331		2275754		1298
864		41331		2278380		1299
865		41331		2281002		1299
866		41331		2283625		1297
867		41331		2286254		1297
868		41331		2288885		1294
869		41331		2291537		1294
870		41331		2294169		1294
871		41331		2296814		1292
872		41331		2299458		1292
873		41331		2302085		1292
874		41331		2304727		1292
875		41331		2307362		1296
876		41331		2309980		1296
877		41331		2312616		1296
878		41331		2315251		1296
879		41331		2317893		1295
880		41332		2320535		1295
881		41332		2323148		1294
882		41332		2325774		1294
883		41332		2328408		1292
884		41332		2331044		1292
885		41332		2333688		1290
886		41332		2336300		1289
887		41332		2338923		1290
888		41332		2341562		1290
889		41331		2344199		1291
890		41332		2346810		1291
891		41332		2349433		1290
892		41332		2352049		1290
893		41332		2354679		1291
894		41331		2357299		1291
895		41333		2359937		1292
896		41333		2362572		1289
897		41333		2365195		1289
898		41332		2367820		1290
899		41332		2370463		1289
900		41333		2373099		1290
901		41332		2375726		1290
902		41332		2378343		1291
903		41333		2380975		1291
904		41333		2383616		1292
905		41332		2386264		1294
906		41332		2388886		1296
907		41333		2391505		1297
908		41332		2394138		1295
909		41333		2396785		1297
910		41332		2399402		1293
911		41330		2402043		1295
912		41330		2404676		1295
913		41330		2407312		1295
914		41330		2409937		1295
915		41330		2412557		1294
916		41330		2415182		1295
917		41330		2417827		1295
918		41330		2420441		1294
919		41330		2423075		1296
920		41330		2425716		1296
921		41330		2428340		1296
922		41330		2430980		1296
923		41329		2433596		1296
924		41329		2436231		1298
925		41329		2438866		1298
926		41329		2441509		1298
927		41329		2444150		1297
928		41329		2446773		1297
929		41329		2449409		1297
930		41329		2452047		1297
931		41329		2454667		1298
932		41329		2457296		1298
933		41329		2459917		1298
934		41329		2462559		1299
935		41329		2465191		1299
936		41329		2467824		1299
937		41329		2470461		1298
938		41329		2473100		1298
939		41329		2475731		1298
940		41329		2478375		1298
941		41329		2481010		1298
942		41328		2483642		1296
943		41328		2486272		1296
944		41328		2488902		1297
945		41328		2491554		1297
946		41328		2494204		1296
947		41329		2496829		1296
948		41329		2499454		1296
949		41328		2502092		1297
950		41328		2504731		1297
951		41328		2507368		1297
952		41328		2510003		1295
953		41328		2512636		1295
954		41328		2515268		1295
955		41328		2517907		1295
956		41328		2520548		1296
957		41328		2523198		1296
958		41328		2525833		1296
959		41328		2528469		1296
960		41328		2531105		1296
961		41328		2533732		1296
962		41328		2536369		1298
963		41328		2539005		1298
964		41328		2541662		1298
965		41328		2544306		1298
966		41328		2546941		1296
967		41328		2549587		1296
968		41328		2552214		1298
969		41328		2554858		1298
970		41328		2557488		1298
971		41328		2560114		1298
972		41328		2562741		1298
973		41328		2565370		1298
974		41328		2567996		1298
975		41328		2570639		1298
976		41328		2573284		1298
977		41328		2575925		1298
978		41328		2578552		1298
979		41328		2581185		1298
980		41328		2583809		1298
981		41328		2586446		1296
982		41328		2589080		1298
983		41328		2591723		1298
984		41328		2594351		1298
985		41328		2597001		1300
986		41328		2599643		1300
987		41328		2602274		1300
988		41328		2604910		1301
989		41328		2607553		1300
990		41328		2610175		1300
991		41328		2612801		1300
992		41328		2615434		1300
993		41328		2618083		1301
994		41328		2620710		1301
995		41328		2623340		1301
996		41328		2625972		1301
997		41328		2628621		1300
998		41328		2631259		1300
999		41328		2633905		1300
