# Migration is number of nodes that have changed color.

Round		Edge-Cut		Swaps		Migrations		Skipped
0		62604		2695		847
1		55471		5375		1055
2		51262		8039		1181
3		49061		10712		1209
4		47104		13368		1240
5		46012		16025		1263
6		45289		18684		1248
7		44496		21344		1259
8		43661		23994		1271
9		43417		26636		1273
10		43199		29276		1280
11		43015		31933		1288
12		42958		34579		1285
13		42730		37232		1286
14		42391		39885		1283
15		42331		42528		1284
16		42217		45166		1291
17		42233		47808		1300
18		42185		50440		1293
19		42125		53080		1291
20		42111		55722		1289
21		42101		58358		1298
22		41988		60993		1293
23		41931		63652		1301
24		41887		66286		1297
25		41861		68933		1300
26		41827		71574		1295
27		41783		74210		1290
28		41760		76862		1296
29		41732		79503		1301
30		41695		82140		1303
31		41687		84791		1308
32		41676		87428		1306
33		41656		90057		1298
34		41645		92701		1297
35		41611		95330		1297
36		41609		97976		1293
37		41600		100605		1290
38		41582		103231		1287
39		41584		105870		1291
40		41585		108510		1295
41		41548		111157		1296
42		41549		113783		1301
43		41514		116431		1310
44		41512		119088		1306
45		41508		121716		1308
46		41499		124355		1303
47		41493		126988		1303
48		41478		129619		1299
49		41469		132262		1297
50		41458		134916		1296
51		41441		137561		1295
52		41429		140190		1296
53		41434		142839		1301
54		41423		145453		1301
55		41418		148074		1296
56		41413		150723		1304
57		41408		153374		1301
58		41405		156002		1296
59		41407		158636		1295
60		41406		161275		1297
61		41393		163927		1297
62		41388		166555		1295
63		41388		169194		1294
64		41385		171834		1298
65		41399		174473		1295
66		41405		177115		1301
67		41404		179752		1302
68		41379		182389		1299
69		41373		185010		1297
70		41374		187644		1297
71		41380		190274		1305
72		41367		192902		1307
73		41366		195543		1311
74		41367		198202		1307
75		41364		200847		1308
76		41364		203499		1304
77		41367		206146		1307
78		41362		208779		1302
79		41365		211417		1301
80		41365		214049		1298
81		41364		216696		1303
82		41363		219352		1302
83		41362		221976		1302
84		41358		224602		1299
85		41357		227238		1299
86		41358		229890		1299
87		41356		232525		1299
88		41358		235165		1298
89		41355		237818		1291
90		41358		240466		1294
91		41351		243096		1293
92		41349		245733		1294
93		41346		248366		1295
94		41343		251012		1296
95		41343		253648		1295
96		41341		256274		1296
97		41344		258911		1295
98		41343		261546		1292
99		41345		264171		1289
100		41349		266815		1287
101		41344		269441		1286
102		41345		272068		1288
103		41345		274692		1288
104		41343		277326		1286
105		41344		279960		1285
106		41345		282595		1286
107		41340		285224		1286
108		41341		287868		1287
109		41342		290498		1289
110		41340		293136		1291
111		41356		295770		1289
112		41356		298422		1290
113		41356		301064		1290
114		41356		303705		1288
115		41355		306335		1292
116		41352		308974		1294
117		41352		311601		1294
118		41357		314241		1298
119		41354		316879		1295
120		41354		319505		1295
121		41354		322135		1296
122		41351		324782		1293
123		41348		327421		1294
124		41348		330059		1294
125		41349		332708		1296
126		41343		335356		1299
127		41343		337994		1299
128		41343		340630		1299
129		41342		343265		1300
130		41342		345897		1300
131		41340		348529		1301
132		41342		351156		1300
133		41348		353808		1301
134		41346		356444		1297
135		41347		359089		1295
136		41346		361711		1294
137		41346		364350		1295
138		41348		366982		1293
139		41349		369639		1295
140		41349		372274		1287
141		41324		374906		1286
142		41322		377550		1289
143		41326		380172		1291
144		41328		382818		1295
145		41328		385457		1291
146		41327		388091		1293
147		41327		390725		1295
148		41322		393363		1292
149		41325		396009		1292
150		41321		398646		1292
151		41323		401289		1291
152		41324		403917		1291
153		41325		406546		1292
154		41323		409177		1291
155		41319		411812		1295
156		41315		414438		1298
157		41316		417087		1297
158		41315		419727		1297
159		41315		422364		1296
160		41317		424998		1297
161		41313		427641		1294
162		41314		430247		1297
163		41315		432867		1297
164		41314		435508		1295
165		41314		438145		1295
166		41312		440782		1294
167		41311		443423		1296
168		41313		446058		1296
169		41312		448673		1297
170		41312		451314		1296
171		41313		453961		1291
172		41313		456599		1291
173		41312		459230		1291
174		41311		461877		1289
175		41313		464508		1294
176		41313		467146		1292
177		41314		469785		1294
178		41313		472411		1297
179		41315		475051		1297
180		41314		477690		1298
181		41307		480333		1297
182		41305		482963		1300
183		41305		485613		1298
184		41307		488244		1296
185		41304		490882		1295
186		41300		493516		1296
187		41299		496146		1297
188		41306		498788		1303
189		41306		501422		1302
190		41304		504055		1301
191		41308		506689		1300
192		41305		509345		1300
193		41305		511979		1300
194		41307		514608		1301
195		41305		517242		1301
196		41307		519874		1300
197		41306		522499		1298
198		41310		525133		1297
199		41310		527763		1297
200		41309		530401		1299
201		41308		533026		1299
202		41306		535664		1297
203		41305		538300		1297
204		41308		540928		1301
205		41308		543555		1304
206		41308		546203		1304
207		41308		548837		1304
208		41308		551485		1306
209		41309		554111		1307
210		41310		556761		1307
211		41307		559394		1304
212		41309		562036		1306
213		41305		564676		1304
214		41305		567308		1304
215		41306		569935		1303
216		41304		572568		1300
217		41304		575205		1300
218		41304		577863		1301
219		41304		580483		1302
220		41304		583131		1300
221		41305		585760		1302
222		41304		588397		1302
223		41305		591032		1304
224		41306		593666		1302
225		41304		596316		1301
226		41304		598944		1301
227		41302		601576		1301
228		41302		604209		1304
229		41303		606847		1302
230		41303		609469		1300
231		41303		612094		1301
232		41303		614742		1302
233		41303		617380		1302
234		41303		620003		1301
235		41303		622637		1298
236		41306		625259		1298
237		41306		627884		1297
238		41306		630523		1297
239		41306		633165		1298
240		41306		635811		1298
241		41306		638449		1298
242		41306		641084		1298
243		41306		643735		1298
244		41306		646360		1298
245		41306		648989		1302
246		41306		651637		1302
247		41306		654285		1301
248		41306		656926		1301
249		41306		659554		1298
250		41306		662176		1297
251		41306		664800		1294
252		41306		667422		1294
253		41306		670056		1296
254		41306		672701		1298
255		41306		675339		1297
256		41308		677968		1296
257		41306		680592		1297
258		41306		683229		1297
259		41308		685865		1297
260		41306		688498		1298
261		41306		691122		1297
262		41306		693742		1295
263		41306		696390		1296
264		41306		699010		1296
265		41306		701646		1297
266		41306		704287		1297
267		41306		706930		1296
268		41306		709569		1296
269		41306		712210		1296
270		41310		714836		1295
271		41310		717469		1297
272		41310		720106		1295
273		41310		722718		1293
274		41310		725345		1293
275		41310		727963		1297
276		41310		730608		1297
277		41310		733241		1297
278		41310		735862		1298
279		41310		738517		1298
280		41310		741144		1299
281		41310		743779		1298
282		41310		746411		1299
283		41311		749040		1300
284		41311		751670		1298
285		41311		754297		1298
286		41311		756931		1300
287		41311		759557		1297
288		41311		762183		1297
289		41311		764815		1298
290		41311		767449		1298
291		41311		770069		1299
292		41311		772705		1297
293		41311		775353		1295
294		41311		777999		1297
295		41311		780620		1296
296		41311		783234		1296
297		41311		785851		1297
298		41310		788492		1297
299		41310		791132		1296
300		41310		793758		1296
301		41310		796416		1296
302		41310		799062		1293
303		41310		801709		1294
304		41310		804339		1292
305		41310		806968		1293
306		41310		809612		1292
307		41309		812230		1291
308		41309		814862		1293
309		41309		817509		1293
310		41309		820146		1294
311		41309		822792		1294
312		41309		825448		1296
313		41309		828079		1294
314		41309		830716		1294
315		41309		833355		1294
316		41309		835990		1294
317		41309		838624		1294
318		41308		841264		1295
319		41308		843909		1295
320		41308		846555		1297
321		41308		849190		1297
322		41306		851817		1294
323		41306		854449		1297
324		41306		857084		1297
325		41306		859732		1297
326		41306		862363		1294
327		41306		865002		1296
328		41306		867641		1295
329		41306		870270		1295
330		41306		872919		1295
331		41306		875552		1296
332		41307		878179		1299
333		41307		880813		1298
334		41307		883464		1301
335		41307		886092		1300
336		41307		888732		1300
337		41307		891354		1301
338		41307		893988		1301
339		41307		896611		1297
340		41307		899231		1297
341		41307		901869		1297
342		41307		904496		1298
343		41311		907125		1299
344		41311		909756		1299
345		41311		912400		1299
346		41311		915027		1301
347		41311		917662		1301
348		41311		920311		1301
349		41311		922964		1297
350		41311		925597		1297
351		41313		928232		1296
352		41311		930867		1300
353		41311		933485		1301
354		41313		936137		1303
355		41313		938777		1300
356		41313		941417		1298
357		41313		944066		1299
358		41313		946712		1299
359		41313		949340		1299
360		41313		951982		1299
361		41313		954618		1299
362		41313		957253		1296
363		41313		959893		1296
364		41313		962522		1292
365		41313		965135		1292
366		41313		967776		1289
367		41313		970407		1289
368		41313		973035		1292
369		41313		975654		1292
370		41313		978298		1293
371		41313		980912		1292
372		41313		983543		1291
373		41313		986163		1294
374		41313		988812		1294
375		41313		991438		1294
376		41313		994070		1297
377		41313		996692		1297
378		41313		999328		1297
379		41313		1001947		1295
380		41313		1004582		1294
381		41313		1007219		1296
382		41312		1009864		1295
383		41312		1012516		1293
384		41312		1015167		1292
385		41312		1017786		1292
386		41312		1020435		1291
387		41312		1023059		1291
388		41312		1025689		1291
389		41312		1028316		1292
390		41312		1030960		1294
391		41312		1033582		1294
392		41312		1036208		1296
393		41312		1038842		1296
394		41312		1041475		1298
395		41312		1044126		1296
396		41312		1046762		1299
397		41312		1049399		1300
398		41312		1052036		1301
399		41312		1054680		1301
400		41312		1057324		1302
401		41312		1059954		1302
402		41312		1062596		1302
403		41312		1065224		1302
404		41312		1067871		1302
405		41312		1070501		1302
406		41312		1073146		1304
407		41312		1075791		1304
408		41312		1078430		1304
409		41312		1081057		1304
410		41312		1083693		1304
411		41312		1086321		1304
412		41312		1088958		1303
413		41312		1091593		1300
414		41312		1094227		1299
415		41312		1096859		1300
416		41312		1099488		1300
417		41312		1102133		1299
418		41312		1104771		1298
419		41312		1107403		1298
420		41312		1110045		1298
421		41312		1112680		1299
422		41312		1115327		1299
423		41312		1117971		1299
424		41312		1120595		1299
425		41312		1123239		1299
426		41312		1125873		1297
427		41312		1128527		1297
428		41312		1131177		1297
429		41312		1133817		1299
430		41312		1136451		1299
431		41312		1139065		1299
432		41312		1141708		1299
433		41306		1144362		1298
434		41306		1146981		1295
435		41306		1149620		1295
436		41306		1152245		1295
437		41306		1154879		1297
438		41306		1157516		1297
439		41306		1160162		1297
440		41306		1162796		1297
441		41306		1165429		1297
442		41306		1168073		1297
443		41306		1170716		1295
444		41306		1173363		1295
445		41306		1176000		1296
446		41306		1178629		1295
447		41306		1181272		1296
448		41306		1183910		1296
449		41306		1186544		1298
450		41306		1189182		1298
451		41306		1191835		1299
452		41306		1194473		1300
453		41306		1197112		1301
454		41306		1199748		1300
455		41306		1202384		1300
456		41306		1205026		1299
457		41306		1207664		1299
458		41306		1210316		1299
459		41306		1212957		1296
460		41306		1215586		1299
461		41306		1218233		1298
462		41306		1220864		1298
463		41306		1223484		1298
464		41306		1226116		1298
465		41306		1228761		1299
466		41306		1231384		1303
467		41306		1234021		1304
468		41306		1236654		1304
469		41306		1239289		1304
470		41306		1241923		1304
471		41306		1244553		1303
472		41306		1247213		1303
473		41306		1249848		1303
474		41306		1252486		1303
475		41306		1255116		1303
476		41306		1257752		1306
477		41306		1260373		1306
478		41306		1263021		1306
479		41306		1265647		1306
480		41306		1268285		1310
481		41308		1270904		1308
482		41306		1273534		1307
483		41306		1276163		1306
484		41306		1278814		1306
485		41306		1281449		1305
486		41307		1284084		1305
487		41307		1286725		1307
488		41307		1289369		1307
489		41307		1292002		1309
490		41309		1294637		1306
491		41309		1297264		1306
492		41307		1299903		1307
493		41307		1302527		1309
494		41306		1305181		1307
495		41306		1307806		1306
496		41308		1310461		1305
497		41308		1313090		1305
498		41308		1315723		1303
499		41308		1318355		1301
500		41308		1320992		1303
501		41306		1323619		1302
502		41308		1326256		1301
503		41299		1328895		1303
504		41301		1331536		1298
505		41301		1334173		1297
506		41301		1336819		1298
507		41301		1339467		1298
508		41299		1342090		1297
509		41299		1344725		1297
510		41299		1347357		1297
511		41299		1349990		1299
512		41299		1352644		1299
513		41299		1355267		1297
514		41299		1357890		1296
515		41299		1360533		1296
516		41299		1363169		1296
517		41299		1365807		1298
518		41299		1368444		1296
519		41299		1371082		1295
520		41299		1373718		1295
521		41299		1376359		1296
522		41301		1378998		1296
523		41299		1381634		1295
524		41299		1384287		1295
525		41299		1386909		1295
526		41299		1389539		1295
527		41299		1392157		1293
528		41299		1394808		1293
529		41299		1397450		1293
530		41302		1400090		1297
531		41303		1402713		1299
532		41303		1405326		1300
533		41303		1407964		1300
534		41302		1410612		1299
535		41302		1413238		1299
536		41302		1415897		1297
537		41303		1418546		1298
538		41303		1421155		1298
539		41303		1423776		1299
540		41303		1426424		1299
541		41307		1429054		1298
542		41306		1431670		1299
543		41306		1434311		1299
544		41305		1436952		1300
545		41305		1439591		1300
546		41305		1442231		1300
547		41304		1444859		1301
548		41304		1447504		1300
549		41304		1450135		1301
550		41304		1452772		1300
551		41304		1455399		1299
552		41304		1458048		1301
553		41304		1460670		1302
554		41304		1463301		1302
555		41304		1465940		1302
556		41304		1468581		1302
557		41303		1471220		1302
558		41303		1473862		1302
559		41303		1476504		1302
560		41303		1479138		1302
561		41303		1481793		1303
562		41303		1484437		1304
563		41303		1487077		1304
564		41303		1489715		1302
565		41303		1492338		1302
566		41303		1494974		1301
567		41303		1497611		1300
568		41303		1500253		1302
569		41303		1502873		1300
570		41303		1505505		1302
571		41303		1508144		1302
572		41303		1510773		1302
573		41305		1513405		1300
574		41303		1516028		1301
575		41308		1518675		1301
576		41303		1521310		1299
577		41305		1523941		1298
578		41303		1526578		1298
579		41305		1529208		1296
580		41303		1531830		1298
581		41303		1534466		1298
582		41305		1537097		1298
583		41305		1539728		1298
584		41303		1542350		1299
585		41303		1544981		1298
586		41303		1547611		1300
587		41303		1550265		1301
588		41303		1552877		1301
589		41303		1555499		1302
590		41303		1558131		1301
591		41303		1560756		1300
592		41303		1563388		1300
593		41303		1566032		1299
594		41303		1568655		1299
595		41303		1571298		1298
596		41303		1573952		1303
597		41305		1576585		1302
598		41305		1579234		1302
599		41305		1581886		1299
600		41303		1584529		1300
601		41303		1587162		1299
602		41305		1589810		1298
603		41305		1592461		1296
604		41304		1595076		1299
605		41304		1597717		1299
606		41304		1600357		1298
607		41304		1602991		1298
608		41304		1605628		1297
609		41304		1608265		1301
610		41305		1610896		1299
611		41303		1613532		1297
612		41303		1616156		1297
613		41303		1618798		1298
614		41303		1621420		1299
615		41303		1624040		1300
616		41303		1626673		1299
617		41303		1629312		1297
618		41303		1631952		1295
619		41303		1634587		1295
620		41303		1637209		1296
621		41303		1639856		1295
622		41303		1642496		1294
623		41305		1645128		1290
624		41305		1647749		1292
625		41303		1650379		1292
626		41303		1652994		1293
627		41303		1655635		1294
628		41303		1658245		1294
629		41303		1660865		1295
630		41303		1663510		1295
631		41303		1666153		1295
632		41303		1668790		1295
633		41303		1671425		1295
634		41303		1674068		1295
635		41303		1676711		1296
636		41303		1679349		1297
637		41303		1681993		1298
638		41303		1684624		1301
639		41303		1687267		1300
640		41305		1689904		1299
641		41303		1692538		1300
642		41303		1695176		1298
643		41303		1697815		1300
644		41305		1700438		1299
645		41303		1703056		1301
646		41303		1705714		1302
647		41305		1708351		1302
648		41307		1710981		1301
649		41307		1713610		1301
650		41304		1716256		1302
651		41304		1718896		1302
652		41304		1721528		1304
653		41305		1724163		1305
654		41305		1726782		1304
655		41303		1729423		1304
656		41305		1732078		1304
657		41305		1734718		1304
658		41305		1737367		1304
659		41305		1740009		1304
660		41305		1742626		1302
661		41303		1745265		1303
662		41305		1747910		1302
663		41305		1750536		1302
664		41305		1753188		1302
665		41305		1755819		1302
666		41305		1758468		1302
667		41303		1761092		1301
668		41303		1763710		1300
669		41303		1766343		1301
670		41303		1768976		1301
671		41303		1771624		1302
672		41303		1774258		1302
673		41303		1776889		1300
674		41306		1779522		1300
675		41305		1782151		1299
676		41304		1784788		1298
677		41304		1787417		1299
678		41305		1790062		1297
679		41305		1792694		1301
680		41305		1795331		1299
681		41305		1797968		1299
682		41304		1800617		1299
683		41304		1803249		1300
684		41304		1805884		1300
685		41304		1808522		1298
686		41304		1811157		1300
687		41304		1813780		1300
688		41304		1816427		1298
689		41304		1819060		1298
690		41304		1821695		1298
691		41306		1824346		1296
692		41304		1826980		1295
693		41304		1829637		1295
694		41304		1832253		1295
695		41304		1834892		1295
696		41304		1837528		1296
697		41304		1840140		1296
698		41304		1842788		1299
699		41304		1845407		1301
700		41304		1848035		1301
701		41304		1850669		1300
702		41304		1853311		1300
703		41304		1855943		1299
704		41304		1858568		1297
705		41304		1861204		1297
706		41304		1863824		1297
707		41304		1866468		1296
708		41307		1869104		1295
709		41307		1871746		1295
710		41304		1874394		1294
711		41304		1877029		1294
712		41304		1879679		1294
713		41304		1882327		1295
714		41304		1884967		1295
715		41304		1887604		1297
716		41304		1890237		1297
717		41304		1892876		1297
718		41304		1895511		1299
719		41306		1898143		1299
720		41303		1900788		1300
721		41303		1903427		1300
722		41303		1906049		1299
723		41303		1908692		1301
724		41305		1911328		1300
725		41305		1913967		1300
726		41305		1916607		1300
727		41303		1919245		1300
728		41303		1921883		1303
729		41303		1924511		1299
730		41303		1927138		1298
731		41303		1929768		1300
732		41303		1932412		1300
733		41303		1935050		1299
734		41303		1937697		1301
735		41303		1940327		1301
736		41303		1942936		1298
737		41303		1945571		1293
738		41303		1948211		1293
739		41303		1950844		1293
740		41303		1953494		1293
741		41303		1956122		1295
742		41303		1958758		1295
743		41303		1961395		1294
744		41303		1964028		1294
745		41303		1966682		1293
746		41303		1969335		1293
747		41303		1971974		1293
748		41303		1974603		1293
749		41303		1977224		1293
750		41303		1979850		1293
751		41303		1982495		1294
752		41303		1985136		1291
753		41303		1987776		1290
754		41303		1990415		1290
755		41303		1993037		1290
756		41303		1995675		1290
757		41303		1998310		1290
758		41303		2000944		1290
759		41303		2003587		1290
760		41303		2006236		1290
761		41305		2008868		1289
762		41303		2011498		1288
763		41303		2014130		1287
764		41303		2016746		1287
765		41303		2019371		1288
766		41303		2022002		1288
767		41303		2024640		1288
768		41303		2027294		1288
769		41303		2029933		1289
770		41303		2032582		1289
771		41303		2035202		1289
772		41303		2037837		1291
773		41303		2040474		1292
774		41305		2043116		1289
775		41303		2045745		1288
776		41303		2048372		1288
777		41303		2051001		1290
778		41303		2053628		1293
779		41303		2056274		1295
780		41303		2058914		1296
781		41303		2061553		1296
782		41303		2064192		1296
783		41303		2066821		1294
784		41303		2069440		1297
785		41303		2072073		1295
786		41303		2074711		1296
787		41303		2077356		1298
788		41303		2079990		1298
789		41303		2082618		1299
790		41303		2085261		1298
791		41303		2087907		1297
792		41303		2090543		1298
793		41303		2093187		1298
794		41303		2095814		1298
795		41303		2098444		1302
796		41303		2101072		1301
797		41303		2103712		1301
798		41303		2106350		1301
799		41303		2108977		1301
800		41303		2111603		1302
801		41303		2114243		1302
802		41303		2116873		1303
803		41305		2119511		1301
804		41305		2122149		1302
805		41305		2124791		1302
806		41305		2127419		1301
807		41305		2130035		1303
808		41303		2132655		1303
809		41303		2135293		1304
810		41305		2137942		1302
811		41304		2140582		1304
812		41304		2143226		1305
813		41304		2145854		1303
814		41304		2148487		1303
815		41304		2151117		1303
816		41304		2153733		1302
817		41304		2156359		1299
818		41304		2159000		1299
819		41304		2161642		1301
820		41304		2164272		1300
821		41304		2166915		1298
822		41304		2169553		1299
823		41304		2172187		1298
824		41304		2174831		1297
825		41304		2177460		1295
826		41304		2180106		1295
827		41304		2182743		1296
828		41304		2185380		1297
829		41304		2188024		1297
830		41308		2190639		1296
831		41309		2193280		1299
832		41304		2195936		1301
833		41304		2198570		1301
834		41304		2201202		1300
835		41304		2203846		1301
836		41304		2206490		1303
837		41304		2209112		1303
838		41304		2211746		1303
839		41304		2214382		1303
840		41304		2217029		1303
841		41304		2219653		1303
842		41304		2222301		1302
843		41304		2224937		1303
844		41304		2227561		1304
845		41306		2230186		1304
846		41306		2232821		1304
847		41304		2235444		1304
848		41304		2238095		1307
849		41306		2240722		1307
850		41304		2243359		1305
851		41304		2245988		1305
852		41304		2248623		1305
853		41307		2251274		1308
854		41307		2253896		1308
855		41307		2256534		1307
856		41307		2259159		1301
857		41305		2261795		1305
858		41304		2264439		1306
859		41304		2267067		1308
860		41304		2269706		1307
861		41306		2272332		1304
862		41304		2274958		1304
863		41304		2277597		1304
864		41304		2280214		1304
865		41304		2282838		1304
866		41304		2285480		1304
867		41303		2288107		1304
868		41303		2290755		1302
869		41303		2293386		1304
870		41303		2296029		1306
871		41303		2298678		1308
872		41303		2301313		1307
873		41303		2303943		1308
874		41303		2306580		1308
875		41303		2309217		1308
876		41303		2311846		1310
877		41303		2314469		1310
878		41305		2317095		1307
879		41305		2319716		1306
880		41304		2322360		1308
881		41304		2324988		1308
882		41304		2327628		1308
883		41304		2330274		1310
884		41304		2332893		1309
885		41304		2335529		1309
886		41304		2338168		1309
887		41304		2340793		1309
888		41304		2343429		1309
889		41304		2346071		1309
890		41304		2348714		1311
891		41304		2351350		1308
892		41304		2353975		1308
893		41304		2356602		1308
894		41304		2359239		1308
895		41304		2361856		1308
896		41304		2364502		1308
897		41304		2367129		1306
898		41304		2369767		1306
899		41304		2372417		1306
900		41304		2375060		1308
901		41304		2377707		1308
902		41304		2380348		1308
903		41306		2382988		1307
904		41306		2385626		1305
905		41306		2388257		1305
906		41306		2390910		1308
907		41306		2393556		1305
908		41306		2396173		1302
909		41306		2398815		1303
910		41306		2401445		1301
911		41306		2404076		1301
912		41306		2406690		1301
913		41306		2409308		1299
914		41306		2411957		1299
915		41305		2414583		1300
916		41305		2417241		1301
917		41305		2419866		1302
918		41305		2422503		1303
919		41304		2425125		1300
920		41303		2427760		1304
921		41303		2430396		1302
922		41302		2433028		1301
923		41302		2435668		1300
924		41302		2438308		1299
925		41302		2440945		1299
926		41302		2443571		1299
927		41302		2446220		1299
928		41302		2448854		1300
929		41302		2451508		1301
930		41304		2454151		1300
931		41302		2456796		1302
932		41302		2459427		1303
933		41302		2462080		1304
934		41302		2464708		1304
935		41302		2467341		1304
936		41302		2469986		1303
937		41302		2472614		1304
938		41302		2475238		1304
939		41302		2477875		1304
940		41302		2480501		1301
941		41302		2483154		1301
942		41302		2485786		1301
943		41302		2488421		1303
944		41302		2491051		1301
945		41302		2493679		1303
946		41302		2496309		1301
947		41302		2498954		1301
948		41302		2501586		1301
949		41302		2504224		1297
950		41302		2506860		1297
951		41302		2509475		1295
952		41302		2512119		1295
953		41302		2514743		1295
954		41302		2517383		1295
955		41302		2520035		1295
956		41302		2522673		1295
957		41302		2525312		1298
958		41303		2527934		1296
959		41306		2530567		1296
960		41302		2533198		1297
961		41302		2535814		1297
962		41304		2538454		1298
963		41304		2541092		1299
964		41302		2543725		1300
965		41302		2546360		1300
966		41302		2548983		1300
967		41302		2551606		1301
968		41304		2554244		1300
969		41304		2556884		1300
970		41304		2559528		1299
971		41302		2562163		1296
972		41302		2564798		1291
973		41302		2567429		1291
974		41302		2570061		1292
975		41302		2572696		1295
976		41302		2575329		1296
977		41302		2577967		1296
978		41302		2580601		1299
979		41307		2583228		1301
980		41307		2585857		1302
981		41307		2588491		1304
982		41309		2591148		1303
983		41308		2593782		1302
984		41308		2596410		1302
985		41308		2599031		1302
986		41308		2601654		1302
987		41308		2604277		1301
988		41308		2606928		1301
989		41308		2609553		1301
990		41308		2612196		1301
991		41308		2614835		1301
992		41308		2617471		1303
993		41308		2620123		1305
994		41308		2622732		1303
995		41308		2625377		1301
996		41308		2628016		1300
997		41308		2630646		1300
998		41308		2633275		1302
999		41308		2635902		1302
