# Migration is number of nodes that have changed color.

Round		Edge-Cut		Swaps		Migrations		Skipped
0		59645		2276		1045
1		51907		4305		1231
2		48158		6057		1273
3		46124		7565		1303
4		44736		8861		1305
5		43774		9821		1302
6		43151		10510		1298
7		42842		11015		1307
8		42543		11322		1320
9		42266		11518		1316
10		42112		11656		1314
11		41941		11767		1307
12		41840		11836		1288
13		41822		11868		1285
14		41746		11892		1290
15		41715		11921		1289
16		41688		11945		1286
17		41691		11963		1286
18		41669		11994		1293
19		41671		12020		1284
20		41651		12036		1285
21		41641		12049		1286
22		41586		12063		1289
23		41567		12073		1288
24		41549		12085		1291
25		41544		12089		1290
26		41535		12098		1286
27		41533		12103		1291
28		41530		12107		1293
29		41523		12112		1288
30		41519		12116		1289
31		41503		12129		1285
32		41506		12131		1286
33		41513		12136		1288
34		41474		12143		1287
35		41467		12150		1288
36		41455		12155		1288
37		41452		12157		1287
38		41452		12158		1288
39		41444		12161		1288
40		41443		12162		1288
41		41412		12164		1286
42		41412		12164		1286
43		41400		12165		1286
44		41398		12168		1284
45		41389		12169		1284
46		41390		12173		1284
47		41390		12173		1284
48		41390		12173		1284
49		41391		12175		1284
50		41381		12181		1284
51		41380		12187		1287
52		41375		12191		1286
53		41352		12205		1287
54		41353		12214		1285
55		41352		12216		1282
56		41349		12218		1281
57		41359		12220		1281
58		41359		12223		1281
59		41360		12226		1281
60		41380		12230		1282
61		41372		12236		1283
62		41364		12241		1281
63		41363		12249		1285
64		41359		12252		1287
65		41358		12253		1288
66		41357		12254		1287
67		41357		12254		1287
68		41356		12255		1288
69		41356		12255		1288
70		41356		12255		1288
71		41356		12255		1288
72		41356		12255		1288
73		41356		12255		1288
74		41356		12255		1288
75		41331		12258		1286
76		41331		12258		1286
77		41331		12258		1286
78		41331		12258		1286
79		41331		12258		1286
80		41333		12259		1284
81		41333		12259		1284
82		41333		12259		1284
83		41333		12259		1284
84		41333		12259		1284
85		41333		12259		1284
86		41331		12260		1284
87		41331		12260		1284
88		41331		12260		1284
89		41331		12260		1284
90		41331		12260		1284
91		41331		12260		1284
92		41331		12260		1284
93		41331		12260		1284
94		41331		12260		1284
95		41331		12260		1284
96		41331		12260		1284
97		41331		12260		1284
98		41331		12260		1284
99		41331		12260		1284
100		41331		12260		1284
101		41336		12263		1286
102		41335		12265		1284
103		41333		12266		1284
104		41333		12269		1288
105		41330		12271		1287
106		41331		12272		1285
107		41329		12274		1285
108		41330		12275		1287
109		41330		12276		1285
110		41329		12277		1287
111		41328		12278		1286
112		41328		12278		1286
113		41328		12278		1286
114		41327		12279		1286
115		41327		12279		1286
116		41327		12279		1286
117		41328		12280		1285
118		41328		12280		1285
119		41328		12280		1285
120		41328		12280		1285
121		41328		12280		1285
122		41328		12280		1285
123		41326		12281		1285
124		41326		12281		1285
125		41326		12281		1285
126		41326		12281		1285
127		41326		12281		1285
128		41326		12281		1285
129		41326		12281		1285
130		41326		12281		1285
131		41326		12281		1285
132		41326		12281		1285
133		41326		12281		1285
134		41326		12281		1285
135		41323		12283		1285
136		41320		12285		1285
137		41320		12286		1285
138		41320		12287		1285
139		41323		12289		1286
140		41323		12289		1286
141		41322		12292		1287
142		41322		12293		1288
143		41322		12293		1288
144		41322		12293		1288
145		41322		12293		1288
146		41322		12294		1287
147		41322		12294		1287
148		41322		12294		1287
149		41322		12295		1288
150		41322		12295		1288
151		41322		12295		1288
152		41322		12295		1288
153		41322		12295		1288
154		41322		12295		1288
155		41322		12295		1288
156		41322		12295		1288
157		41322		12295		1288
158		41322		12295		1288
159		41322		12295		1288
160		41322		12295		1288
161		41322		12295		1288
162		41322		12295		1288
163		41322		12295		1288
164		41322		12295		1288
165		41322		12295		1288
166		41322		12295		1288
167		41323		12296		1287
168		41322		12297		1287
169		41322		12297		1287
170		41322		12297		1287
171		41322		12297		1287
172		41322		12297		1287
173		41324		12298		1287
174		41324		12298		1287
175		41324		12298		1287
176		41324		12298		1287
177		41324		12298		1287
178		41324		12298		1287
179		41324		12298		1287
180		41324		12298		1287
181		41324		12298		1287
182		41324		12298		1287
183		41324		12298		1287
184		41328		12299		1287
185		41328		12299		1287
186		41328		12299		1287
187		41328		12300		1288
188		41328		12300		1288
189		41328		12300		1288
190		41328		12300		1288
191		41325		12301		1288
192		41325		12301		1288
193		41325		12301		1288
194		41325		12301		1288
195		41325		12301		1288
196		41325		12301		1288
197		41325		12301		1288
198		41325		12301		1288
199		41325		12301		1288
200		41325		12301		1288
201		41325		12301		1288
202		41325		12301		1288
203		41325		12301		1288
204		41325		12301		1288
205		41325		12301		1288
206		41325		12301		1288
207		41325		12301		1288
208		41325		12301		1288
209		41325		12301		1288
210		41325		12301		1288
211		41325		12301		1288
212		41325		12301		1288
213		41325		12301		1288
214		41324		12302		1287
215		41324		12302		1287
216		41324		12302		1287
217		41324		12302		1287
218		41324		12302		1287
219		41324		12302		1287
220		41324		12302		1287
221		41324		12302		1287
222		41324		12302		1287
223		41324		12302		1287
224		41324		12302		1287
225		41324		12302		1287
226		41324		12302		1287
227		41324		12302		1287
228		41324		12302		1287
229		41324		12302		1287
230		41324		12302		1287
231		41324		12302		1287
232		41324		12302		1287
233		41324		12302		1287
234		41321		12303		1286
235		41321		12303		1286
236		41320		12304		1286
237		41320		12304		1286
238		41320		12304		1286
239		41320		12304		1286
240		41320		12304		1286
241		41320		12304		1286
242		41320		12304		1286
243		41320		12304		1286
244		41320		12304		1286
245		41320		12304		1286
246		41320		12304		1286
247		41320		12304		1286
248		41320		12304		1286
249		41320		12304		1286
250		41320		12304		1286
251		41320		12304		1286
252		41320		12304		1286
253		41320		12304		1286
254		41320		12304		1286
255		41320		12304		1286
256		41320		12304		1286
257		41320		12304		1286
258		41320		12304		1286
259		41320		12304		1286
260		41320		12304		1286
261		41320		12304		1286
262		41320		12304		1286
263		41320		12304		1286
264		41320		12304		1286
265		41320		12304		1286
266		41320		12304		1286
267		41320		12304		1286
268		41320		12304		1286
269		41320		12304		1286
270		41320		12304		1286
271		41320		12304		1286
272		41320		12304		1286
273		41320		12304		1286
274		41320		12304		1286
275		41320		12304		1286
276		41320		12304		1286
277		41320		12304		1286
278		41320		12304		1286
279		41320		12304		1286
280		41320		12304		1286
281		41320		12304		1286
282		41320		12304		1286
283		41320		12304		1286
284		41320		12304		1286
285		41320		12304		1286
286		41320		12304		1286
287		41320		12304		1286
288		41320		12304		1286
289		41320		12304		1286
290		41320		12304		1286
291		41320		12304		1286
292		41320		12304		1286
293		41320		12304		1286
294		41320		12304		1286
295		41320		12304		1286
296		41320		12304		1286
297		41320		12304		1286
298		41320		12304		1286
299		41320		12304		1286
300		41320		12304		1286
301		41320		12304		1286
302		41320		12304		1286
303		41320		12304		1286
304		41320		12304		1286
305		41320		12304		1286
306		41320		12304		1286
307		41320		12304		1286
308		41320		12304		1286
309		41320		12304		1286
310		41320		12304		1286
311		41320		12304		1286
312		41320		12304		1286
313		41320		12304		1286
314		41320		12304		1286
315		41320		12304		1286
316		41320		12304		1286
317		41320		12304		1286
318		41320		12304		1286
319		41320		12304		1286
320		41320		12304		1286
321		41320		12304		1286
322		41320		12304		1286
323		41320		12304		1286
324		41320		12304		1286
325		41320		12304		1286
326		41320		12304		1286
327		41320		12304		1286
328		41320		12304		1286
329		41320		12304		1286
330		41320		12304		1286
331		41320		12304		1286
332		41320		12304		1286
333		41320		12304		1286
334		41320		12304		1286
335		41320		12304		1286
336		41320		12304		1286
337		41320		12304		1286
338		41320		12304		1286
339		41320		12304		1286
340		41320		12304		1286
341		41320		12304		1286
342		41320		12304		1286
343		41320		12304		1286
344		41320		12304		1286
345		41320		12304		1286
346		41320		12304		1286
347		41320		12304		1286
348		41320		12304		1286
349		41320		12304		1286
350		41320		12304		1286
351		41320		12304		1286
352		41320		12304		1286
353		41320		12304		1286
354		41320		12304		1286
355		41320		12304		1286
356		41320		12304		1286
357		41320		12304		1286
358		41320		12304		1286
359		41320		12304		1286
360		41320		12304		1286
361		41320		12304		1286
362		41320		12304		1286
363		41320		12304		1286
364		41320		12304		1286
365		41320		12304		1286
366		41320		12304		1286
367		41320		12304		1286
368		41320		12304		1286
369		41320		12304		1286
370		41320		12304		1286
371		41320		12304		1286
372		41320		12304		1286
373		41320		12304		1286
374		41320		12304		1286
375		41320		12304		1286
376		41320		12304		1286
377		41320		12304		1286
378		41320		12304		1286
379		41320		12304		1286
380		41320		12304		1286
381		41320		12304		1286
382		41320		12304		1286
383		41320		12304		1286
384		41320		12304		1286
385		41320		12304		1286
386		41320		12304		1286
387		41320		12304		1286
388		41320		12304		1286
389		41320		12304		1286
390		41320		12304		1286
391		41320		12304		1286
392		41320		12304		1286
393		41320		12304		1286
394		41320		12304		1286
395		41320		12304		1286
396		41320		12304		1286
397		41320		12304		1286
398		41320		12304		1286
399		41320		12304		1286
400		41320		12304		1286
401		41320		12304		1286
402		41320		12304		1286
403		41320		12304		1286
404		41320		12304		1286
405		41320		12304		1286
406		41320		12304		1286
407		41320		12304		1286
408		41320		12304		1286
409		41320		12304		1286
410		41320		12304		1286
411		41320		12304		1286
412		41320		12304		1286
413		41320		12304		1286
414		41320		12304		1286
415		41320		12304		1286
416		41320		12304		1286
417		41320		12304		1286
418		41320		12304		1286
419		41320		12304		1286
420		41320		12304		1286
421		41320		12304		1286
422		41320		12304		1286
423		41320		12304		1286
424		41320		12304		1286
425		41319		12305		1286
426		41320		12306		1288
427		41320		12306		1288
428		41320		12306		1288
429		41319		12307		1286
430		41320		12308		1288
431		41320		12308		1288
432		41319		12309		1286
433		41319		12310		1288
434		41319		12310		1288
435		41318		12311		1286
436		41318		12311		1286
437		41318		12311		1286
438		41318		12311		1286
439		41318		12311		1286
440		41318		12311		1286
441		41318		12311		1286
442		41318		12311		1286
443		41318		12311		1286
444		41317		12312		1284
445		41317		12312		1284
446		41317		12312		1284
447		41317		12312		1284
448		41317		12312		1284
449		41317		12312		1284
450		41317		12312		1284
451		41317		12312		1284
452		41317		12312		1284
453		41317		12312		1284
454		41317		12312		1284
455		41317		12312		1284
456		41317		12312		1284
457		41317		12312		1284
458		41317		12312		1284
459		41317		12312		1284
460		41317		12312		1284
461		41317		12312		1284
462		41317		12312		1284
463		41317		12312		1284
464		41317		12312		1284
465		41317		12312		1284
466		41317		12312		1284
467		41317		12312		1284
468		41317		12312		1284
469		41317		12312		1284
470		41317		12312		1284
471		41317		12312		1284
472		41317		12312		1284
473		41317		12312		1284
474		41317		12312		1284
475		41317		12312		1284
476		41317		12312		1284
477		41317		12312		1284
478		41317		12312		1284
479		41317		12312		1284
480		41317		12312		1284
481		41317		12312		1284
482		41317		12312		1284
483		41317		12312		1284
484		41317		12312		1284
485		41317		12312		1284
486		41317		12312		1284
487		41317		12312		1284
488		41317		12312		1284
489		41317		12312		1284
490		41317		12312		1284
491		41317		12312		1284
492		41317		12312		1284
493		41317		12312		1284
494		41317		12312		1284
495		41317		12312		1284
496		41317		12312		1284
497		41317		12312		1284
498		41317		12312		1284
499		41317		12312		1284
500		41317		12312		1284
501		41317		12312		1284
502		41317		12312		1284
503		41317		12312		1284
504		41317		12312		1284
505		41317		12312		1284
506		41317		12312		1284
507		41317		12312		1284
508		41317		12312		1284
509		41317		12312		1284
510		41317		12312		1284
511		41317		12312		1284
512		41317		12312		1284
513		41317		12312		1284
514		41317		12312		1284
515		41317		12312		1284
516		41317		12312		1284
517		41317		12312		1284
518		41317		12312		1284
519		41317		12312		1284
520		41317		12312		1284
521		41317		12312		1284
522		41317		12312		1284
523		41317		12312		1284
524		41317		12312		1284
525		41317		12312		1284
526		41317		12312		1284
527		41317		12312		1284
528		41317		12312		1284
529		41317		12312		1284
530		41317		12312		1284
531		41317		12312		1284
532		41317		12312		1284
533		41317		12312		1284
534		41317		12312		1284
535		41317		12312		1284
536		41317		12312		1284
537		41317		12312		1284
538		41317		12312		1284
539		41317		12312		1284
540		41317		12312		1284
541		41317		12312		1284
542		41317		12312		1284
543		41317		12312		1284
544		41317		12312		1284
545		41317		12312		1284
546		41317		12312		1284
547		41317		12312		1284
548		41317		12312		1284
549		41317		12312		1284
550		41317		12312		1284
551		41317		12312		1284
552		41317		12312		1284
553		41317		12312		1284
554		41317		12312		1284
555		41317		12312		1284
556		41317		12312		1284
557		41317		12312		1284
558		41317		12312		1284
559		41317		12312		1284
560		41317		12312		1284
561		41317		12312		1284
562		41317		12312		1284
563		41317		12312		1284
564		41317		12312		1284
565		41317		12312		1284
566		41317		12312		1284
567		41317		12312		1284
568		41317		12312		1284
569		41317		12312		1284
570		41317		12312		1284
571		41317		12312		1284
572		41317		12312		1284
573		41317		12312		1284
574		41317		12312		1284
575		41317		12312		1284
576		41317		12312		1284
577		41317		12312		1284
578		41317		12312		1284
579		41317		12312		1284
580		41317		12312		1284
581		41317		12312		1284
582		41317		12312		1284
583		41317		12312		1284
584		41317		12312		1284
585		41317		12312		1284
586		41317		12312		1284
587		41317		12312		1284
588		41317		12312		1284
589		41317		12312		1284
590		41317		12312		1284
591		41317		12312		1284
592		41317		12312		1284
593		41317		12312		1284
594		41317		12312		1284
595		41317		12312		1284
596		41317		12312		1284
597		41317		12312		1284
598		41317		12312		1284
599		41317		12312		1284
600		41317		12312		1284
601		41317		12312		1284
602		41317		12312		1284
603		41317		12312		1284
604		41317		12312		1284
605		41317		12312		1284
606		41317		12312		1284
607		41317		12312		1284
608		41317		12312		1284
609		41317		12312		1284
610		41317		12312		1284
611		41317		12312		1284
612		41317		12312		1284
613		41317		12312		1284
614		41317		12312		1284
615		41317		12312		1284
616		41317		12312		1284
617		41317		12312		1284
618		41317		12312		1284
619		41317		12312		1284
620		41317		12312		1284
621		41317		12312		1284
622		41317		12312		1284
623		41317		12312		1284
624		41317		12312		1284
625		41317		12312		1284
626		41317		12312		1284
627		41317		12312		1284
628		41317		12312		1284
629		41317		12312		1284
630		41317		12312		1284
631		41317		12312		1284
632		41317		12312		1284
633		41317		12312		1284
634		41317		12312		1284
635		41317		12312		1284
636		41317		12312		1284
637		41317		12312		1284
638		41317		12312		1284
639		41317		12312		1284
640		41317		12312		1284
641		41317		12312		1284
642		41317		12312		1284
643		41317		12312		1284
644		41317		12312		1284
645		41317		12312		1284
646		41317		12312		1284
647		41317		12312		1284
648		41317		12312		1284
649		41317		12312		1284
650		41317		12312		1284
651		41317		12312		1284
652		41317		12312		1284
653		41317		12312		1284
654		41317		12312		1284
655		41317		12312		1284
656		41317		12312		1284
657		41317		12312		1284
658		41317		12312		1284
659		41317		12312		1284
660		41317		12312		1284
661		41317		12312		1284
662		41317		12312		1284
663		41317		12312		1284
664		41317		12312		1284
665		41317		12312		1284
666		41317		12312		1284
667		41317		12312		1284
668		41317		12312		1284
669		41317		12312		1284
670		41317		12312		1284
671		41317		12312		1284
672		41317		12312		1284
673		41317		12312		1284
674		41317		12312		1284
675		41317		12312		1284
676		41317		12312		1284
677		41317		12312		1284
678		41317		12312		1284
679		41317		12312		1284
680		41317		12312		1284
681		41317		12312		1284
682		41317		12312		1284
683		41317		12312		1284
684		41317		12312		1284
685		41317		12312		1284
686		41317		12312		1284
687		41317		12312		1284
688		41317		12312		1284
689		41317		12312		1284
690		41317		12312		1284
691		41317		12312		1284
692		41317		12312		1284
693		41317		12312		1284
694		41317		12312		1284
695		41317		12312		1284
696		41317		12312		1284
697		41317		12312		1284
698		41317		12312		1284
699		41317		12312		1284
700		41317		12312		1284
701		41317		12312		1284
702		41317		12312		1284
703		41317		12312		1284
704		41317		12312		1284
705		41317		12312		1284
706		41317		12312		1284
707		41317		12312		1284
708		41317		12312		1284
709		41317		12312		1284
710		41317		12312		1284
711		41317		12312		1284
712		41317		12312		1284
713		41317		12312		1284
714		41317		12312		1284
715		41317		12312		1284
716		41317		12312		1284
717		41317		12312		1284
718		41317		12312		1284
719		41317		12312		1284
720		41317		12312		1284
721		41317		12312		1284
722		41317		12312		1284
723		41317		12312		1284
724		41317		12312		1284
725		41317		12312		1284
726		41317		12312		1284
727		41317		12312		1284
728		41317		12312		1284
729		41317		12312		1284
730		41317		12312		1284
731		41317		12312		1284
732		41317		12312		1284
733		41317		12312		1284
734		41317		12312		1284
735		41317		12312		1284
736		41317		12312		1284
737		41317		12312		1284
738		41317		12312		1284
739		41317		12312		1284
740		41317		12312		1284
741		41317		12312		1284
742		41317		12312		1284
743		41317		12312		1284
744		41317		12312		1284
745		41317		12312		1284
746		41317		12312		1284
747		41317		12312		1284
748		41317		12312		1284
749		41317		12312		1284
750		41317		12312		1284
751		41317		12312		1284
752		41317		12312		1284
753		41317		12312		1284
754		41317		12312		1284
755		41317		12312		1284
756		41317		12312		1284
757		41317		12312		1284
758		41317		12312		1284
759		41317		12312		1284
760		41317		12312		1284
761		41317		12312		1284
762		41317		12312		1284
763		41317		12312		1284
764		41317		12312		1284
765		41317		12312		1284
766		41317		12312		1284
767		41317		12312		1284
768		41317		12312		1284
769		41317		12312		1284
770		41317		12312		1284
771		41317		12312		1284
772		41317		12312		1284
773		41317		12312		1284
774		41317		12312		1284
775		41317		12312		1284
776		41317		12312		1284
777		41317		12312		1284
778		41317		12312		1284
779		41317		12312		1284
780		41317		12312		1284
781		41317		12312		1284
782		41317		12312		1284
783		41317		12312		1284
784		41317		12312		1284
785		41317		12312		1284
786		41317		12312		1284
787		41317		12312		1284
788		41317		12312		1284
789		41317		12312		1284
790		41317		12312		1284
791		41317		12312		1284
792		41317		12312		1284
793		41317		12312		1284
794		41317		12312		1284
795		41317		12312		1284
796		41317		12312		1284
797		41317		12312		1284
798		41317		12312		1284
799		41317		12312		1284
800		41317		12312		1284
801		41317		12312		1284
802		41317		12312		1284
803		41317		12312		1284
804		41317		12312		1284
805		41317		12312		1284
806		41317		12312		1284
807		41317		12312		1284
808		41317		12312		1284
809		41317		12312		1284
810		41317		12312		1284
811		41317		12312		1284
812		41317		12312		1284
813		41317		12312		1284
814		41317		12312		1284
815		41317		12312		1284
816		41317		12312		1284
817		41317		12312		1284
818		41317		12312		1284
819		41317		12312		1284
820		41317		12312		1284
821		41317		12312		1284
822		41317		12312		1284
823		41317		12312		1284
824		41317		12312		1284
825		41317		12312		1284
826		41317		12312		1284
827		41317		12312		1284
828		41317		12312		1284
829		41317		12312		1284
830		41317		12312		1284
831		41317		12312		1284
832		41317		12312		1284
833		41317		12312		1284
834		41317		12312		1284
835		41317		12312		1284
836		41317		12312		1284
837		41317		12312		1284
838		41317		12312		1284
839		41317		12312		1284
840		41317		12312		1284
841		41317		12312		1284
842		41317		12312		1284
843		41317		12312		1284
844		41317		12312		1284
845		41317		12312		1284
846		41317		12312		1284
847		41317		12312		1284
848		41317		12312		1284
849		41317		12312		1284
850		41317		12312		1284
851		41317		12312		1284
852		41317		12312		1284
853		41317		12312		1284
854		41317		12312		1284
855		41317		12312		1284
856		41317		12312		1284
857		41317		12312		1284
858		41317		12312		1284
859		41317		12312		1284
860		41317		12312		1284
861		41317		12312		1284
862		41317		12312		1284
863		41317		12312		1284
864		41317		12312		1284
865		41317		12312		1284
866		41317		12312		1284
867		41317		12312		1284
868		41317		12312		1284
869		41317		12312		1284
870		41317		12312		1284
871		41317		12312		1284
872		41317		12312		1284
873		41317		12312		1284
874		41317		12312		1284
875		41317		12312		1284
876		41317		12312		1284
877		41317		12312		1284
878		41317		12312		1284
879		41317		12312		1284
880		41317		12312		1284
881		41317		12312		1284
882		41317		12312		1284
883		41317		12312		1284
884		41317		12312		1284
885		41317		12312		1284
886		41317		12312		1284
887		41317		12312		1284
888		41317		12312		1284
889		41317		12312		1284
890		41317		12312		1284
891		41317		12312		1284
892		41317		12312		1284
893		41317		12312		1284
894		41317		12312		1284
895		41317		12312		1284
896		41317		12312		1284
897		41317		12312		1284
898		41317		12312		1284
899		41317		12312		1284
900		41317		12312		1284
901		41317		12312		1284
902		41317		12312		1284
903		41317		12312		1284
904		41317		12312		1284
905		41317		12312		1284
906		41317		12312		1284
907		41317		12312		1284
908		41317		12312		1284
909		41317		12312		1284
910		41317		12312		1284
911		41317		12312		1284
912		41317		12312		1284
913		41317		12312		1284
914		41317		12312		1284
915		41317		12312		1284
916		41317		12312		1284
917		41317		12312		1284
918		41317		12312		1284
919		41317		12312		1284
920		41317		12312		1284
921		41317		12312		1284
922		41317		12312		1284
923		41317		12312		1284
924		41317		12312		1284
925		41317		12312		1284
926		41317		12312		1284
927		41317		12312		1284
928		41317		12312		1284
929		41317		12312		1284
930		41317		12312		1284
931		41317		12312		1284
932		41317		12312		1284
933		41317		12312		1284
934		41317		12312		1284
935		41317		12312		1284
936		41317		12312		1284
937		41317		12312		1284
938		41317		12312		1284
939		41317		12312		1284
940		41317		12312		1284
941		41317		12312		1284
942		41317		12312		1284
943		41317		12312		1284
944		41317		12312		1284
945		41317		12312		1284
946		41317		12312		1284
947		41317		12312		1284
948		41317		12312		1284
949		41317		12312		1284
950		41317		12312		1284
951		41317		12312		1284
952		41317		12312		1284
953		41317		12312		1284
954		41317		12312		1284
955		41317		12312		1284
956		41317		12312		1284
957		41317		12312		1284
958		41317		12312		1284
959		41317		12312		1284
960		41317		12312		1284
961		41317		12312		1284
962		41317		12312		1284
963		41317		12312		1284
964		41317		12312		1284
965		41317		12312		1284
966		41317		12312		1284
967		41317		12312		1284
968		41317		12312		1284
969		41317		12312		1284
970		41317		12312		1284
971		41317		12312		1284
972		41317		12312		1284
973		41317		12312		1284
974		41317		12312		1284
975		41317		12312		1284
976		41317		12312		1284
977		41317		12312		1284
978		41317		12312		1284
979		41317		12312		1284
980		41317		12312		1284
981		41317		12312		1284
982		41317		12312		1284
983		41317		12312		1284
984		41317		12312		1284
985		41317		12312		1284
986		41317		12312		1284
987		41317		12312		1284
988		41317		12312		1284
989		41317		12312		1284
990		41317		12312		1284
991		41317		12312		1284
992		41317		12312		1284
993		41317		12312		1284
994		41317		12312		1284
995		41317		12312		1284
996		41317		12312		1284
997		41317		12312		1284
998		41317		12312		1284
999		41317		12312		1284
