# Migration is number of nodes that have changed color.

Round		Edge-Cut		Swaps		Migrations		Skipped
0		106656		2720		1591
1		86256		5432		1843
2		71487		8123		1945
3		63176		10798		1976
4		56951		13486		2022
5		52701		16151		2016
6		49727		18814		2022
7		47589		21480		2024
8		45987		24140		2014
9		44852		26792		2018
10		44377		29442		2025
11		44064		32091		2034
12		43584		34730		2028
13		43288		37373		2027
14		43007		40009		2030
15		42719		42658		2030
16		42620		45290		2042
17		42424		47926		2050
18		42216		50575		2054
19		42077		53210		2046
20		41959		55862		2039
21		41888		58497		2032
22		41870		61125		2033
23		41817		63761		2034
24		41747		66416		2041
25		41739		69059		2036
26		41734		71713		2033
27		41707		74366		2038
28		41644		77012		2039
29		41613		79656		2035
30		41560		82298		2040
31		41536		84944		2039
32		41526		87579		2041
33		41525		90206		2040
34		41527		92838		2042
35		41524		95477		2042
36		41470		98106		2040
37		41463		100759		2039
38		41479		103400		2049
39		41485		106042		2050
40		41485		108682		2051
41		41480		111307		2050
42		41480		113956		2047
43		41507		116599		2049
44		41477		119244		2045
45		41464		121894		2040
46		41440		124535		2040
47		41392		127177		2036
48		41394		129819		2042
49		41394		132465		2042
50		41368		135095		2041
51		41377		137739		2041
52		41350		140375		2045
53		41351		143020		2046
54		41356		145669		2046
55		41350		148302		2047
56		41345		150937		2050
57		41337		153580		2046
58		41340		156221		2044
59		41332		158861		2042
60		41335		161513		2036
61		41331		164174		2039
62		41324		166790		2038
63		41303		169429		2042
64		41303		172075		2035
65		41296		174707		2041
66		41283		177335		2033
67		41265		179988		2040
68		41266		182646		2041
69		41257		185284		2040
70		41250		187943		2040
71		41246		190588		2042
72		41248		193222		2043
73		41248		195860		2048
74		41245		198504		2047
75		41229		201143		2044
76		41224		203781		2043
77		41227		206411		2040
78		41217		209062		2043
79		41204		211685		2038
80		41207		214332		2041
81		41205		216991		2038
82		41228		219644		2046
83		41231		222293		2048
84		41230		224930		2053
85		41230		227570		2054
86		41224		230210		2055
87		41219		232860		2045
88		41274		235497		2049
89		41271		238121		2049
90		41276		240757		2050
91		41280		243403		2048
92		41275		246065		2046
93		41256		248690		2046
94		41255		251321		2049
95		41257		253958		2051
96		41253		256601		2052
97		41246		259238		2053
98		41241		261878		2051
99		41240		264512		2048
100		41239		267159		2051
101		41237		269815		2051
102		41232		272450		2048
103		41231		275086		2050
104		41232		277717		2049
105		41226		280344		2054
106		41225		282986		2055
107		41226		285634		2055
108		41224		288285		2056
109		41225		290934		2052
110		41222		293561		2050
111		41224		296198		2051
112		41229		298843		2054
113		41232		301479		2054
114		41223		304114		2049
115		41224		306746		2049
116		41222		309391		2047
117		41222		312032		2048
118		41222		314679		2048
119		41222		317310		2047
120		41221		319946		2049
121		41221		322581		2049
122		41222		325228		2051
123		41222		327869		2054
124		41225		330515		2050
125		41225		333168		2048
126		41223		335798		2049
127		41224		338441		2050
128		41222		341093		2053
129		41224		343739		2050
130		41227		346388		2054
131		41224		349032		2052
132		41225		351649		2053
133		41221		354291		2059
134		41222		356927		2057
135		41224		359564		2056
136		41226		362210		2056
137		41223		364839		2051
138		41225		367482		2054
139		41226		370126		2053
140		41220		372764		2058
141		41224		375387		2057
142		41226		378032		2058
143		41176		380675		2058
144		41174		383310		2059
145		41171		385950		2060
146		41171		388572		2060
147		41172		391212		2060
148		41173		393846		2058
149		41178		396493		2056
150		41178		399132		2060
151		41174		401780		2054
152		41179		404408		2050
153		41177		407048		2053
154		41174		409689		2056
155		41172		412333		2058
156		41174		414947		2055
157		41172		417583		2056
158		41173		420228		2055
159		41171		422869		2054
160		41169		425504		2056
161		41170		428152		2056
162		41173		430787		2055
163		41167		433419		2055
164		41168		436058		2052
165		41170		438704		2050
166		41163		441351		2051
167		41165		443984		2050
168		41165		446629		2050
169		41162		449270		2051
170		41163		451899		2050
171		41167		454542		2053
172		41167		457175		2053
173		41171		459817		2051
174		41174		462461		2054
175		41171		465093		2055
176		41167		467739		2048
177		41168		470377		2049
178		41171		473033		2049
179		41163		475683		2051
180		41162		478312		2054
181		41156		480936		2054
182		41159		483569		2051
183		41158		486211		2049
184		41158		488850		2049
185		41158		491486		2048
186		41157		494145		2048
187		41155		496787		2047
188		41156		499426		2046
189		41157		502064		2050
190		41156		504708		2050
191		41153		507349		2051
192		41153		509987		2051
193		41154		512615		2051
194		41156		515247		2052
195		41155		517887		2053
196		41152		520524		2051
197		41154		523170		2046
198		41155		525803		2051
199		41156		528456		2048
200		41155		531097		2048
201		41159		533731		2047
202		41164		536381		2052
203		41162		539025		2045
204		41169		541675		2049
205		41168		544307		2048
206		41164		546939		2046
207		41164		549574		2046
208		41165		552215		2048
209		41168		554876		2049
210		41170		557515		2047
211		41166		560149		2045
212		41162		562797		2045
213		41164		565445		2042
214		41172		568088		2040
215		41166		570736		2046
216		41166		573382		2045
217		41166		576023		2045
218		41169		578667		2045
219		41166		581312		2048
220		41161		583948		2048
221		41160		586586		2046
222		41158		589222		2047
223		41157		591870		2048
224		41154		594515		2046
225		41154		597157		2046
226		41156		599786		2047
227		41157		602424		2047
228		41155		605070		2047
229		41155		607719		2046
230		41158		610347		2045
231		41154		612995		2046
232		41156		615639		2043
233		41156		618280		2047
234		41155		620926		2044
235		41157		623570		2048
236		41156		626214		2048
237		41157		628865		2048
238		41155		631521		2046
239		41156		634138		2049
240		41161		636774		2053
241		41157		639428		2051
242		41158		642062		2049
243		41156		644709		2050
244		41158		647357		2049
245		41158		649995		2052
246		41160		652641		2053
247		41162		655266		2056
248		41157		657899		2054
249		41156		660537		2055
250		41157		663189		2053
251		41155		665838		2053
252		41156		668473		2054
253		41155		671126		2055
254		41155		673779		2054
255		41157		676419		2054
256		41157		679059		2053
257		41157		681710		2051
258		41157		684351		2050
259		41162		686986		2044
260		41161		689634		2043
261		41158		692278		2046
262		41160		694929		2046
263		41163		697570		2048
264		41163		700202		2048
265		41155		702848		2052
266		41159		705485		2058
267		41161		708126		2054
268		41158		710768		2053
269		41160		713410		2054
270		41159		716038		2049
271		41159		718682		2053
272		41160		721312		2048
273		41158		723948		2050
274		41160		726588		2052
275		41163		729221		2048
276		41167		731853		2044
277		41169		734490		2045
278		41167		737137		2042
279		41166		739779		2041
280		41165		742421		2043
281		41168		745053		2045
282		41165		747702		2044
283		41166		750336		2046
284		41164		752977		2044
285		41167		755623		2046
286		41169		758272		2044
287		41171		760906		2048
288		41172		763540		2050
289		41173		766191		2049
290		41171		768838		2048
291		41171		771474		2049
292		41169		774109		2048
293		41167		776746		2045
294		41167		779391		2046
295		41163		782030		2046
296		41164		784679		2046
297		41163		787325		2047
298		41163		789972		2048
299		41163		792615		2046
300		41163		795261		2050
301		41163		797901		2048
302		41163		800535		2049
303		41162		803186		2048
304		41162		805828		2046
305		41162		808464		2046
306		41162		811094		2046
307		41161		813731		2047
308		41163		816367		2047
309		41162		818988		2045
310		41162		821639		2046
311		41162		824288		2047
312		41163		826933		2049
313		41164		829580		2048
314		41164		832220		2047
315		41164		834861		2047
316		41165		837498		2047
317		41165		840148		2048
318		41162		842802		2048
319		41162		845443		2048
320		41160		848075		2047
321		41160		850705		2045
322		41158		853349		2045
323		41158		855988		2046
324		41158		858627		2045
325		41161		861270		2042
326		41160		863905		2046
327		41160		866553		2042
328		41164		869191		2044
329		41160		871832		2044
330		41159		874466		2045
331		41159		877116		2045
332		41160		879765		2048
333		41160		882400		2050
334		41160		885046		2050
335		41155		887693		2049
336		41154		890344		2049
337		41154		892972		2051
338		41154		895612		2053
339		41153		898243		2052
340		41155		900878		2049
341		41151		903535		2051
342		41151		906185		2053
343		41151		908826		2053
344		41149		911482		2053
345		41149		914131		2053
346		41149		916784		2054
347		41151		919433		2052
348		41151		922084		2052
349		41153		924727		2053
350		41150		927372		2053
351		41150		930022		2053
352		41150		932668		2053
353		41154		935295		2051
354		41153		937932		2049
355		41152		940569		2049
356		41152		943221		2048
357		41154		945847		2049
358		41204		948476		2051
359		41205		951107		2051
360		41205		953761		2052
361		41204		956407		2052
362		41209		959049		2045
363		41206		961682		2047
364		41203		964322		2046
365		41202		966969		2050
366		41202		969614		2050
367		41203		972280		2051
368		41205		974914		2051
369		41205		977553		2052
370		41205		980192		2053
371		41205		982840		2053
372		41204		985483		2047
373		41166		988131		2048
374		41167		990778		2052
375		41171		993410		2051
376		41168		996065		2053
377		41170		998714		2055
378		41171		1001359		2050
379		41174		1004000		2050
380		41175		1006640		2047
381		41178		1009268		2045
382		41173		1011909		2048
383		41175		1014548		2046
384		41175		1017190		2050
385		41176		1019807		2048
386		41176		1022455		2046
387		41177		1025084		2047
388		41177		1027721		2049
389		41177		1030361		2048
390		41174		1033005		2044
391		41174		1035647		2045
392		41174		1038279		2046
393		41176		1040926		2045
394		41178		1043576		2048
395		41173		1046211		2048
396		41173		1048867		2047
397		41174		1051494		2045
398		41173		1054134		2048
399		41172		1056774		2050
400		41171		1059409		2047
401		41172		1062075		2049
402		41173		1064717		2049
403		41174		1067352		2045
404		41174		1069985		2049
405		41174		1072612		2050
406		41171		1075253		2047
407		41169		1077871		2046
408		41170		1080519		2048
409		41170		1083152		2047
410		41171		1085788		2047
411		41170		1088437		2046
412		41167		1091078		2044
413		41170		1093710		2046
414		41168		1096356		2045
415		41170		1098993		2046
416		41173		1101621		2048
417		41170		1104249		2046
418		41172		1106874		2046
419		41169		1109501		2046
420		41169		1112149		2044
421		41168		1114783		2044
422		41172		1117432		2039
423		41167		1120076		2038
424		41168		1122724		2042
425		41167		1125370		2045
426		41169		1128011		2043
427		41168		1130664		2042
428		41168		1133291		2041
429		41167		1135944		2041
430		41167		1138596		2043
431		41173		1141241		2042
432		41172		1143877		2041
433		41170		1146521		2042
434		41172		1149164		2039
435		41169		1151812		2038
436		41169		1154445		2037
437		41170		1157073		2038
438		41172		1159715		2040
439		41172		1162357		2042
440		41172		1165006		2044
441		41174		1167658		2045
442		41174		1170286		2048
443		41171		1172932		2050
444		41170		1175564		2049
445		41170		1178206		2047
446		41168		1180840		2045
447		41168		1183482		2041
448		41171		1186139		2042
449		41171		1188780		2040
450		41173		1191426		2040
451		41173		1194060		2038
452		41171		1196706		2043
453		41170		1199364		2043
454		41168		1201995		2043
455		41170		1204648		2045
456		41168		1207279		2047
457		41173		1209926		2049
458		41175		1212566		2045
459		41176		1215203		2044
460		41171		1217841		2043
461		41164		1220457		2040
462		41164		1223091		2041
463		41160		1225728		2039
464		41159		1228385		2038
465		41160		1231044		2040
466		41162		1233690		2042
467		41161		1236343		2042
468		41161		1238987		2044
469		41159		1241635		2044
470		41161		1244277		2045
471		41159		1246937		2044
472		41157		1249564		2044
473		41157		1252203		2044
474		41158		1254843		2044
475		41159		1257478		2044
476		41157		1260113		2040
477		41158		1262756		2042
478		41158		1265390		2041
479		41160		1268026		2046
480		41160		1270667		2045
481		41156		1273311		2047
482		41157		1275960		2048
483		41156		1278616		2046
484		41156		1281252		2045
485		41157		1283896		2043
486		41156		1286542		2043
487		41156		1289191		2043
488		41156		1291823		2042
489		41155		1294464		2045
490		41154		1297104		2045
491		41154		1299753		2045
492		41156		1302396		2046
493		41162		1305052		2044
494		41159		1307701		2045
495		41160		1310340		2045
496		41159		1312976		2043
497		41159		1315611		2042
498		41158		1318248		2040
499		41158		1320895		2040
500		41158		1323532		2042
501		41160		1326178		2040
502		41160		1328826		2041
503		41161		1331455		2041
504		41161		1334101		2042
505		41165		1336742		2041
506		41164		1339365		2041
507		41166		1342010		2041
508		41165		1344653		2038
509		41161		1347295		2045
510		41164		1349941		2044
511		41164		1352560		2044
512		41162		1355203		2043
513		41162		1357841		2047
514		41160		1360499		2045
515		41154		1363157		2049
516		41156		1365798		2049
517		41154		1368427		2044
518		41152		1371070		2044
519		41152		1373712		2044
520		41157		1376360		2046
521		41155		1379001		2048
522		41157		1381647		2043
523		41154		1384275		2048
524		41153		1386910		2045
525		41155		1389555		2047
526		41154		1392195		2045
527		41155		1394837		2046
528		41153		1397496		2045
529		41153		1400140		2049
530		41151		1402783		2049
531		41153		1405414		2050
532		41155		1408064		2047
533		41154		1410706		2047
534		41154		1413360		2052
535		41155		1416016		2052
536		41154		1418655		2052
537		41154		1421297		2050
538		41154		1423936		2053
539		41153		1426579		2054
540		41153		1429225		2054
541		41152		1431859		2052
542		41152		1434511		2053
543		41153		1437150		2053
544		41152		1439794		2055
545		41153		1442434		2052
546		41154		1445078		2052
547		41154		1447718		2053
548		41153		1450366		2052
549		41151		1452998		2049
550		41151		1455633		2054
551		41151		1458285		2054
552		41153		1460922		2054
553		41150		1463557		2054
554		41150		1466209		2054
555		41152		1468853		2055
556		41152		1471496		2054
557		41153		1474131		2053
558		41152		1476771		2051
559		41151		1479420		2051
560		41155		1482043		2050
561		41153		1484677		2048
562		41153		1487325		2046
563		41150		1489965		2046
564		41152		1492609		2048
565		41151		1495249		2047
566		41152		1497888		2048
567		41152		1500534		2052
568		41152		1503178		2049
569		41153		1505820		2048
570		41150		1508450		2049
571		41149		1511102		2050
572		41150		1513731		2049
573		41150		1516373		2049
574		41150		1519027		2049
575		41151		1521657		2051
576		41151		1524289		2050
577		41147		1526930		2050
578		41147		1529578		2050
579		41147		1532232		2050
580		41146		1534879		2049
581		41146		1537511		2049
582		41147		1540158		2048
583		41147		1542771		2048
584		41147		1545421		2050
585		41146		1548060		2050
586		41147		1550710		2049
587		41146		1553345		2047
588		41146		1555991		2048
589		41147		1558617		2048
590		41147		1561260		2048
591		41147		1563891		2049
592		41149		1566523		2050
593		41148		1569172		2047
594		41150		1571812		2050
595		41150		1574449		2050
596		41151		1577087		2052
597		41153		1579716		2051
598		41153		1582347		2051
599		41153		1584996		2050
600		41153		1587642		2049
601		41155		1590285		2050
602		41155		1592940		2052
603		41157		1595575		2053
604		41155		1598209		2049
605		41153		1600863		2049
606		41154		1603499		2052
607		41154		1606142		2053
608		41154		1608780		2051
609		41153		1611422		2048
610		41156		1614070		2049
611		41156		1616680		2047
612		41156		1619323		2048
613		41153		1621968		2048
614		41157		1624614		2049
615		41159		1627252		2047
616		41156		1629905		2047
617		41156		1632559		2045
618		41155		1635187		2047
619		41156		1637814		2051
620		41153		1640452		2049
621		41153		1643087		2050
622		41153		1645747		2050
623		41153		1648383		2049
624		41153		1651027		2050
625		41154		1653676		2050
626		41155		1656319		2052
627		41153		1658958		2052
628		41154		1661591		2045
629		41156		1664225		2048
630		41158		1666858		2046
631		41155		1669497		2047
632		41156		1672124		2046
633		41155		1674748		2045
634		41155		1677390		2048
635		41153		1680024		2043
636		41154		1682663		2043
637		41155		1685288		2042
638		41153		1687915		2041
639		41152		1690557		2043
640		41152		1693195		2043
641		41151		1695842		2043
642		41151		1698485		2043
643		41149		1701122		2045
644		41149		1703746		2045
645		41149		1706380		2045
646		41149		1709003		2046
647		41149		1711625		2046
648		41149		1714260		2048
649		41149		1716900		2047
650		41149		1719532		2047
651		41150		1722162		2049
652		41150		1724802		2053
653		41152		1727443		2047
654		41152		1730089		2047
655		41148		1732728		2054
656		41148		1735379		2053
657		41147		1738027		2054
658		41147		1740661		2054
659		41148		1743290		2053
660		41149		1745938		2053
661		41150		1748585		2052
662		41150		1751226		2051
663		41150		1753855		2051
664		41150		1756504		2051
665		41149		1759129		2051
666		41150		1761768		2052
667		41149		1764399		2053
668		41151		1767036		2054
669		41151		1769675		2054
670		41151		1772326		2054
671		41150		1774959		2054
672		41150		1777637		2055
673		41151		1780281		2055
674		41151		1782926		2055
675		41150		1785577		2055
676		41149		1788212		2056
677		41149		1790848		2056
678		41149		1793478		2055
679		41151		1796100		2055
680		41149		1798747		2051
681		41149		1801390		2051
682		41148		1804035		2049
683		41148		1806685		2051
684		41148		1809321		2053
685		41148		1811959		2055
686		41149		1814603		2054
687		41148		1817254		2056
688		41149		1819906		2056
689		41149		1822556		2056
690		41148		1825183		2056
691		41148		1827825		2053
692		41147		1830459		2052
693		41149		1833113		2050
694		41146		1835753		2048
695		41152		1838401		2052
696		41155		1841047		2050
697		41154		1843695		2051
698		41153		1846343		2048
699		41150		1849001		2050
700		41150		1851638		2050
701		41149		1854272		2051
702		41151		1856908		2050
703		41152		1859557		2050
704		41152		1862203		2051
705		41152		1864858		2050
706		41152		1867497		2049
707		41153		1870138		2051
708		41154		1872781		2053
709		41154		1875428		2052
710		41152		1878070		2053
711		41151		1880714		2051
712		41151		1883353		2055
713		41149		1885988		2055
714		41150		1888631		2056
715		41150		1891271		2056
716		41150		1893906		2056
717		41151		1896532		2056
718		41151		1899168		2053
719		41151		1901809		2053
720		41152		1904449		2055
721		41151		1907096		2050
722		41155		1909744		2051
723		41153		1912379		2051
724		41152		1915019		2053
725		41153		1917665		2050
726		41152		1920306		2050
727		41152		1922948		2049
728		41154		1925594		2050
729		41152		1928248		2051
730		41152		1930895		2051
731		41152		1933550		2051
732		41152		1936208		2051
733		41153		1938847		2051
734		41152		1941484		2050
735		41150		1944132		2052
736		41150		1946785		2052
737		41150		1949436		2053
738		41150		1952083		2051
739		41149		1954730		2050
740		41150		1957371		2049
741		41151		1960000		2049
742		41152		1962634		2049
743		41148		1965268		2048
744		41147		1967887		2047
745		41148		1970520		2046
746		41149		1973141		2044
747		41149		1975776		2045
748		41149		1978404		2044
749		41149		1981044		2048
750		41148		1983683		2046
751		41150		1986308		2048
752		41152		1988955		2048
753		41151		1991596		2046
754		41148		1994222		2042
755		41148		1996856		2043
756		41151		1999516		2042
757		41153		2002157		2041
758		41152		2004797		2041
759		41153		2007430		2042
760		41152		2010066		2041
761		41153		2012713		2042
762		41153		2015358		2042
763		41152		2018000		2037
764		41154		2020635		2039
765		41150		2023268		2039
766		41152		2025907		2041
767		41152		2028557		2043
768		41152		2031196		2042
769		41153		2033824		2044
770		41152		2036474		2041
771		41153		2039113		2039
772		41156		2041757		2039
773		41159		2044401		2043
774		41158		2047052		2044
775		41160		2049715		2041
776		41163		2052365		2047
777		41164		2055014		2045
778		41163		2057648		2046
779		41159		2060293		2045
780		41157		2062934		2043
781		41160		2065571		2046
782		41159		2068229		2045
783		41158		2070874		2046
784		41159		2073525		2046
785		41158		2076159		2044
786		41166		2078795		2047
787		41162		2081443		2050
788		41159		2084086		2047
789		41157		2086719		2049
790		41158		2089366		2048
791		41156		2092004		2046
792		41160		2094624		2043
793		41159		2097263		2042
794		41159		2099896		2042
795		41160		2102541		2044
796		41160		2105168		2047
797		41160		2107810		2048
798		41160		2110448		2047
799		41162		2113102		2047
800		41164		2115760		2050
801		41163		2118409		2050
802		41162		2121055		2047
803		41160		2123679		2046
804		41159		2126334		2046
805		41158		2128980		2048
806		41162		2131610		2052
807		41159		2134256		2050
808		41160		2136907		2050
809		41166		2139555		2048
810		41163		2142176		2046
811		41161		2144810		2051
812		41160		2147451		2051
813		41162		2150099		2046
814		41159		2152747		2049
815		41156		2155380		2052
816		41155		2158007		2052
817		41156		2160650		2053
818		41154		2163303		2054
819		41154		2165956		2055
820		41155		2168585		2057
821		41158		2171221		2059
822		41157		2173862		2055
823		41157		2176514		2054
824		41157		2179155		2053
825		41157		2181799		2054
826		41157		2184429		2052
827		41157		2187065		2052
828		41154		2189711		2053
829		41154		2192358		2051
830		41153		2194996		2051
831		41154		2197639		2053
832		41154		2200272		2052
833		41154		2202924		2051
834		41154		2205561		2051
835		41153		2208219		2049
836		41156		2210853		2052
837		41155		2213491		2050
838		41155		2216128		2051
839		41154		2218777		2050
840		41156		2221417		2049
841		41153		2224061		2047
842		41155		2226703		2049
843		41157		2229332		2051
844		41157		2231968		2052
845		41155		2234616		2054
846		41154		2237255		2053
847		41154		2239917		2052
848		41152		2242567		2052
849		41152		2245219		2053
850		41152		2247870		2050
851		41152		2250533		2049
852		41152		2253166		2050
853		41155		2255801		2050
854		41155		2258432		2050
855		41154		2261067		2050
856		41155		2263701		2049
857		41155		2266330		2047
858		41155		2268991		2046
859		41156		2271630		2049
860		41156		2274274		2047
861		41155		2276928		2051
862		41157		2279561		2051
863		41156		2282196		2052
864		41155		2284839		2052
865		41156		2287492		2052
866		41155		2290131		2050
867		41154		2292766		2052
868		41155		2295402		2056
869		41154		2298051		2053
870		41150		2300686		2051
871		41151		2303321		2049
872		41153		2305978		2049
873		41151		2308638		2048
874		41150		2311288		2047
875		41154		2313930		2049
876		41152		2316572		2048
877		41152		2319206		2047
878		41152		2321841		2047
879		41152		2324468		2047
880		41152		2327126		2046
881		41152		2329768		2047
882		41152		2332427		2045
883		41151		2335070		2044
884		41151		2337716		2045
885		41149		2340361		2046
886		41149		2342993		2045
887		41150		2345652		2048
888		41149		2348294		2049
889		41150		2350934		2051
890		41151		2353576		2051
891		41151		2356221		2052
892		41151		2358857		2052
893		41151		2361498		2050
894		41150		2364143		2048
895		41151		2366781		2046
896		41151		2369423		2046
897		41150		2372062		2048
898		41148		2374710		2049
899		41149		2377357		2049
900		41149		2380011		2049
901		41150		2382652		2051
902		41150		2385280		2051
903		41150		2387919		2053
904		41151		2390562		2050
905		41151		2393195		2052
906		41154		2395844		2051
907		41151		2398490		2050
908		41152		2401137		2046
909		41152		2403785		2047
910		41152		2406434		2049
911		41155		2409081		2051
912		41154		2411712		2051
913		41154		2414352		2051
914		41154		2416992		2050
915		41154		2419639		2050
916		41154		2422270		2050
917		41155		2424918		2050
918		41154		2427550		2053
919		41152		2430193		2051
920		41152		2432835		2051
921		41153		2435466		2052
922		41153		2438111		2053
923		41151		2440744		2051
924		41152		2443385		2053
925		41152		2446022		2050
926		41152		2448669		2050
927		41152		2451313		2050
928		41152		2453954		2050
929		41151		2456602		2050
930		41151		2459242		2051
931		41151		2461862		2049
932		41153		2464504		2050
933		41152		2467154		2049
934		41152		2469800		2050
935		41152		2472425		2049
936		41152		2475070		2050
937		41152		2477715		2049
938		41151		2480367		2047
939		41151		2483007		2045
940		41151		2485641		2048
941		41151		2488291		2046
942		41151		2490935		2045
943		41149		2493551		2045
944		41148		2496196		2044
945		41149		2498834		2046
946		41150		2501480		2046
947		41151		2504124		2045
948		41155		2506756		2045
949		41155		2509391		2046
950		41155		2512036		2048
951		41154		2514668		2050
952		41158		2517301		2045
953		41158		2519942		2044
954		41157		2522601		2044
955		41157		2525225		2046
956		41155		2527862		2047
957		41156		2530506		2044
958		41156		2533141		2043
959		41154		2535784		2043
960		41154		2538433		2046
961		41153		2541068		2048
962		41153		2543703		2048
963		41156		2546359		2050
964		41157		2548997		2051
965		41157		2551637		2050
966		41155		2554268		2050
967		41154		2556910		2054
968		41154		2559550		2050
969		41157		2562191		2052
970		41152		2564837		2047
971		41152		2567474		2047
972		41152		2570108		2046
973		41152		2572749		2046
974		41153		2575386		2044
975		41153		2578021		2043
976		41156		2580645		2041
977		41156		2583295		2039
978		41157		2585928		2039
979		41158		2588566		2039
980		41159		2591218		2039
981		41160		2593856		2041
982		41161		2596490		2038
983		41161		2599131		2039
984		41159		2601783		2041
985		41157		2604422		2042
986		41157		2607065		2041
987		41162		2609715		2044
988		41163		2612343		2047
989		41162		2614985		2043
990		41163		2617613		2045
991		41161		2620245		2043
992		41160		2622877		2047
993		41158		2625525		2045
994		41161		2628167		2045
995		41163		2630819		2045
996		41162		2633462		2043
997		41164		2636104		2045
998		41162		2638735		2045
999		41156		2641374		2043
