# Migration is number of nodes that have changed color.

Round		Edge-Cut		Swaps		Migrations		Skipped
0		62613		2696		851
1		56198		5373		1057
2		51614		8060		1137
3		48785		10726		1216
4		47246		13386		1242
5		46088		16054		1255
6		45183		18720		1265
7		44518		21378		1295
8		44032		24029		1293
9		43753		26681		1291
10		43404		29348		1284
11		43173		31995		1298
12		42891		34653		1295
13		42735		37310		1302
14		42595		39945		1302
15		42616		42573		1303
16		42390		45229		1298
17		42332		47870		1302
18		42208		50511		1298
19		42117		53154		1302
20		42100		55805		1290
21		42036		58445		1295
22		41991		61088		1307
23		41926		63735		1307
24		41891		66382		1308
25		41857		69034		1300
26		41863		71675		1293
27		41834		74307		1295
28		41802		76939		1296
29		41775		79579		1297
30		41776		82208		1291
31		41773		84838		1294
32		41748		87483		1296
33		41710		90124		1302
34		41689		92754		1311
35		41675		95395		1307
36		41664		98028		1309
37		41663		100669		1313
38		41661		103308		1306
39		41659		105961		1300
40		41619		108603		1296
41		41593		111242		1283
42		41590		113872		1288
43		41583		116501		1283
44		41578		119130		1289
45		41577		121769		1289
46		41585		124414		1291
47		41577		127027		1291
48		41543		129664		1296
49		41549		132310		1297
50		41531		134942		1296
51		41504		137570		1291
52		41502		140213		1293
53		41461		142843		1297
54		41458		145484		1297
55		41456		148117		1294
56		41455		150735		1289
57		41452		153386		1292
58		41443		156020		1289
59		41432		158664		1290
60		41429		161281		1292
61		41420		163925		1285
62		41423		166554		1283
63		41405		169187		1281
64		41405		171821		1282
65		41399		174458		1280
66		41400		177084		1279
67		41401		179721		1283
68		41402		182373		1282
69		41417		185017		1281
70		41399		187665		1286
71		41385		190279		1287
72		41384		192919		1287
73		41372		195566		1287
74		41361		198210		1287
75		41360		200843		1289
76		41361		203477		1287
77		41365		206113		1287
78		41379		208757		1290
79		41377		211392		1288
80		41376		214021		1287
81		41374		216657		1286
82		41376		219293		1284
83		41371		221933		1281
84		41376		224564		1284
85		41376		227196		1287
86		41373		229826		1288
87		41371		232452		1286
88		41375		235088		1292
89		41374		237729		1292
90		41370		240353		1291
91		41367		242973		1296
92		41369		245611		1298
93		41368		248246		1299
94		41421		250866		1300
95		41422		253498		1296
96		41423		256133		1297
97		41424		258765		1296
98		41416		261406		1291
99		41415		264045		1290
100		41412		266686		1288
101		41407		269310		1285
102		41403		271947		1283
103		41409		274579		1287
104		41406		277209		1287
105		41400		279834		1290
106		41391		282496		1289
107		41392		285131		1290
108		41392		287763		1291
109		41389		290402		1294
110		41389		293041		1291
111		41391		295685		1292
112		41391		298318		1292
113		41392		300951		1295
114		41391		303588		1293
115		41395		306228		1298
116		41394		308870		1296
117		41390		311497		1295
118		41387		314155		1294
119		41382		316786		1297
120		41379		319418		1299
121		41377		322049		1298
122		41376		324680		1299
123		41376		327310		1299
124		41383		329932		1301
125		41382		332573		1297
126		41382		335213		1296
127		41381		337852		1296
128		41381		340488		1296
129		41372		343120		1294
130		41371		345764		1295
131		41372		348409		1295
132		41391		351040		1299
133		41393		353666		1300
134		41388		356303		1297
135		41389		358942		1296
136		41386		361584		1293
137		41386		364214		1293
138		41377		366851		1291
139		41374		369493		1290
140		41372		372131		1292
141		41371		374768		1295
142		41370		377412		1296
143		41367		380070		1297
144		41362		382717		1297
145		41362		385354		1297
146		41364		387991		1292
147		41365		390615		1292
148		41369		393251		1292
149		41368		395890		1291
150		41368		398544		1290
151		41366		401176		1291
152		41372		403820		1289
153		41364		406451		1287
154		41363		409079		1287
155		41363		411714		1286
156		41365		414329		1290
157		41364		416952		1291
158		41370		419596		1293
159		41370		422234		1291
160		41369		424874		1295
161		41368		427511		1295
162		41368		430140		1295
163		41370		432778		1294
164		41371		435418		1292
165		41373		438047		1291
166		41373		440689		1291
167		41368		443330		1295
168		41369		445973		1295
169		41369		448605		1297
170		41367		451246		1296
171		41367		453897		1297
172		41362		456536		1295
173		41362		459173		1297
174		41364		461814		1295
175		41364		464448		1298
176		41362		467081		1298
177		41360		469709		1296
178		41364		472350		1298
179		41364		474969		1298
180		41365		477593		1299
181		41364		480242		1296
182		41365		482861		1296
183		41361		485489		1294
184		41364		488118		1294
185		41364		490754		1293
186		41364		493389		1293
187		41365		496036		1294
188		41364		498669		1295
189		41365		501306		1292
190		41365		503934		1295
191		41365		506576		1298
192		41383		509194		1298
193		41385		511830		1299
194		41386		514467		1296
195		41383		517092		1300
196		41385		519718		1301
197		41382		522353		1303
198		41382		524994		1303
199		41384		527625		1302
200		41382		530266		1296
201		41382		532900		1295
202		41377		535521		1293
203		41377		538149		1292
204		41374		540768		1290
205		41372		543410		1286
206		41374		546054		1285
207		41375		548678		1285
208		41375		551331		1285
209		41375		553976		1285
210		41375		556621		1286
211		41376		559263		1287
212		41375		561900		1288
213		41373		564546		1286
214		41377		567181		1285
215		41373		569825		1284
216		41373		572447		1284
217		41374		575084		1283
218		41375		577708		1284
219		41375		580346		1284
220		41374		582986		1284
221		41374		585620		1286
222		41376		588266		1290
223		41372		590903		1288
224		41378		593536		1295
225		41366		596183		1289
226		41364		598814		1286
227		41363		601456		1287
228		41363		604100		1288
229		41364		606743		1290
230		41366		609386		1293
231		41364		612020		1290
232		41365		614635		1291
233		41365		617284		1292
234		41362		619926		1291
235		41377		622574		1292
236		41375		625207		1294
237		41375		627859		1293
238		41374		630513		1294
239		41373		633166		1292
240		41373		635798		1293
241		41370		638432		1294
242		41371		641084		1294
243		41371		643731		1294
244		41372		646374		1292
245		41373		649008		1292
246		41373		651646		1291
247		41372		654295		1291
248		41372		656937		1292
249		41372		659577		1291
250		41368		662204		1289
251		41368		664837		1291
252		41370		667457		1290
253		41370		670100		1286
254		41371		672741		1289
255		41369		675386		1289
256		41371		678009		1290
257		41369		680657		1288
258		41369		683289		1288
259		41365		685933		1288
260		41365		688574		1288
261		41366		691219		1290
262		41366		693861		1290
263		41366		696503		1291
264		41368		699126		1289
265		41366		701759		1289
266		41366		704388		1287
267		41368		707037		1287
268		41368		709676		1287
269		41366		712312		1287
270		41366		714939		1287
271		41366		717571		1287
272		41368		720199		1283
273		41362		722832		1285
274		41362		725453		1288
275		41362		728077		1291
276		41362		730705		1291
277		41362		733336		1291
278		41362		735990		1291
279		41364		738624		1291
280		41362		741274		1292
281		41362		743914		1295
282		41362		746554		1297
283		41364		749182		1296
284		41363		751813		1294
285		41365		754445		1295
286		41363		757081		1296
287		41363		759725		1297
288		41363		762368		1297
289		41363		765019		1298
290		41364		767649		1297
291		41364		770291		1296
292		41364		772933		1295
293		41364		775568		1294
294		41364		778194		1294
295		41366		780847		1296
296		41366		783480		1296
297		41366		786102		1294
298		41366		788733		1294
299		41366		791372		1294
300		41366		794026		1295
301		41365		796650		1296
302		41366		799282		1295
303		41366		801905		1291
304		41366		804543		1290
305		41361		807184		1291
306		41360		809814		1289
307		41364		812443		1288
308		41359		815080		1286
309		41359		817715		1284
310		41361		820351		1284
311		41359		822986		1283
312		41360		825622		1284
313		41362		828250		1284
314		41362		830903		1287
315		41370		833546		1289
316		41370		836189		1287
317		41370		838822		1285
318		41369		841463		1288
319		41370		844102		1288
320		41369		846740		1285
321		41369		849364		1287
322		41369		852004		1290
323		41369		854650		1290
324		41368		857303		1295
325		41368		859954		1294
326		41368		862599		1297
327		41368		865231		1296
328		41368		867850		1295
329		41369		870484		1295
330		41368		873114		1294
331		41367		875751		1293
332		41367		878390		1294
333		41367		881035		1295
334		41367		883679		1298
335		41368		886311		1296
336		41366		888939		1294
337		41365		891569		1294
338		41367		894208		1291
339		41367		896847		1291
340		41367		899484		1291
341		41367		902131		1290
342		41368		904772		1289
343		41367		907407		1292
344		41366		910041		1296
345		41366		912665		1296
346		41364		915306		1295
347		41362		917946		1295
348		41365		920589		1294
349		41365		923222		1294
350		41365		925857		1292
351		41367		928489		1294
352		41367		931124		1292
353		41368		933757		1292
354		41367		936387		1292
355		41368		939019		1289
356		41368		941646		1289
357		41368		944262		1289
358		41368		946889		1289
359		41371		949538		1289
360		41369		952164		1289
361		41371		954788		1291
362		41370		957429		1288
363		41370		960061		1289
364		41370		962685		1289
365		41370		965308		1289
366		41368		967941		1288
367		41375		970583		1292
368		41379		973221		1291
369		41370		975856		1287
370		41370		978507		1287
371		41370		981128		1291
372		41373		983755		1292
373		41371		986412		1294
374		41371		989055		1294
375		41371		991700		1294
376		41371		994341		1293
377		41367		996986		1292
378		41367		999620		1290
379		41365		1002242		1292
380		41362		1004872		1292
381		41365		1007506		1291
382		41362		1010140		1292
383		41368		1012778		1293
384		41368		1015414		1291
385		41368		1018054		1291
386		41367		1020686		1291
387		41368		1023320		1295
388		41367		1025957		1292
389		41370		1028596		1292
390		41368		1031237		1290
391		41367		1033863		1292
392		41367		1036502		1288
393		41363		1039138		1289
394		41362		1041779		1294
395		41366		1044417		1293
396		41366		1047050		1293
397		41367		1049692		1294
398		41367		1052330		1297
399		41367		1054975		1295
400		41367		1057597		1295
401		41367		1060228		1294
402		41368		1062865		1293
403		41368		1065525		1296
404		41370		1068139		1295
405		41370		1070760		1295
406		41371		1073401		1295
407		41372		1076045		1293
408		41372		1078700		1292
409		41374		1081326		1291
410		41373		1083962		1292
411		41370		1086594		1291
412		41369		1089230		1289
413		41374		1091866		1291
414		41373		1094490		1292
415		41376		1097115		1295
416		41375		1099757		1296
417		41374		1102407		1295
418		41376		1105044		1296
419		41374		1107667		1292
420		41371		1110292		1292
421		41372		1112942		1296
422		41372		1115564		1291
423		41372		1118195		1289
424		41371		1120801		1292
425		41367		1123448		1293
426		41368		1126091		1294
427		41369		1128723		1292
428		41370		1131362		1288
429		41370		1133992		1290
430		41372		1136631		1290
431		41373		1139270		1291
432		41377		1141903		1289
433		41377		1144539		1290
434		41374		1147173		1292
435		41371		1149812		1288
436		41374		1152451		1286
437		41368		1155080		1283
438		41368		1157717		1282
439		41368		1160346		1283
440		41369		1162993		1281
441		41364		1165617		1278
442		41363		1168251		1277
443		41363		1170897		1277
444		41362		1173516		1281
445		41362		1176151		1281
446		41362		1178781		1282
447		41363		1181446		1287
448		41364		1184079		1287
449		41363		1186714		1285
450		41360		1189349		1286
451		41359		1191981		1284
452		41360		1194590		1285
453		41359		1197238		1285
454		41359		1199878		1285
455		41359		1202518		1286
456		41359		1205147		1284
457		41356		1207771		1285
458		41356		1210425		1286
459		41358		1213076		1286
460		41357		1215703		1289
461		41353		1218330		1292
462		41353		1220965		1293
463		41354		1223587		1294
464		41353		1226223		1290
465		41353		1228861		1290
466		41353		1231493		1293
467		41355		1234123		1291
468		41354		1236769		1291
469		41354		1239412		1291
470		41353		1242057		1290
471		41353		1244683		1293
472		41354		1247319		1291
473		41352		1249957		1292
474		41352		1252598		1292
475		41356		1255235		1289
476		41356		1257856		1289
477		41356		1260487		1286
478		41356		1263133		1286
479		41355		1265759		1288
480		41355		1268382		1285
481		41354		1271018		1288
482		41352		1273653		1285
483		41352		1276299		1285
484		41354		1278923		1285
485		41351		1281560		1285
486		41351		1284176		1285
487		41351		1286808		1285
488		41351		1289455		1285
489		41351		1292092		1286
490		41351		1294725		1284
491		41351		1297375		1285
492		41351		1300010		1285
493		41351		1302635		1285
494		41351		1305278		1285
495		41351		1307902		1286
496		41351		1310534		1288
497		41351		1313159		1288
498		41351		1315815		1288
499		41351		1318455		1288
500		41351		1321082		1288
501		41351		1323709		1286
502		41351		1326342		1284
503		41351		1328979		1284
504		41351		1331620		1284
505		41351		1334254		1284
506		41352		1336889		1284
507		41352		1339519		1282
508		41352		1342160		1283
509		41352		1344789		1283
510		41351		1347409		1283
511		41351		1350037		1282
512		41353		1352664		1280
513		41354		1355294		1278
514		41354		1357927		1278
515		41354		1360554		1275
516		41353		1363179		1277
517		41353		1365824		1278
518		41352		1368453		1276
519		41353		1371095		1278
520		41353		1373753		1279
521		41354		1376376		1278
522		41354		1379023		1279
523		41353		1381661		1281
524		41353		1384292		1282
525		41353		1386923		1282
526		41352		1389558		1283
527		41351		1392201		1279
528		41352		1394859		1280
529		41352		1397482		1280
530		41351		1400127		1280
531		41351		1402768		1279
532		41351		1405395		1279
533		41351		1408025		1279
534		41351		1410659		1280
535		41351		1413292		1280
536		41351		1415918		1277
537		41351		1418545		1274
538		41351		1421178		1275
539		41351		1423798		1275
540		41350		1426435		1277
541		41350		1429072		1277
542		41350		1431714		1277
543		41350		1434352		1280
544		41350		1436991		1280
545		41352		1439626		1281
546		41350		1442264		1280
547		41352		1444900		1281
548		41352		1447550		1281
549		41351		1450186		1280
550		41351		1452800		1279
551		41351		1455449		1279
552		41351		1458084		1279
553		41351		1460714		1279
554		41351		1463349		1280
555		41351		1465988		1281
556		41351		1468622		1281
557		41351		1471252		1281
558		41351		1473874		1284
559		41352		1476520		1282
560		41352		1479143		1283
561		41352		1481785		1285
562		41351		1484414		1286
563		41351		1487056		1285
564		41352		1489688		1287
565		41352		1492330		1289
566		41351		1494970		1288
567		41351		1497603		1286
568		41351		1500243		1286
569		41351		1502864		1286
570		41351		1505478		1288
571		41351		1508124		1288
572		41351		1510770		1288
573		41351		1513406		1288
574		41351		1516045		1288
575		41351		1518681		1287
576		41351		1521310		1287
577		41351		1523935		1286
578		41351		1526578		1284
579		41351		1529215		1285
580		41353		1531860		1287
581		41352		1534535		1288
582		41352		1537154		1288
583		41351		1539783		1287
584		41351		1542415		1287
585		41351		1545055		1287
586		41351		1547692		1287
587		41351		1550330		1287
588		41351		1552971		1288
589		41351		1555623		1288
590		41351		1558254		1285
591		41351		1560887		1285
592		41332		1563526		1285
593		41332		1566160		1286
594		41332		1568791		1287
595		41332		1571430		1288
596		41332		1574062		1286
597		41332		1576678		1285
598		41333		1579306		1283
599		41331		1581934		1284
600		41333		1584581		1286
601		41333		1587221		1287
602		41335		1589845		1287
603		41333		1592458		1287
604		41333		1595084		1287
605		41335		1597714		1287
606		41335		1600324		1286
607		41335		1602955		1286
608		41333		1605592		1288
609		41335		1608223		1290
610		41333		1610852		1290
611		41333		1613497		1289
612		41334		1616122		1288
613		41335		1618774		1288
614		41335		1621409		1289
615		41335		1624036		1290
616		41335		1626683		1290
617		41334		1629314		1288
618		41334		1631947		1288
619		41334		1634597		1286
620		41335		1637234		1287
621		41336		1639880		1287
622		41334		1642524		1286
623		41334		1645155		1286
624		41334		1647784		1286
625		41334		1650421		1286
626		41336		1653057		1287
627		41336		1655679		1286
628		41336		1658316		1286
629		41335		1660935		1286
630		41335		1663548		1286
631		41336		1666177		1288
632		41333		1668812		1287
633		41333		1671467		1288
634		41333		1674118		1288
635		41333		1676753		1289
636		41333		1679398		1289
637		41333		1682040		1290
638		41333		1684668		1288
639		41333		1687304		1287
640		41333		1689942		1288
641		41331		1692581		1290
642		41331		1695202		1289
643		41331		1697842		1286
644		41331		1700477		1286
645		41331		1703104		1285
646		41331		1705747		1285
647		41331		1708381		1284
648		41331		1711014		1284
649		41331		1713662		1284
650		41331		1716303		1284
651		41331		1718934		1284
652		41331		1721558		1282
653		41331		1724184		1282
654		41331		1726837		1284
655		41331		1729473		1285
656		41331		1732117		1286
657		41331		1734747		1286
658		41331		1737381		1285
659		41331		1740031		1285
660		41331		1742661		1284
661		41331		1745304		1284
662		41331		1747936		1284
663		41331		1750560		1285
664		41331		1753187		1285
665		41331		1755825		1286
666		41331		1758482		1287
667		41331		1761111		1286
668		41331		1763760		1287
669		41331		1766392		1287
670		41331		1769021		1290
671		41331		1771667		1291
672		41331		1774305		1291
673		41331		1776943		1290
674		41331		1779583		1289
675		41332		1782220		1289
676		41331		1784852		1288
677		41331		1787493		1287
678		41331		1790116		1287
679		41331		1792752		1287
680		41331		1795379		1287
681		41331		1798027		1287
682		41331		1800659		1287
683		41330		1803299		1285
684		41330		1805921		1285
685		41330		1808553		1284
686		41330		1811197		1283
687		41330		1813828		1283
688		41330		1816476		1281
689		41330		1819098		1280
690		41330		1821726		1280
691		41330		1824368		1283
692		41330		1826999		1283
693		41330		1829628		1285
694		41330		1832260		1285
695		41330		1834882		1285
696		41333		1837514		1285
697		41333		1840157		1287
698		41331		1842787		1286
699		41331		1845421		1286
700		41330		1848047		1284
701		41330		1850676		1285
702		41330		1853318		1286
703		41330		1855960		1286
704		41332		1858586		1286
705		41330		1861226		1285
706		41332		1863864		1287
707		41332		1866499		1286
708		41330		1869138		1285
709		41330		1871762		1285
710		41330		1874393		1287
711		41330		1877029		1287
712		41330		1879660		1284
713		41330		1882307		1282
714		41330		1884944		1282
715		41330		1887578		1282
716		41332		1890212		1280
717		41332		1892849		1281
718		41332		1895484		1281
719		41333		1898112		1282
720		41333		1900747		1282
721		41334		1903381		1280
722		41334		1906007		1282
723		41332		1908650		1285
724		41333		1911277		1286
725		41331		1913922		1283
726		41331		1916559		1282
727		41331		1919183		1281
728		41331		1921803		1283
729		41331		1924444		1286
730		41331		1927083		1288
731		41333		1929718		1288
732		41336		1932355		1290
733		41332		1934998		1290
734		41333		1937637		1288
735		41333		1940259		1292
736		41333		1942904		1292
737		41333		1945534		1292
738		41333		1948168		1292
739		41332		1950798		1290
740		41332		1953416		1291
741		41331		1956048		1292
742		41331		1958676		1289
743		41331		1961316		1289
744		41331		1963956		1289
745		41331		1966590		1289
746		41331		1969225		1288
747		41331		1971861		1288
748		41331		1974495		1288
749		41331		1977136		1290
750		41331		1979771		1290
751		41331		1982394		1289
752		41331		1985027		1290
753		41331		1987642		1288
754		41331		1990268		1286
755		41330		1992912		1288
756		41330		1995545		1287
757		41330		1998191		1287
758		41330		2000821		1287
759		41330		2003459		1284
760		41330		2006095		1284
761		41330		2008715		1284
762		41330		2011348		1286
763		41330		2013992		1286
764		41330		2016627		1286
765		41330		2019282		1286
766		41330		2021898		1286
767		41330		2024532		1285
768		41330		2027174		1288
769		41330		2029805		1284
770		41332		2032446		1282
771		41331		2035074		1281
772		41331		2037721		1281
773		41331		2040343		1284
774		41331		2042985		1286
775		41331		2045623		1284
776		41334		2048255		1283
777		41331		2050882		1281
778		41331		2053503		1282
779		41331		2056122		1284
780		41331		2058759		1285
781		41331		2061391		1287
782		41333		2064031		1287
783		41331		2066667		1287
784		41331		2069306		1287
785		41331		2071936		1287
786		41331		2074591		1288
787		41331		2077232		1288
788		41331		2079876		1286
789		41331		2082510		1286
790		41331		2085135		1285
791		41331		2087769		1287
792		41331		2090392		1285
793		41331		2093030		1285
794		41331		2095670		1290
795		41331		2098306		1290
796		41331		2100952		1290
797		41331		2103583		1290
798		41331		2106214		1289
799		41331		2108851		1289
800		41331		2111485		1292
801		41334		2114108		1294
802		41339		2116746		1294
803		41340		2119385		1295
804		41338		2122023		1290
805		41338		2124653		1290
806		41340		2127287		1289
807		41346		2129935		1292
808		41346		2132578		1294
809		41345		2135223		1294
810		41344		2137845		1298
811		41345		2140485		1293
812		41346		2143127		1296
813		41346		2145766		1293
814		41345		2148404		1291
815		41346		2151040		1291
816		41346		2153663		1295
817		41344		2156313		1287
818		41342		2158960		1287
819		41340		2161601		1285
820		41342		2164236		1284
821		41343		2166849		1285
822		41340		2169488		1283
823		41339		2172132		1286
824		41339		2174777		1285
825		41341		2177409		1285
826		41339		2180040		1289
827		41341		2182673		1287
828		41337		2185318		1284
829		41337		2187965		1285
830		41341		2190606		1285
831		41338		2193241		1284
832		41338		2195874		1287
833		41337		2198519		1283
834		41339		2201162		1281
835		41337		2203778		1283
836		41339		2206421		1283
837		41337		2209065		1283
838		41336		2211711		1283
839		41338		2214358		1281
840		41338		2216979		1281
841		41336		2219607		1283
842		41335		2222232		1284
843		41337		2224858		1284
844		41335		2227488		1285
845		41337		2230131		1283
846		41334		2232756		1286
847		41334		2235411		1285
848		41334		2238042		1285
849		41334		2240674		1285
850		41334		2243297		1285
851		41334		2245948		1285
852		41334		2248576		1283
853		41334		2251207		1284
854		41334		2253848		1284
855		41334		2256486		1284
856		41334		2259123		1283
857		41334		2261756		1283
858		41336		2264402		1285
859		41335		2267044		1285
860		41335		2269678		1288
861		41334		2272295		1287
862		41334		2274939		1286
863		41334		2277570		1286
864		41334		2280196		1285
865		41334		2282823		1285
866		41334		2285453		1282
867		41335		2288090		1286
868		41338		2290743		1286
869		41336		2293392		1288
870		41334		2296025		1288
871		41334		2298668		1288
872		41336		2301330		1286
873		41336		2303961		1289
874		41333		2306600		1285
875		41333		2309216		1285
876		41333		2311864		1286
877		41333		2314510		1285
878		41333		2317140		1285
879		41334		2319777		1285
880		41334		2322412		1286
881		41334		2325043		1286
882		41336		2327698		1284
883		41335		2330305		1282
884		41334		2332942		1282
885		41334		2335584		1286
886		41333		2338222		1287
887		41333		2340868		1287
888		41332		2343489		1285
889		41332		2346112		1285
890		41332		2348749		1286
891		41332		2351383		1286
892		41332		2354018		1286
893		41332		2356664		1285
894		41332		2359298		1285
895		41332		2361930		1286
896		41332		2364554		1287
897		41332		2367175		1287
898		41332		2369813		1287
899		41332		2372466		1287
900		41332		2375095		1287
901		41332		2377737		1288
902		41332		2380368		1290
903		41332		2383012		1291
904		41331		2385647		1290
905		41333		2388277		1290
906		41331		2390896		1290
907		41335		2393516		1290
908		41334		2396155		1288
909		41335		2398783		1290
910		41334		2401412		1290
911		41334		2404052		1290
912		41336		2406688		1290
913		41336		2409309		1288
914		41337		2411944		1289
915		41337		2414584		1287
916		41336		2417215		1286
917		41333		2419848		1286
918		41333		2422476		1288
919		41333		2425112		1288
920		41333		2427743		1288
921		41333		2430395		1289
922		41333		2433033		1289
923		41333		2435680		1289
924		41333		2438322		1291
925		41333		2440949		1292
926		41333		2443592		1290
927		41333		2446228		1290
928		41333		2448863		1290
929		41333		2451502		1290
930		41333		2454125		1290
931		41333		2456770		1289
932		41333		2459398		1290
933		41332		2462040		1290
934		41332		2464664		1290
935		41332		2467281		1290
936		41332		2469910		1291
937		41331		2472561		1291
938		41331		2475194		1292
939		41331		2477826		1292
940		41331		2480459		1292
941		41331		2483090		1292
942		41330		2485727		1294
943		41330		2488365		1294
944		41330		2490995		1295
945		41330		2493649		1295
946		41330		2496292		1294
947		41330		2498927		1294
948		41330		2501554		1294
949		41330		2504175		1294
950		41330		2506798		1292
951		41330		2509422		1292
952		41330		2512063		1292
953		41330		2514707		1293
954		41330		2517344		1293
955		41330		2519983		1293
956		41330		2522601		1291
957		41330		2525236		1292
958		41330		2527873		1292
959		41330		2530509		1292
960		41330		2533140		1292
961		41330		2535776		1292
962		41330		2538426		1290
963		41330		2541054		1292
964		41330		2543689		1292
965		41330		2546320		1292
966		41332		2548951		1292
967		41330		2551580		1296
968		41334		2554202		1297
969		41331		2556847		1300
970		41332		2559498		1301
971		41332		2562145		1303
972		41332		2564773		1302
973		41332		2567396		1302
974		41332		2570023		1301
975		41331		2572664		1299
976		41331		2575308		1299
977		41331		2577933		1299
978		41331		2580550		1300
979		41331		2583181		1301
980		41331		2585821		1301
981		41331		2588460		1302
982		41331		2591084		1300
983		41331		2593699		1300
984		41331		2596329		1300
985		41331		2598961		1300
986		41331		2601607		1300
987		41331		2604239		1298
988		41331		2606890		1297
989		41333		2609525		1298
990		41332		2612153		1294
991		41332		2614778		1296
992		41332		2617400		1297
993		41332		2620029		1299
994		41331		2622671		1297
995		41333		2625309		1296
996		41335		2627933		1296
997		41333		2630567		1297
998		41333		2633204		1297
999		41333		2635836		1299
