# Migration is number of nodes that have changed color.

Round		Edge-Cut		Swaps		Migrations		Skipped
0		98041		2578		1928
1		70924		4925		2009
2		57083		7038		2036
3		50447		9017		2043
4		47544		10893		2024
5		45810		12664		2026
6		44401		14351		2012
7		43707		15941		2036
8		43350		17430		2038
9		42904		18831		2040
10		42600		20128		2044
11		42409		21365		2039
12		42167		22482		2033
13		42033		23568		2031
14		41939		24540		2035
15		41851		25458		2034
16		41730		26265		2033
17		41622		26980		2039
18		41597		27674		2035
19		41549		28252		2036
20		41507		28781		2031
21		41479		29224		2030
22		41426		29588		2036
23		41375		29921		2033
24		41379		30199		2033
25		41362		30452		2036
26		41332		30681		2036
27		41329		30846		2033
28		41320		30989		2030
29		41312		31100		2028
30		41314		31184		2030
31		41312		31249		2029
32		41300		31303		2029
33		41318		31345		2031
34		41299		31379		2029
35		41276		31411		2030
36		41274		31433		2030
37		41288		31452		2031
38		41284		31467		2030
39		41256		31481		2029
40		41257		31491		2030
41		41260		31498		2030
42		41258		31502		2030
43		41258		31506		2029
44		41255		31509		2030
45		41261		31514		2031
46		41260		31517		2034
47		41257		31521		2035
48		41242		31525		2032
49		41240		31528		2033
50		41240		31528		2033
51		41240		31528		2033
52		41239		31529		2034
53		41199		31532		2033
54		41196		31536		2033
55		41195		31537		2034
56		41195		31537		2034
57		41194		31538		2032
58		41194		31538		2032
59		41194		31538		2032
60		41195		31539		2033
61		41195		31539		2033
62		41203		31540		2033
63		41203		31540		2033
64		41203		31540		2033
65		41203		31540		2033
66		41203		31540		2033
67		41203		31540		2033
68		41203		31540		2033
69		41203		31540		2033
70		41203		31540		2033
71		41203		31540		2033
72		41203		31540		2033
73		41199		31542		2034
74		41200		31543		2034
75		41200		31543		2034
76		41200		31543		2034
77		41200		31543		2034
78		41200		31543		2034
79		41200		31543		2034
80		41200		31543		2034
81		41200		31543		2034
82		41199		31544		2032
83		41199		31544		2032
84		41199		31544		2032
85		41199		31544		2032
86		41199		31544		2032
87		41197		31545		2032
88		41197		31545		2032
89		41197		31545		2032
90		41197		31545		2032
91		41197		31545		2032
92		41197		31545		2032
93		41197		31545		2032
94		41197		31545		2032
95		41192		31546		2031
96		41192		31546		2031
97		41192		31546		2031
98		41191		31547		2030
99		41191		31547		2030
100		41190		31548		2030
101		41195		31552		2031
102		41194		31553		2031
103		41193		31555		2030
104		41192		31556		2031
105		41192		31556		2031
106		41192		31556		2031
107		41192		31556		2031
108		41192		31556		2031
109		41192		31556		2031
110		41192		31556		2031
111		41192		31556		2031
112		41192		31556		2031
113		41192		31556		2031
114		41192		31556		2031
115		41192		31556		2031
116		41192		31556		2031
117		41195		31557		2031
118		41195		31557		2031
119		41195		31557		2031
120		41195		31557		2031
121		41195		31557		2031
122		41195		31557		2031
123		41195		31557		2031
124		41195		31557		2031
125		41195		31557		2031
126		41195		31557		2031
127		41195		31557		2031
128		41195		31557		2031
129		41195		31557		2031
130		41195		31557		2031
131		41195		31557		2031
132		41195		31557		2031
133		41195		31557		2031
134		41195		31557		2031
135		41195		31557		2031
136		41195		31557		2031
137		41195		31557		2031
138		41195		31557		2031
139		41195		31557		2031
140		41195		31557		2031
141		41195		31557		2031
142		41195		31557		2031
143		41195		31557		2031
144		41195		31557		2031
145		41195		31557		2031
146		41195		31557		2031
147		41195		31557		2031
148		41195		31557		2031
149		41195		31557		2031
150		41195		31557		2031
151		41195		31557		2031
152		41195		31557		2031
153		41195		31557		2031
154		41195		31557		2031
155		41195		31557		2031
156		41195		31557		2031
157		41195		31557		2031
158		41195		31557		2031
159		41195		31557		2031
160		41195		31557		2031
161		41189		31558		2031
162		41189		31558		2031
163		41189		31558		2031
164		41189		31558		2031
165		41189		31558		2031
166		41189		31558		2031
167		41189		31558		2031
168		41188		31559		2031
169		41188		31559		2031
170		41188		31559		2031
171		41188		31559		2031
172		41188		31559		2031
173		41187		31560		2030
174		41187		31560		2030
175		41187		31560		2030
176		41187		31560		2030
177		41187		31560		2030
178		41187		31560		2030
179		41187		31560		2030
180		41187		31560		2030
181		41187		31560		2030
182		41187		31560		2030
183		41187		31560		2030
184		41187		31560		2030
185		41187		31560		2030
186		41187		31560		2030
187		41186		31561		2028
188		41186		31561		2028
189		41186		31561		2028
190		41186		31561		2028
191		41186		31561		2028
192		41186		31561		2028
193		41186		31561		2028
194		41184		31563		2027
195		41184		31563		2027
196		41184		31563		2027
197		41185		31565		2029
198		41184		31566		2030
199		41183		31567		2030
200		41185		31572		2029
201		41182		31574		2030
202		41182		31574		2030
203		41182		31574		2030
204		41182		31574		2030
205		41182		31574		2030
206		41182		31574		2030
207		41182		31574		2030
208		41181		31575		2030
209		41181		31576		2030
210		41181		31576		2030
211		41181		31576		2030
212		41181		31576		2030
213		41181		31576		2030
214		41181		31576		2030
215		41181		31576		2030
216		41181		31576		2030
217		41181		31576		2030
218		41181		31576		2030
219		41181		31576		2030
220		41181		31576		2030
221		41181		31576		2030
222		41181		31576		2030
223		41181		31576		2030
224		41181		31576		2030
225		41181		31576		2030
226		41181		31576		2030
227		41181		31576		2030
228		41181		31576		2030
229		41181		31576		2030
230		41181		31576		2030
231		41181		31576		2030
232		41181		31576		2030
233		41181		31576		2030
234		41181		31576		2030
235		41181		31576		2030
236		41181		31576		2030
237		41181		31576		2030
238		41181		31576		2030
239		41181		31576		2030
240		41181		31576		2030
241		41181		31576		2030
242		41181		31576		2030
243		41181		31576		2030
244		41181		31576		2030
245		41181		31576		2030
246		41181		31576		2030
247		41181		31576		2030
248		41181		31576		2030
249		41181		31576		2030
250		41181		31576		2030
251		41181		31576		2030
252		41181		31576		2030
253		41181		31576		2030
254		41181		31576		2030
255		41181		31576		2030
256		41181		31576		2030
257		41181		31576		2030
258		41181		31576		2030
259		41181		31576		2030
260		41181		31576		2030
261		41181		31576		2030
262		41181		31576		2030
263		41181		31576		2030
264		41181		31576		2030
265		41181		31576		2030
266		41181		31576		2030
267		41181		31576		2030
268		41181		31576		2030
269		41181		31576		2030
270		41181		31576		2030
271		41181		31576		2030
272		41181		31576		2030
273		41181		31576		2030
274		41181		31576		2030
275		41181		31576		2030
276		41181		31576		2030
277		41181		31576		2030
278		41181		31576		2030
279		41181		31576		2030
280		41181		31576		2030
281		41181		31576		2030
282		41181		31576		2030
283		41181		31576		2030
284		41181		31576		2030
285		41181		31576		2030
286		41181		31576		2030
287		41181		31576		2030
288		41181		31576		2030
289		41181		31576		2030
290		41181		31576		2030
291		41181		31576		2030
292		41181		31576		2030
293		41181		31576		2030
294		41181		31576		2030
295		41181		31576		2030
296		41181		31576		2030
297		41181		31576		2030
298		41181		31576		2030
299		41181		31576		2030
300		41181		31576		2030
301		41181		31576		2030
302		41181		31576		2030
303		41181		31576		2030
304		41181		31576		2030
305		41181		31576		2030
306		41181		31576		2030
307		41181		31576		2030
308		41181		31576		2030
309		41181		31576		2030
310		41181		31576		2030
311		41181		31576		2030
312		41181		31576		2030
313		41181		31576		2030
314		41181		31576		2030
315		41181		31576		2030
316		41181		31576		2030
317		41181		31576		2030
318		41181		31576		2030
319		41181		31576		2030
320		41181		31576		2030
321		41181		31576		2030
322		41181		31576		2030
323		41181		31576		2030
324		41181		31576		2030
325		41181		31576		2030
326		41181		31576		2030
327		41181		31576		2030
328		41181		31576		2030
329		41181		31576		2030
330		41181		31576		2030
331		41181		31576		2030
332		41181		31576		2030
333		41181		31576		2030
334		41181		31576		2030
335		41181		31576		2030
336		41181		31576		2030
337		41181		31576		2030
338		41181		31576		2030
339		41181		31576		2030
340		41181		31576		2030
341		41181		31576		2030
342		41181		31576		2030
343		41181		31576		2030
344		41181		31576		2030
345		41181		31576		2030
346		41181		31576		2030
347		41181		31576		2030
348		41181		31576		2030
349		41181		31576		2030
350		41181		31576		2030
351		41181		31576		2030
352		41181		31576		2030
353		41181		31576		2030
354		41181		31576		2030
355		41181		31576		2030
356		41181		31576		2030
357		41181		31576		2030
358		41181		31576		2030
359		41181		31576		2030
360		41181		31576		2030
361		41181		31576		2030
362		41181		31576		2030
363		41181		31576		2030
364		41181		31576		2030
365		41181		31576		2030
366		41181		31576		2030
367		41181		31576		2030
368		41181		31576		2030
369		41181		31576		2030
370		41181		31576		2030
371		41181		31576		2030
372		41181		31576		2030
373		41181		31576		2030
374		41181		31576		2030
375		41181		31576		2030
376		41181		31576		2030
377		41181		31576		2030
378		41181		31576		2030
379		41181		31576		2030
380		41181		31576		2030
381		41181		31576		2030
382		41181		31576		2030
383		41181		31576		2030
384		41181		31576		2030
385		41181		31576		2030
386		41181		31576		2030
387		41181		31576		2030
388		41181		31576		2030
389		41181		31576		2030
390		41181		31576		2030
391		41181		31576		2030
392		41181		31576		2030
393		41181		31576		2030
394		41181		31576		2030
395		41181		31576		2030
396		41181		31576		2030
397		41181		31576		2030
398		41181		31576		2030
399		41181		31576		2030
400		41181		31576		2030
401		41181		31576		2030
402		41181		31576		2030
403		41181		31576		2030
404		41181		31576		2030
405		41181		31576		2030
406		41181		31576		2030
407		41181		31576		2030
408		41181		31576		2030
409		41181		31576		2030
410		41181		31576		2030
411		41181		31576		2030
412		41181		31576		2030
413		41181		31576		2030
414		41181		31576		2030
415		41181		31576		2030
416		41181		31576		2030
417		41181		31576		2030
418		41181		31576		2030
419		41181		31576		2030
420		41181		31576		2030
421		41181		31576		2030
422		41181		31576		2030
423		41181		31576		2030
424		41181		31576		2030
425		41181		31576		2030
426		41181		31576		2030
427		41181		31576		2030
428		41181		31576		2030
429		41181		31576		2030
430		41181		31576		2030
431		41181		31576		2030
432		41181		31576		2030
433		41181		31576		2030
434		41181		31576		2030
435		41181		31576		2030
436		41181		31576		2030
437		41181		31576		2030
438		41181		31576		2030
439		41181		31576		2030
440		41181		31576		2030
441		41181		31576		2030
442		41181		31576		2030
443		41181		31576		2030
444		41181		31576		2030
445		41181		31576		2030
446		41181		31576		2030
447		41181		31576		2030
448		41181		31576		2030
449		41181		31576		2030
450		41181		31576		2030
451		41181		31576		2030
452		41181		31576		2030
453		41181		31576		2030
454		41181		31576		2030
455		41181		31576		2030
456		41181		31576		2030
457		41181		31576		2030
458		41181		31576		2030
459		41181		31576		2030
460		41181		31576		2030
461		41181		31576		2030
462		41181		31576		2030
463		41181		31576		2030
464		41181		31576		2030
465		41181		31576		2030
466		41181		31576		2030
467		41181		31576		2030
468		41181		31576		2030
469		41181		31576		2030
470		41181		31576		2030
471		41181		31576		2030
472		41181		31576		2030
473		41181		31576		2030
474		41181		31576		2030
475		41181		31576		2030
476		41181		31576		2030
477		41181		31576		2030
478		41181		31576		2030
479		41181		31576		2030
480		41181		31576		2030
481		41181		31576		2030
482		41181		31576		2030
483		41181		31576		2030
484		41181		31576		2030
485		41181		31576		2030
486		41181		31576		2030
487		41181		31576		2030
488		41181		31576		2030
489		41181		31576		2030
490		41181		31576		2030
491		41181		31576		2030
492		41181		31576		2030
493		41181		31576		2030
494		41181		31576		2030
495		41181		31576		2030
496		41181		31576		2030
497		41181		31576		2030
498		41181		31576		2030
499		41181		31576		2030
500		41181		31576		2030
501		41181		31576		2030
502		41181		31576		2030
503		41181		31576		2030
504		41181		31576		2030
505		41181		31576		2030
506		41181		31576		2030
507		41181		31576		2030
508		41181		31576		2030
509		41181		31576		2030
510		41181		31576		2030
511		41181		31576		2030
512		41181		31576		2030
513		41181		31576		2030
514		41181		31576		2030
515		41181		31576		2030
516		41181		31576		2030
517		41181		31576		2030
518		41181		31576		2030
519		41181		31576		2030
520		41180		31577		2031
521		41180		31577		2031
522		41180		31577		2031
523		41180		31577		2031
524		41180		31577		2031
525		41180		31577		2031
526		41180		31577		2031
527		41180		31577		2031
528		41180		31577		2031
529		41180		31577		2031
530		41180		31577		2031
531		41180		31577		2031
532		41180		31577		2031
533		41180		31577		2031
534		41180		31577		2031
535		41180		31577		2031
536		41180		31577		2031
537		41180		31577		2031
538		41180		31577		2031
539		41180		31577		2031
540		41180		31577		2031
541		41180		31577		2031
542		41180		31577		2031
543		41180		31577		2031
544		41180		31577		2031
545		41180		31577		2031
546		41180		31577		2031
547		41180		31577		2031
548		41180		31577		2031
549		41180		31577		2031
550		41180		31577		2031
551		41180		31577		2031
552		41180		31577		2031
553		41180		31577		2031
554		41180		31577		2031
555		41180		31577		2031
556		41180		31577		2031
557		41180		31577		2031
558		41180		31577		2031
559		41180		31577		2031
560		41180		31577		2031
561		41180		31577		2031
562		41180		31577		2031
563		41180		31577		2031
564		41180		31577		2031
565		41180		31577		2031
566		41180		31577		2031
567		41180		31577		2031
568		41180		31577		2031
569		41180		31577		2031
570		41180		31577		2031
571		41180		31577		2031
572		41180		31577		2031
573		41180		31577		2031
574		41180		31577		2031
575		41180		31577		2031
576		41180		31577		2031
577		41180		31577		2031
578		41180		31577		2031
579		41180		31577		2031
580		41180		31577		2031
581		41180		31577		2031
582		41180		31577		2031
583		41180		31577		2031
584		41180		31577		2031
585		41180		31577		2031
586		41180		31577		2031
587		41180		31577		2031
588		41180		31577		2031
589		41180		31577		2031
590		41180		31577		2031
591		41180		31577		2031
592		41180		31577		2031
593		41180		31577		2031
594		41180		31577		2031
595		41180		31577		2031
596		41180		31577		2031
597		41180		31577		2031
598		41180		31577		2031
599		41180		31577		2031
600		41180		31577		2031
601		41180		31577		2031
602		41180		31577		2031
603		41180		31577		2031
604		41180		31577		2031
605		41180		31577		2031
606		41180		31577		2031
607		41180		31577		2031
608		41180		31577		2031
609		41180		31577		2031
610		41180		31577		2031
611		41180		31577		2031
612		41180		31577		2031
613		41180		31577		2031
614		41180		31577		2031
615		41180		31577		2031
616		41180		31577		2031
617		41180		31577		2031
618		41180		31577		2031
619		41180		31577		2031
620		41180		31577		2031
621		41180		31577		2031
622		41180		31577		2031
623		41180		31577		2031
624		41180		31577		2031
625		41180		31577		2031
626		41180		31577		2031
627		41180		31577		2031
628		41180		31577		2031
629		41180		31577		2031
630		41180		31577		2031
631		41180		31577		2031
632		41180		31577		2031
633		41180		31577		2031
634		41180		31577		2031
635		41180		31577		2031
636		41180		31577		2031
637		41180		31577		2031
638		41180		31577		2031
639		41180		31577		2031
640		41180		31577		2031
641		41180		31577		2031
642		41180		31577		2031
643		41180		31577		2031
644		41180		31577		2031
645		41180		31577		2031
646		41180		31577		2031
647		41180		31577		2031
648		41180		31577		2031
649		41180		31577		2031
650		41180		31577		2031
651		41180		31577		2031
652		41180		31577		2031
653		41180		31577		2031
654		41180		31577		2031
655		41180		31577		2031
656		41180		31577		2031
657		41180		31577		2031
658		41180		31577		2031
659		41180		31577		2031
660		41180		31577		2031
661		41180		31577		2031
662		41180		31577		2031
663		41180		31577		2031
664		41180		31577		2031
665		41180		31577		2031
666		41180		31577		2031
667		41180		31577		2031
668		41180		31577		2031
669		41180		31577		2031
670		41180		31577		2031
671		41180		31577		2031
672		41180		31577		2031
673		41180		31577		2031
674		41180		31577		2031
675		41180		31577		2031
676		41180		31577		2031
677		41180		31577		2031
678		41180		31577		2031
679		41180		31577		2031
680		41180		31577		2031
681		41180		31577		2031
682		41180		31577		2031
683		41180		31577		2031
684		41180		31577		2031
685		41180		31577		2031
686		41180		31577		2031
687		41180		31577		2031
688		41180		31577		2031
689		41180		31577		2031
690		41180		31577		2031
691		41180		31577		2031
692		41180		31577		2031
693		41180		31577		2031
694		41180		31577		2031
695		41180		31577		2031
696		41180		31577		2031
697		41180		31577		2031
698		41180		31577		2031
699		41180		31577		2031
700		41180		31577		2031
701		41180		31577		2031
702		41180		31577		2031
703		41180		31577		2031
704		41180		31577		2031
705		41180		31577		2031
706		41180		31577		2031
707		41180		31577		2031
708		41180		31577		2031
709		41180		31577		2031
710		41180		31577		2031
711		41180		31577		2031
712		41180		31577		2031
713		41180		31577		2031
714		41180		31577		2031
715		41180		31577		2031
716		41180		31577		2031
717		41180		31577		2031
718		41180		31577		2031
719		41180		31577		2031
720		41180		31577		2031
721		41180		31577		2031
722		41180		31577		2031
723		41180		31577		2031
724		41180		31577		2031
725		41180		31577		2031
726		41180		31577		2031
727		41180		31577		2031
728		41180		31577		2031
729		41180		31577		2031
730		41180		31577		2031
731		41180		31577		2031
732		41180		31577		2031
733		41180		31577		2031
734		41180		31577		2031
735		41180		31577		2031
736		41180		31577		2031
737		41180		31577		2031
738		41180		31577		2031
739		41180		31577		2031
740		41180		31577		2031
741		41180		31577		2031
742		41180		31577		2031
743		41180		31577		2031
744		41180		31577		2031
745		41180		31577		2031
746		41180		31577		2031
747		41180		31577		2031
748		41180		31577		2031
749		41180		31577		2031
750		41180		31577		2031
751		41180		31577		2031
752		41180		31577		2031
753		41180		31577		2031
754		41180		31577		2031
755		41180		31577		2031
756		41180		31577		2031
757		41180		31577		2031
758		41180		31577		2031
759		41180		31577		2031
760		41180		31577		2031
761		41180		31577		2031
762		41180		31577		2031
763		41180		31577		2031
764		41180		31577		2031
765		41180		31577		2031
766		41180		31577		2031
767		41180		31577		2031
768		41180		31577		2031
769		41180		31577		2031
770		41180		31577		2031
771		41180		31577		2031
772		41180		31577		2031
773		41180		31577		2031
774		41180		31577		2031
775		41180		31577		2031
776		41180		31577		2031
777		41180		31577		2031
778		41180		31577		2031
779		41180		31577		2031
780		41180		31577		2031
781		41180		31577		2031
782		41180		31577		2031
783		41180		31577		2031
784		41180		31577		2031
785		41180		31577		2031
786		41180		31577		2031
787		41180		31577		2031
788		41180		31577		2031
789		41180		31577		2031
790		41180		31577		2031
791		41180		31577		2031
792		41180		31577		2031
793		41180		31577		2031
794		41180		31577		2031
795		41180		31577		2031
796		41180		31577		2031
797		41180		31577		2031
798		41180		31577		2031
799		41180		31577		2031
800		41180		31577		2031
801		41180		31577		2031
802		41180		31577		2031
803		41180		31577		2031
804		41180		31577		2031
805		41180		31577		2031
806		41180		31577		2031
807		41180		31577		2031
808		41180		31577		2031
809		41180		31577		2031
810		41180		31577		2031
811		41180		31577		2031
812		41180		31577		2031
813		41180		31577		2031
814		41180		31577		2031
815		41180		31577		2031
816		41180		31577		2031
817		41180		31577		2031
818		41180		31577		2031
819		41180		31577		2031
820		41180		31577		2031
821		41180		31577		2031
822		41180		31577		2031
823		41180		31577		2031
824		41180		31577		2031
825		41180		31577		2031
826		41180		31577		2031
827		41180		31577		2031
828		41180		31577		2031
829		41180		31577		2031
830		41180		31577		2031
831		41180		31577		2031
832		41180		31577		2031
833		41180		31577		2031
834		41180		31577		2031
835		41180		31577		2031
836		41180		31577		2031
837		41180		31577		2031
838		41180		31577		2031
839		41180		31577		2031
840		41180		31577		2031
841		41180		31577		2031
842		41180		31577		2031
843		41180		31577		2031
844		41180		31577		2031
845		41180		31577		2031
846		41180		31577		2031
847		41180		31577		2031
848		41180		31577		2031
849		41180		31577		2031
850		41180		31577		2031
851		41180		31577		2031
852		41180		31577		2031
853		41180		31577		2031
854		41180		31577		2031
855		41180		31577		2031
856		41180		31577		2031
857		41180		31577		2031
858		41180		31577		2031
859		41180		31577		2031
860		41180		31577		2031
861		41180		31577		2031
862		41180		31577		2031
863		41180		31577		2031
864		41180		31577		2031
865		41180		31577		2031
866		41180		31577		2031
867		41180		31577		2031
868		41180		31577		2031
869		41180		31577		2031
870		41180		31577		2031
871		41180		31577		2031
872		41180		31577		2031
873		41180		31577		2031
874		41180		31577		2031
875		41180		31577		2031
876		41180		31577		2031
877		41180		31577		2031
878		41180		31577		2031
879		41180		31577		2031
880		41180		31577		2031
881		41180		31577		2031
882		41180		31577		2031
883		41180		31577		2031
884		41180		31577		2031
885		41180		31577		2031
886		41180		31577		2031
887		41180		31577		2031
888		41180		31577		2031
889		41180		31577		2031
890		41180		31577		2031
891		41180		31577		2031
892		41180		31577		2031
893		41180		31577		2031
894		41180		31577		2031
895		41180		31577		2031
896		41180		31577		2031
897		41180		31577		2031
898		41180		31577		2031
899		41180		31577		2031
900		41180		31577		2031
901		41180		31577		2031
902		41180		31577		2031
903		41180		31577		2031
904		41180		31577		2031
905		41180		31577		2031
906		41180		31577		2031
907		41180		31577		2031
908		41180		31577		2031
909		41180		31577		2031
910		41180		31577		2031
911		41180		31577		2031
912		41180		31577		2031
913		41180		31577		2031
914		41180		31577		2031
915		41180		31577		2031
916		41180		31577		2031
917		41180		31577		2031
918		41180		31577		2031
919		41180		31577		2031
920		41180		31577		2031
921		41180		31577		2031
922		41180		31577		2031
923		41180		31577		2031
924		41180		31577		2031
925		41180		31577		2031
926		41180		31577		2031
927		41180		31577		2031
928		41180		31577		2031
929		41180		31577		2031
930		41180		31577		2031
931		41180		31577		2031
932		41180		31577		2031
933		41180		31577		2031
934		41180		31577		2031
935		41180		31577		2031
936		41180		31577		2031
937		41180		31577		2031
938		41180		31577		2031
939		41180		31577		2031
940		41180		31577		2031
941		41180		31577		2031
942		41180		31577		2031
943		41180		31577		2031
944		41180		31577		2031
945		41180		31577		2031
946		41180		31577		2031
947		41180		31577		2031
948		41180		31577		2031
949		41180		31577		2031
950		41180		31577		2031
951		41180		31577		2031
952		41180		31577		2031
953		41180		31577		2031
954		41180		31577		2031
955		41180		31577		2031
956		41180		31577		2031
957		41180		31577		2031
958		41180		31577		2031
959		41180		31577		2031
960		41180		31577		2031
961		41180		31577		2031
962		41180		31577		2031
963		41180		31577		2031
964		41180		31577		2031
965		41180		31577		2031
966		41180		31577		2031
967		41180		31577		2031
968		41180		31577		2031
969		41180		31577		2031
970		41180		31577		2031
971		41180		31577		2031
972		41180		31577		2031
973		41180		31577		2031
974		41180		31577		2031
975		41180		31577		2031
976		41180		31577		2031
977		41180		31577		2031
978		41180		31577		2031
979		41180		31577		2031
980		41180		31577		2031
981		41180		31577		2031
982		41180		31577		2031
983		41180		31577		2031
984		41180		31577		2031
985		41180		31577		2031
986		41180		31577		2031
987		41180		31577		2031
988		41180		31577		2031
989		41180		31577		2031
990		41180		31577		2031
991		41180		31577		2031
992		41180		31577		2031
993		41180		31577		2031
994		41180		31577		2031
995		41180		31577		2031
996		41180		31577		2031
997		41180		31577		2031
998		41180		31577		2031
999		41180		31577		2031
