# Migration is number of nodes that have changed color.

Round		Edge-Cut		Swaps		Migrations		Skipped
0		776		250		179
1		700		500		184
2		660		750		183
3		650		1000		174
4		597		1250		184
5		581		1500		190
6		571		1750		184
7		558		2000		192
8		529		2250		186
9		539		2500		191
10		529		2750		192
11		508		3000		184
12		496		3250		195
13		495		3500		182
14		487		3750		177
15		481		4000		178
16		481		4250		187
17		458		4499		186
18		457		4749		183
19		447		4999		183
20		446		5249		189
21		436		5499		188
22		440		5749		193
23		409		5999		191
24		410		6249		188
25		423		6499		190
26		427		6749		190
27		422		6998		187
28		421		7248		186
29		430		7498		183
30		423		7748		190
31		409		7998		188
32		406		8248		185
33		391		8498		186
34		384		8748		182
35		362		8998		187
36		343		9247		193
37		341		9497		192
38		317		9747		194
39		314		9997		187
40		315		10247		187
41		321		10497		187
42		302		10747		188
43		318		10997		190
44		312		11247		186
45		289		11497		189
46		283		11747		194
47		288		11996		192
48		296		12246		193
49		305		12496		191
50		300		12746		187
51		301		12996		191
52		290		13246		187
53		299		13496		187
54		290		13746		188
55		288		13996		186
56		295		14246		183
57		311		14496		193
58		282		14746		192
59		292		14996		186
60		288		15246		193
61		289		15496		190
62		288		15746		187
63		298		15996		183
64		301		16246		191
65		305		16496		185
66		317		16746		185
67		316		16996		189
68		309		17246		183
69		287		17496		185
70		284		17746		186
71		281		17996		196
72		294		18246		184
73		292		18495		185
74		293		18745		183
75		288		18995		187
76		286		19245		187
77		273		19495		186
78		265		19745		189
79		266		19995		186
80		255		20245		189
81		262		20495		188
82		260		20745		190
83		244		20995		188
84		239		21245		189
85		230		21495		187
86		233		21745		189
87		235		21995		189
88		237		22245		188
89		233		22495		188
90		239		22745		191
91		235		22995		190
92		228		23245		190
93		230		23495		189
94		229		23745		190
95		230		23995		187
96		229		24245		191
97		225		24495		190
98		233		24745		191
99		229		24994		188
100		237		25244		190
101		242		25494		188
102		238		25744		188
103		229		25994		185
104		235		26244		186
105		233		26494		186
106		227		26743		189
107		220		26993		190
108		230		27242		189
109		231		27492		191
110		224		27742		190
111		227		27992		190
112		234		28242		190
113		227		28492		189
114		237		28742		187
115		243		28992		185
116		244		29242		184
117		250		29491		188
118		246		29741		187
119		239		29991		190
120		235		30241		190
121		229		30491		189
122		237		30741		188
123		236		30991		188
124		238		31241		190
125		232		31491		191
126		236		31741		190
127		238		31991		188
128		240		32241		186
129		234		32491		185
130		237		32741		186
131		230		32991		189
132		233		33241		189
133		232		33490		189
134		222		33740		188
135		223		33989		188
136		223		34239		186
137		227		34489		190
138		228		34738		191
139		230		34988		188
140		222		35238		188
141		219		35488		189
142		222		35738		188
143		228		35988		189
144		242		36238		185
145		232		36488		188
146		227		36738		187
147		225		36987		189
148		226		37237		189
149		234		37487		186
150		235		37737		187
151		223		37987		183
152		225		38237		184
153		224		38487		187
154		215		38736		187
155		220		38986		185
156		222		39236		186
157		220		39485		187
158		217		39735		186
159		227		39985		189
160		224		40235		188
161		220		40485		184
162		225		40734		184
163		228		40983		188
164		219		41233		187
165		217		41483		189
166		215		41732		188
167		229		41982		184
168		230		42232		187
169		237		42482		188
170		227		42732		188
171		221		42982		183
172		215		43232		186
173		215		43482		186
174		217		43731		187
175		219		43980		184
176		216		44230		187
177		218		44480		186
178		218		44730		188
179		222		44980		183
180		231		45229		186
181		222		45479		187
182		223		45729		191
183		220		45979		189
184		219		46228		189
185		219		46478		189
186		218		46727		188
187		230		46977		187
188		223		47227		186
189		214		47477		186
190		219		47727		188
191		228		47976		188
192		218		48226		185
193		215		48476		186
194		217		48726		189
195		215		48975		188
196		216		49225		186
197		217		49475		187
198		217		49725		189
199		217		49975		189
200		219		50225		188
201		223		50475		185
202		231		50725		187
203		233		50975		188
204		223		51224		187
205		227		51474		189
206		232		51724		185
207		232		51973		189
208		221		52223		188
209		215		52473		188
210		219		52722		188
211		223		52972		189
212		218		53222		188
213		224		53471		185
214		224		53721		183
215		216		53969		184
216		218		54219		186
217		218		54469		186
218		219		54719		185
219		227		54969		185
220		225		55219		186
221		224		55468		183
222		217		55717		185
223		219		55966		189
224		221		56216		187
225		225		56466		186
226		220		56716		186
227		216		56965		186
228		222		57215		186
229		224		57464		190
230		219		57714		189
231		213		57964		187
232		217		58213		189
233		217		58462		189
234		215		58711		188
235		218		58961		187
236		221		59211		190
237		217		59461		187
238		222		59710		186
239		224		59960		185
240		226		60210		186
241		228		60460		185
242		229		60710		190
243		222		60960		188
244		224		61210		185
245		219		61459		189
246		220		61709		187
247		224		61959		187
248		221		62209		186
249		223		62458		187
250		217		62708		185
251		219		62958		188
252		215		63208		188
253		217		63457		189
254		215		63707		188
255		219		63957		189
256		219		64207		190
257		217		64456		187
258		221		64706		186
259		221		64956		187
260		221		65206		189
261		225		65455		189
262		231		65704		190
263		233		65953		188
264		220		66203		187
265		214		66453		187
266		218		66703		189
267		219		66953		189
268		216		67202		188
269		216		67451		188
270		220		67700		189
271		220		67950		190
272		226		68200		190
273		218		68449		187
274		218		68699		187
275		219		68949		187
276		223		69199		187
277		219		69449		190
278		227		69698		190
279		226		69948		184
280		225		70198		183
281		225		70448		186
282		216		70698		186
283		214		70948		187
284		216		71198		187
285		218		71448		188
286		222		71698		187
287		218		71946		189
288		218		72196		187
289		223		72446		189
290		220		72696		187
291		222		72945		185
292		221		73195		187
293		227		73445		188
294		225		73695		187
295		220		73945		188
296		218		74195		185
297		223		74445		185
298		226		74695		186
299		224		74945		186
300		214		75195		187
301		216		75445		188
302		220		75694		189
303		216		75944		186
304		216		76194		186
305		218		76444		187
306		216		76694		187
307		214		76944		187
308		214		77194		187
309		216		77444		186
310		220		77694		188
311		216		77944		185
312		216		78194		185
313		220		78444		183
314		221		78693		190
315		218		78942		189
316		216		79192		188
317		216		79441		186
318		220		79691		187
319		222		79940		189
320		222		80190		190
321		221		80439		188
322		223		80689		185
323		225		80939		189
324		228		81189		187
325		227		81439		189
326		229		81689		187
327		230		81939		189
328		224		82189		189
329		224		82439		188
330		227		82689		188
331		221		82938		188
332		229		83188		189
333		228		83438		187
334		223		83450		187
335		222		83458		184
336		221		83466		187
337		219		83470		186
338		214		83473		187
339		212		83476		187
340		212		83478		187
341		207		83481		185
342		207		83483		185
343		210		83486		184
344		207		83488		186
345		207		83488		186
346		205		83489		185
347		205		83489		185
348		205		83489		185
349		203		83490		185
350		203		83490		185
351		203		83490		185
352		203		83490		185
353		203		83490		185
354		203		83490		185
355		203		83490		185
356		203		83490		185
357		203		83490		185
358		203		83490		185
359		203		83490		185
360		203		83490		185
361		203		83490		185
362		203		83490		185
363		203		83490		185
364		203		83490		185
365		203		83490		185
366		203		83490		185
367		203		83490		185
368		203		83490		185
369		203		83490		185
370		203		83490		185
371		203		83490		185
372		203		83490		185
373		203		83490		185
374		203		83490		185
375		203		83490		185
376		203		83490		185
377		203		83490		185
378		203		83490		185
379		203		83490		185
380		203		83490		185
381		203		83490		185
382		203		83490		185
383		203		83490		185
384		203		83490		185
385		203		83490		185
386		203		83490		185
387		203		83490		185
388		203		83490		185
389		203		83490		185
390		203		83490		185
391		203		83490		185
392		203		83490		185
393		203		83490		185
394		203		83490		185
395		203		83490		185
396		203		83490		185
397		203		83490		185
398		203		83490		185
399		203		83490		185
400		203		83490		185
401		203		83490		185
402		203		83490		185
403		203		83490		185
404		203		83490		185
405		203		83490		185
406		203		83490		185
407		203		83490		185
408		203		83490		185
409		203		83490		185
410		203		83490		185
411		203		83490		185
412		203		83490		185
413		203		83490		185
414		203		83490		185
415		203		83490		185
416		203		83490		185
417		203		83490		185
418		203		83490		185
419		203		83490		185
420		203		83490		185
421		203		83490		185
422		203		83490		185
423		203		83490		185
424		203		83490		185
425		203		83490		185
426		203		83490		185
427		203		83490		185
428		203		83490		185
429		203		83490		185
430		203		83490		185
431		203		83490		185
432		203		83490		185
433		203		83490		185
434		203		83490		185
435		203		83490		185
436		203		83490		185
437		203		83490		185
438		203		83490		185
439		203		83490		185
440		203		83490		185
441		203		83490		185
442		203		83490		185
443		203		83490		185
444		203		83490		185
445		203		83490		185
446		203		83490		185
447		203		83490		185
448		203		83490		185
449		203		83490		185
450		203		83490		185
451		203		83490		185
452		203		83490		185
453		203		83490		185
454		203		83490		185
455		203		83490		185
456		203		83490		185
457		203		83490		185
458		203		83490		185
459		203		83490		185
460		203		83490		185
461		203		83490		185
462		203		83490		185
463		203		83490		185
464		203		83490		185
465		203		83490		185
466		203		83490		185
467		203		83490		185
468		203		83490		185
469		203		83490		185
470		203		83490		185
471		203		83490		185
472		203		83490		185
473		203		83490		185
474		203		83490		185
475		203		83490		185
476		203		83490		185
477		203		83490		185
478		203		83490		185
479		203		83490		185
480		203		83490		185
481		203		83490		185
482		203		83490		185
483		203		83490		185
484		203		83490		185
485		203		83490		185
486		203		83490		185
487		203		83490		185
488		203		83490		185
489		203		83490		185
490		203		83490		185
491		203		83490		185
492		203		83490		185
493		203		83490		185
494		203		83490		185
495		203		83490		185
496		203		83490		185
497		203		83490		185
498		203		83490		185
499		203		83490		185
500		203		83490		185
501		203		83490		185
502		203		83490		185
503		203		83490		185
504		203		83490		185
505		203		83490		185
506		203		83490		185
507		203		83490		185
508		203		83490		185
509		203		83490		185
510		203		83490		185
511		203		83490		185
512		203		83490		185
513		203		83490		185
514		203		83490		185
515		203		83490		185
516		203		83490		185
517		203		83490		185
518		203		83490		185
519		203		83490		185
520		203		83490		185
521		203		83490		185
522		203		83490		185
523		203		83490		185
524		203		83490		185
525		203		83490		185
526		203		83490		185
527		203		83490		185
528		203		83490		185
529		203		83490		185
530		203		83490		185
531		203		83490		185
532		203		83490		185
533		203		83490		185
534		203		83490		185
535		203		83490		185
536		203		83490		185
537		203		83490		185
538		203		83490		185
539		203		83490		185
540		203		83490		185
541		203		83490		185
542		203		83490		185
543		203		83490		185
544		203		83490		185
545		203		83490		185
546		203		83490		185
547		203		83490		185
548		203		83490		185
549		203		83490		185
550		203		83490		185
551		203		83490		185
552		203		83490		185
553		203		83490		185
554		203		83490		185
555		203		83490		185
556		203		83490		185
557		203		83490		185
558		203		83490		185
559		203		83490		185
560		203		83490		185
561		203		83490		185
562		203		83490		185
563		203		83490		185
564		203		83490		185
565		203		83490		185
566		203		83490		185
567		203		83490		185
568		203		83490		185
569		203		83490		185
570		203		83490		185
571		203		83490		185
572		203		83490		185
573		203		83490		185
574		203		83490		185
575		203		83490		185
576		203		83490		185
577		203		83490		185
578		203		83490		185
579		203		83490		185
580		203		83490		185
581		203		83490		185
582		203		83490		185
583		203		83490		185
584		203		83490		185
585		203		83490		185
586		203		83490		185
587		203		83490		185
588		203		83490		185
589		203		83490		185
590		203		83490		185
591		203		83490		185
592		203		83490		185
593		203		83490		185
594		203		83490		185
595		203		83490		185
596		203		83490		185
597		203		83490		185
598		203		83490		185
599		203		83490		185
600		203		83490		185
601		203		83490		185
602		203		83490		185
603		203		83490		185
604		203		83490		185
605		203		83490		185
606		203		83490		185
607		203		83490		185
608		203		83490		185
609		203		83490		185
610		203		83490		185
611		203		83490		185
612		203		83490		185
613		203		83490		185
614		203		83490		185
615		203		83490		185
616		203		83490		185
617		203		83490		185
618		203		83490		185
619		203		83490		185
620		203		83490		185
621		203		83490		185
622		203		83490		185
623		203		83490		185
624		203		83490		185
625		203		83490		185
626		203		83490		185
627		203		83490		185
628		203		83490		185
629		203		83490		185
630		203		83490		185
631		203		83490		185
632		203		83490		185
633		203		83490		185
634		203		83490		185
635		203		83490		185
636		203		83490		185
637		203		83490		185
638		203		83490		185
639		203		83490		185
640		203		83490		185
641		203		83490		185
642		203		83490		185
643		203		83490		185
644		203		83490		185
645		203		83490		185
646		203		83490		185
647		203		83490		185
648		203		83490		185
649		203		83490		185
650		203		83490		185
651		203		83490		185
652		203		83490		185
653		203		83490		185
654		203		83490		185
655		203		83490		185
656		203		83490		185
657		203		83490		185
658		203		83490		185
659		203		83490		185
660		203		83490		185
661		203		83490		185
662		203		83490		185
663		203		83490		185
664		203		83490		185
665		203		83490		185
666		203		83490		185
667		203		83490		185
668		203		83490		185
669		203		83490		185
670		203		83490		185
671		203		83490		185
672		203		83490		185
673		203		83490		185
674		203		83490		185
675		203		83490		185
676		203		83490		185
677		203		83490		185
678		203		83490		185
679		203		83490		185
680		203		83490		185
681		203		83490		185
682		203		83490		185
683		203		83490		185
684		203		83490		185
685		203		83490		185
686		203		83490		185
687		203		83490		185
688		203		83490		185
689		203		83490		185
690		203		83490		185
691		203		83490		185
692		203		83490		185
693		203		83490		185
694		203		83490		185
695		203		83490		185
696		203		83490		185
697		203		83490		185
698		203		83490		185
699		203		83490		185
700		203		83490		185
701		203		83490		185
702		203		83490		185
703		203		83490		185
704		203		83490		185
705		203		83490		185
706		203		83490		185
707		203		83490		185
708		203		83490		185
709		203		83490		185
710		203		83490		185
711		203		83490		185
712		203		83490		185
713		203		83490		185
714		203		83490		185
715		203		83490		185
716		203		83490		185
717		203		83490		185
718		203		83490		185
719		203		83490		185
720		203		83490		185
721		203		83490		185
722		203		83490		185
723		203		83490		185
724		203		83490		185
725		203		83490		185
726		203		83490		185
727		203		83490		185
728		203		83490		185
729		203		83490		185
730		203		83490		185
731		203		83490		185
732		203		83490		185
733		203		83490		185
734		203		83490		185
735		203		83490		185
736		203		83490		185
737		203		83490		185
738		203		83490		185
739		203		83490		185
740		203		83490		185
741		203		83490		185
742		203		83490		185
743		203		83490		185
744		203		83490		185
745		203		83490		185
746		203		83490		185
747		203		83490		185
748		203		83490		185
749		203		83490		185
750		203		83490		185
751		203		83490		185
752		203		83490		185
753		203		83490		185
754		203		83490		185
755		203		83490		185
756		203		83490		185
757		203		83490		185
758		203		83490		185
759		203		83490		185
760		203		83490		185
761		203		83490		185
762		203		83490		185
763		203		83490		185
764		203		83490		185
765		203		83490		185
766		203		83490		185
767		203		83490		185
768		203		83490		185
769		203		83490		185
770		203		83490		185
771		203		83490		185
772		203		83490		185
773		203		83490		185
774		203		83490		185
775		203		83490		185
776		203		83490		185
777		203		83490		185
778		203		83490		185
779		203		83490		185
780		203		83490		185
781		203		83490		185
782		203		83490		185
783		203		83490		185
784		203		83490		185
785		203		83490		185
786		203		83490		185
787		203		83490		185
788		203		83490		185
789		203		83490		185
790		203		83490		185
791		203		83490		185
792		203		83490		185
793		203		83490		185
794		203		83490		185
795		203		83490		185
796		203		83490		185
797		203		83490		185
798		203		83490		185
799		203		83490		185
800		203		83490		185
801		203		83490		185
802		203		83490		185
803		203		83490		185
804		203		83490		185
805		203		83490		185
806		203		83490		185
807		203		83490		185
808		203		83490		185
809		203		83490		185
810		203		83490		185
811		203		83490		185
812		203		83490		185
813		203		83490		185
814		203		83490		185
815		203		83490		185
816		203		83490		185
817		203		83490		185
818		203		83490		185
819		203		83490		185
820		203		83490		185
821		203		83490		185
822		203		83490		185
823		203		83490		185
824		203		83490		185
825		203		83490		185
826		203		83490		185
827		203		83490		185
828		203		83490		185
829		203		83490		185
830		203		83490		185
831		203		83490		185
832		203		83490		185
833		203		83490		185
834		203		83490		185
835		203		83490		185
836		203		83490		185
837		203		83490		185
838		203		83490		185
839		203		83490		185
840		203		83490		185
841		203		83490		185
842		203		83490		185
843		203		83490		185
844		203		83490		185
845		203		83490		185
846		203		83490		185
847		203		83490		185
848		203		83490		185
849		203		83490		185
850		203		83490		185
851		203		83490		185
852		203		83490		185
853		203		83490		185
854		203		83490		185
855		203		83490		185
856		203		83490		185
857		203		83490		185
858		203		83490		185
859		203		83490		185
860		203		83490		185
861		203		83490		185
862		203		83490		185
863		203		83490		185
864		203		83490		185
865		203		83490		185
866		203		83490		185
867		203		83490		185
868		203		83490		185
869		203		83490		185
870		203		83490		185
871		203		83490		185
872		203		83490		185
873		203		83490		185
874		203		83490		185
875		203		83490		185
876		203		83490		185
877		203		83490		185
878		203		83490		185
879		203		83490		185
880		203		83490		185
881		203		83490		185
882		203		83490		185
883		203		83490		185
884		203		83490		185
885		203		83490		185
886		203		83490		185
887		203		83490		185
888		203		83490		185
889		203		83490		185
890		203		83490		185
891		203		83490		185
892		203		83490		185
893		203		83490		185
894		203		83490		185
895		203		83490		185
896		203		83490		185
897		203		83490		185
898		203		83490		185
899		203		83490		185
900		203		83490		185
901		203		83490		185
902		203		83490		185
903		203		83490		185
904		203		83490		185
905		203		83490		185
906		203		83490		185
907		203		83490		185
908		203		83490		185
909		203		83490		185
910		203		83490		185
911		203		83490		185
912		203		83490		185
913		203		83490		185
914		203		83490		185
915		203		83490		185
916		203		83490		185
917		203		83490		185
918		203		83490		185
919		203		83490		185
920		203		83490		185
921		203		83490		185
922		203		83490		185
923		203		83490		185
924		203		83490		185
925		203		83490		185
926		203		83490		185
927		203		83490		185
928		203		83490		185
929		203		83490		185
930		203		83490		185
931		203		83490		185
932		203		83490		185
933		203		83490		185
934		203		83490		185
935		203		83490		185
936		203		83490		185
937		203		83490		185
938		203		83490		185
939		203		83490		185
940		203		83490		185
941		203		83490		185
942		203		83490		185
943		203		83490		185
944		203		83490		185
945		203		83490		185
946		203		83490		185
947		203		83490		185
948		203		83490		185
949		203		83490		185
950		203		83490		185
951		203		83490		185
952		203		83490		185
953		203		83490		185
954		203		83490		185
955		203		83490		185
956		203		83490		185
957		203		83490		185
958		203		83490		185
959		203		83490		185
960		203		83490		185
961		203		83490		185
962		203		83490		185
963		203		83490		185
964		203		83490		185
965		203		83490		185
966		203		83490		185
967		203		83490		185
968		203		83490		185
969		203		83490		185
970		203		83490		185
971		203		83490		185
972		203		83490		185
973		203		83490		185
974		203		83490		185
975		203		83490		185
976		203		83490		185
977		203		83490		185
978		203		83490		185
979		203		83490		185
980		203		83490		185
981		203		83490		185
982		203		83490		185
983		203		83490		185
984		203		83490		185
985		203		83490		185
986		203		83490		185
987		203		83490		185
988		203		83490		185
989		203		83490		185
990		203		83490		185
991		203		83490		185
992		203		83490		185
993		203		83490		185
994		203		83490		185
995		203		83490		185
996		203		83490		185
997		203		83490		185
998		203		83490		185
999		203		83490		185
