# Migration is number of nodes that have changed color.

Round		Edge-Cut		Swaps		Migrations		Skipped
0		713		250		157
1		651		500		163
2		617		750		164
3		604		1000		168
4		551		1250		174
5		557		1500		164
6		547		1750		162
7		530		2000		164
8		539		2250		158
9		505		2500		174
10		485		2750		155
11		462		3000		167
12		455		3250		166
13		464		3500		157
14		443		3750		167
15		438		4000		168
16		406		4250		168
17		382		4500		165
18		405		4750		170
19		392		5000		162
20		401		5250		170
21		391		5500		167
22		393		5750		173
23		388		6000		169
24		360		6250		170
25		376		6500		169
26		373		6750		174
27		366		7000		167
28		373		7250		170
29		378		7500		172
30		383		7750		173
31		380		8000		173
32		363		8250		173
33		372		8500		173
34		358		8750		167
35		367		8999		168
36		351		9249		171
37		353		9498		175
38		359		9748		169
39		359		9998		175
40		357		10248		175
41		361		10498		172
42		343		10748		171
43		368		10998		181
44		389		11248		172
45		354		11498		167
46		350		11748		175
47		327		11998		173
48		334		12248		177
49		353		12498		179
50		323		12748		178
51		329		12998		178
52		321		13248		178
53		315		13498		175
54		316		13748		182
55		321		13998		176
56		323		14248		174
57		319		14498		174
58		302		14748		174
59		323		14998		176
60		325		15248		173
61		331		15498		169
62		321		15748		169
63		321		15998		172
64		311		16248		173
65		311		16498		179
66		317		16748		174
67		329		16998		175
68		331		17248		175
69		318		17498		178
70		309		17748		176
71		311		17998		178
72		325		18248		177
73		324		18497		179
74		318		18747		178
75		313		18997		171
76		303		19247		173
77		300		19497		176
78		312		19747		174
79		304		19997		175
80		313		20247		171
81		311		20497		176
82		300		20747		171
83		307		20997		174
84		312		21247		176
85		319		21497		170
86		337		21747		167
87		320		21997		169
88		315		22247		174
89		308		22497		173
90		316		22747		176
91		319		22997		169
92		319		23247		170
93		320		23497		174
94		311		23747		167
95		289		23997		175
96		295		24247		169
97		295		24496		172
98		289		24746		174
99		310		24996		169
100		302		25246		172
101		302		25495		169
102		300		25745		173
103		290		25995		170
104		292		26245		168
105		277		26495		169
106		280		26745		172
107		286		26995		173
108		289		27245		177
109		298		27495		175
110		283		27745		173
111		282		27994		175
112		287		28244		173
113		280		28494		169
114		273		28744		168
115		284		28994		170
116		281		29244		169
117		270		29494		175
118		263		29744		172
119		263		29994		171
120		263		30244		172
121		273		30494		168
122		266		30743		173
123		272		30992		171
124		267		31242		173
125		264		31492		171
126		265		31742		170
127		262		31992		171
128		260		32242		170
129		265		32492		171
130		273		32742		169
131		272		32992		169
132		254		33242		174
133		250		33492		172
134		260		33742		174
135		271		33992		172
136		264		34242		172
137		267		34491		174
138		269		34741		172
139		274		34991		167
140		282		35241		173
141		278		35491		171
142		265		35741		171
143		266		35991		175
144		266		36241		170
145		277		36491		172
146		277		36740		176
147		266		36990		171
148		265		37239		173
149		273		37489		169
150		283		37739		168
151		278		37988		170
152		273		38238		168
153		277		38487		171
154		258		38737		170
155		260		38987		170
156		256		39237		171
157		261		39486		173
158		260		39735		173
159		262		39985		172
160		248		40235		172
161		250		40485		174
162		250		40735		171
163		250		40985		174
164		252		41235		174
165		247		41483		174
166		247		41733		175
167		248		41983		175
168		247		42232		174
169		242		42482		174
170		246		42731		174
171		249		42980		172
172		244		43230		174
173		248		43480		171
174		252		43730		175
175		243		43980		174
176		251		44230		177
177		240		44480		176
178		243		44730		176
179		250		44980		173
180		247		45230		174
181		248		45480		175
182		247		45730		176
183		248		45980		175
184		249		46229		173
185		240		46479		173
186		244		46729		173
187		240		46978		173
188		239		47227		173
189		246		47477		171
190		247		47726		173
191		245		47976		172
192		251		48225		173
193		251		48475		176
194		247		48725		174
195		252		48975		175
196		259		49225		175
197		266		49474		172
198		266		49724		172
199		269		49974		173
200		264		50224		176
201		262		50474		172
202		257		50723		175
203		261		50973		175
204		258		51222		176
205		250		51472		174
206		253		51722		171
207		255		51972		173
208		250		52222		170
209		259		52472		172
210		255		52721		173
211		245		52971		175
212		253		53221		172
213		245		53471		174
214		245		53721		173
215		244		53971		172
216		251		54221		174
217		251		54470		175
218		248		54720		170
219		247		54969		175
220		249		55219		175
221		251		55468		173
222		252		55718		173
223		263		55968		173
224		255		56218		176
225		249		56468		173
226		249		56718		173
227		247		56968		172
228		241		57218		176
229		252		57468		174
230		253		57716		172
231		249		57965		174
232		250		58215		172
233		252		58464		173
234		255		58714		173
235		258		58964		170
236		255		59214		170
237		263		59464		173
238		253		59714		171
239		254		59964		176
240		262		60214		169
241		257		60464		171
242		255		60714		175
243		258		60964		175
244		249		61214		171
245		255		61464		172
246		251		61713		174
247		253		61963		172
248		251		62213		171
249		258		62463		170
250		253		62712		173
251		244		62962		174
252		246		63211		172
253		248		63460		171
254		249		63710		172
255		246		63959		171
256		240		64209		172
257		245		64459		173
258		245		64709		170
259		244		64959		172
260		247		65208		171
261		242		65457		172
262		253		65706		173
263		243		65956		172
264		240		66206		172
265		238		66455		171
266		244		66705		172
267		257		66953		173
268		254		67203		169
269		254		67452		170
270		257		67702		171
271		260		67952		173
272		248		68202		172
273		250		68452		172
274		251		68702		170
275		254		68951		172
276		250		69200		171
277		250		69448		170
278		242		69698		170
279		241		69947		175
280		238		70197		175
281		249		70447		175
282		244		70697		170
283		246		70947		174
284		247		71197		172
285		250		71445		172
286		242		71695		174
287		242		71945		170
288		248		72195		175
289		239		72445		172
290		242		72694		172
291		246		72944		170
292		239		73194		171
293		242		73444		174
294		238		73694		174
295		240		73944		175
296		240		74194		174
297		241		74444		177
298		240		74694		176
299		234		74944		173
300		237		75194		175
301		234		75444		171
302		239		75694		174
303		237		75944		173
304		237		76194		175
305		237		76444		175
306		233		76694		172
307		237		76943		173
308		239		77193		171
309		241		77443		172
310		250		77692		174
311		238		77941		176
312		232		78191		172
313		230		78441		173
314		236		78691		172
315		232		78941		171
316		234		79191		172
317		232		79440		171
318		232		79689		172
319		232		79939		173
320		237		80189		172
321		236		80439		176
322		233		80689		173
323		231		80939		173
324		231		81189		171
325		238		81439		173
326		237		81688		173
327		231		81937		172
328		225		82186		170
329		227		82435		171
330		229		82685		172
331		226		82935		171
332		233		83185		171
333		229		83435		171
334		225		83437		170
335		226		83439		171
336		225		83440		170
337		226		83442		171
338		228		83445		171
339		223		83447		172
340		223		83447		172
341		223		83448		172
342		223		83448		172
343		223		83448		172
344		222		83449		173
345		222		83449		173
346		222		83449		173
347		222		83449		173
348		222		83449		173
349		222		83449		173
350		222		83449		173
351		222		83449		173
352		222		83449		173
353		222		83449		173
354		222		83449		173
355		222		83449		173
356		222		83449		173
357		222		83449		173
358		222		83449		173
359		222		83449		173
360		222		83449		173
361		222		83449		173
362		222		83449		173
363		222		83449		173
364		222		83449		173
365		222		83449		173
366		222		83449		173
367		222		83449		173
368		222		83449		173
369		222		83449		173
370		222		83449		173
371		222		83449		173
372		222		83449		173
373		222		83449		173
374		222		83449		173
375		222		83449		173
376		222		83449		173
377		222		83449		173
378		222		83449		173
379		222		83449		173
380		222		83449		173
381		222		83449		173
382		222		83449		173
383		222		83449		173
384		222		83449		173
385		222		83449		173
386		222		83449		173
387		222		83449		173
388		222		83449		173
389		222		83449		173
390		222		83449		173
391		222		83449		173
392		222		83449		173
393		222		83449		173
394		222		83449		173
395		222		83449		173
396		222		83449		173
397		222		83449		173
398		222		83449		173
399		222		83449		173
400		222		83449		173
401		222		83449		173
402		222		83449		173
403		222		83449		173
404		222		83449		173
405		222		83449		173
406		222		83449		173
407		222		83449		173
408		222		83449		173
409		222		83449		173
410		222		83449		173
411		222		83449		173
412		222		83449		173
413		222		83449		173
414		222		83449		173
415		222		83449		173
416		222		83449		173
417		222		83449		173
418		222		83449		173
419		222		83449		173
420		222		83449		173
421		222		83449		173
422		222		83449		173
423		222		83449		173
424		222		83449		173
425		222		83449		173
426		222		83449		173
427		222		83449		173
428		222		83449		173
429		222		83449		173
430		222		83449		173
431		222		83449		173
432		222		83449		173
433		222		83449		173
434		222		83449		173
435		222		83449		173
436		222		83449		173
437		222		83449		173
438		222		83449		173
439		222		83449		173
440		222		83449		173
441		222		83449		173
442		222		83449		173
443		222		83449		173
444		222		83449		173
445		222		83449		173
446		222		83449		173
447		222		83449		173
448		222		83449		173
449		222		83449		173
450		222		83449		173
451		222		83449		173
452		222		83449		173
453		222		83449		173
454		222		83449		173
455		222		83449		173
456		222		83449		173
457		222		83449		173
458		222		83449		173
459		222		83449		173
460		222		83449		173
461		222		83449		173
462		222		83449		173
463		222		83449		173
464		222		83449		173
465		222		83449		173
466		222		83449		173
467		222		83449		173
468		222		83449		173
469		222		83449		173
470		222		83449		173
471		222		83449		173
472		222		83449		173
473		222		83449		173
474		222		83449		173
475		222		83449		173
476		222		83449		173
477		222		83449		173
478		222		83449		173
479		222		83449		173
480		222		83449		173
481		222		83449		173
482		222		83449		173
483		222		83449		173
484		222		83449		173
485		222		83449		173
486		222		83449		173
487		222		83449		173
488		222		83449		173
489		222		83449		173
490		222		83449		173
491		222		83449		173
492		222		83449		173
493		222		83449		173
494		222		83449		173
495		222		83449		173
496		222		83449		173
497		222		83449		173
498		222		83449		173
499		222		83449		173
500		222		83449		173
501		222		83449		173
502		222		83449		173
503		222		83449		173
504		222		83449		173
505		222		83449		173
506		222		83449		173
507		222		83449		173
508		222		83449		173
509		222		83449		173
510		222		83449		173
511		222		83449		173
512		222		83449		173
513		222		83449		173
514		222		83449		173
515		222		83449		173
516		222		83449		173
517		222		83449		173
518		222		83449		173
519		222		83449		173
520		222		83449		173
521		222		83449		173
522		222		83449		173
523		222		83449		173
524		222		83449		173
525		222		83449		173
526		222		83449		173
527		222		83449		173
528		222		83449		173
529		222		83449		173
530		222		83449		173
531		222		83449		173
532		222		83449		173
533		222		83449		173
534		222		83449		173
535		222		83449		173
536		222		83449		173
537		222		83449		173
538		222		83449		173
539		222		83449		173
540		222		83449		173
541		222		83449		173
542		222		83449		173
543		222		83449		173
544		222		83449		173
545		222		83449		173
546		222		83449		173
547		222		83449		173
548		222		83449		173
549		222		83449		173
550		222		83449		173
551		222		83449		173
552		222		83449		173
553		222		83449		173
554		222		83449		173
555		222		83449		173
556		222		83449		173
557		222		83449		173
558		222		83449		173
559		222		83449		173
560		222		83449		173
561		222		83449		173
562		222		83449		173
563		222		83449		173
564		222		83449		173
565		222		83449		173
566		222		83449		173
567		222		83449		173
568		222		83449		173
569		222		83449		173
570		222		83449		173
571		222		83449		173
572		222		83449		173
573		222		83449		173
574		222		83449		173
575		222		83449		173
576		222		83449		173
577		222		83449		173
578		222		83449		173
579		222		83449		173
580		222		83449		173
581		222		83449		173
582		222		83449		173
583		222		83449		173
584		222		83449		173
585		222		83449		173
586		222		83449		173
587		222		83449		173
588		222		83449		173
589		222		83449		173
590		222		83449		173
591		222		83449		173
592		222		83449		173
593		222		83449		173
594		222		83449		173
595		222		83449		173
596		222		83449		173
597		222		83449		173
598		222		83449		173
599		222		83449		173
600		222		83449		173
601		222		83449		173
602		222		83449		173
603		222		83449		173
604		222		83449		173
605		222		83449		173
606		222		83449		173
607		222		83449		173
608		222		83449		173
609		222		83449		173
610		222		83449		173
611		222		83449		173
612		222		83449		173
613		222		83449		173
614		222		83449		173
615		222		83449		173
616		222		83449		173
617		222		83449		173
618		222		83449		173
619		222		83449		173
620		222		83449		173
621		222		83449		173
622		222		83449		173
623		222		83449		173
624		222		83449		173
625		222		83449		173
626		222		83449		173
627		222		83449		173
628		222		83449		173
629		222		83449		173
630		222		83449		173
631		222		83449		173
632		222		83449		173
633		222		83449		173
634		222		83449		173
635		222		83449		173
636		222		83449		173
637		222		83449		173
638		222		83449		173
639		222		83449		173
640		222		83449		173
641		222		83449		173
642		222		83449		173
643		222		83449		173
644		222		83449		173
645		222		83449		173
646		222		83449		173
647		222		83449		173
648		222		83449		173
649		222		83449		173
650		222		83449		173
651		222		83449		173
652		222		83449		173
653		222		83449		173
654		222		83449		173
655		222		83449		173
656		222		83449		173
657		222		83449		173
658		222		83449		173
659		222		83449		173
660		222		83449		173
661		222		83449		173
662		222		83449		173
663		222		83449		173
664		222		83449		173
665		222		83449		173
666		222		83449		173
667		222		83449		173
668		222		83449		173
669		222		83449		173
670		222		83449		173
671		222		83449		173
672		222		83449		173
673		222		83449		173
674		222		83449		173
675		222		83449		173
676		222		83449		173
677		222		83449		173
678		222		83449		173
679		222		83449		173
680		222		83449		173
681		222		83449		173
682		222		83449		173
683		222		83449		173
684		222		83449		173
685		222		83449		173
686		222		83449		173
687		222		83449		173
688		222		83449		173
689		222		83449		173
690		222		83449		173
691		222		83449		173
692		222		83449		173
693		222		83449		173
694		222		83449		173
695		222		83449		173
696		222		83449		173
697		222		83449		173
698		222		83449		173
699		222		83449		173
700		222		83449		173
701		222		83449		173
702		222		83449		173
703		222		83449		173
704		222		83449		173
705		222		83449		173
706		222		83449		173
707		222		83449		173
708		222		83449		173
709		222		83449		173
710		222		83449		173
711		222		83449		173
712		222		83449		173
713		222		83449		173
714		222		83449		173
715		222		83449		173
716		222		83449		173
717		222		83449		173
718		222		83449		173
719		222		83449		173
720		222		83449		173
721		222		83449		173
722		222		83449		173
723		222		83449		173
724		222		83449		173
725		222		83449		173
726		222		83449		173
727		222		83449		173
728		222		83449		173
729		222		83449		173
730		222		83449		173
731		222		83449		173
732		222		83449		173
733		222		83449		173
734		222		83449		173
735		222		83449		173
736		222		83449		173
737		222		83449		173
738		222		83449		173
739		222		83449		173
740		222		83449		173
741		222		83449		173
742		222		83449		173
743		222		83449		173
744		222		83449		173
745		222		83449		173
746		222		83449		173
747		222		83449		173
748		222		83449		173
749		222		83449		173
750		222		83449		173
751		222		83449		173
752		222		83449		173
753		222		83449		173
754		222		83449		173
755		222		83449		173
756		222		83449		173
757		222		83449		173
758		222		83449		173
759		222		83449		173
760		222		83449		173
761		222		83449		173
762		222		83449		173
763		222		83449		173
764		222		83449		173
765		222		83449		173
766		222		83449		173
767		222		83449		173
768		222		83449		173
769		222		83449		173
770		222		83449		173
771		222		83449		173
772		222		83449		173
773		222		83449		173
774		222		83449		173
775		222		83449		173
776		222		83449		173
777		222		83449		173
778		222		83449		173
779		222		83449		173
780		222		83449		173
781		222		83449		173
782		222		83449		173
783		222		83449		173
784		222		83449		173
785		222		83449		173
786		222		83449		173
787		222		83449		173
788		222		83449		173
789		222		83449		173
790		222		83449		173
791		222		83449		173
792		222		83449		173
793		222		83449		173
794		222		83449		173
795		222		83449		173
796		222		83449		173
797		222		83449		173
798		222		83449		173
799		222		83449		173
800		222		83449		173
801		222		83449		173
802		222		83449		173
803		222		83449		173
804		222		83449		173
805		222		83449		173
806		222		83449		173
807		222		83449		173
808		222		83449		173
809		222		83449		173
810		222		83449		173
811		222		83449		173
812		222		83449		173
813		222		83449		173
814		222		83449		173
815		222		83449		173
816		222		83449		173
817		222		83449		173
818		222		83449		173
819		222		83449		173
820		222		83449		173
821		222		83449		173
822		222		83449		173
823		222		83449		173
824		222		83449		173
825		222		83449		173
826		222		83449		173
827		222		83449		173
828		222		83449		173
829		222		83449		173
830		222		83449		173
831		222		83449		173
832		222		83449		173
833		222		83449		173
834		222		83449		173
835		222		83449		173
836		222		83449		173
837		222		83449		173
838		222		83449		173
839		222		83449		173
840		222		83449		173
841		222		83449		173
842		222		83449		173
843		222		83449		173
844		222		83449		173
845		222		83449		173
846		222		83449		173
847		222		83449		173
848		222		83449		173
849		222		83449		173
850		222		83449		173
851		222		83449		173
852		222		83449		173
853		222		83449		173
854		222		83449		173
855		222		83449		173
856		222		83449		173
857		222		83449		173
858		222		83449		173
859		222		83449		173
860		222		83449		173
861		222		83449		173
862		222		83449		173
863		222		83449		173
864		222		83449		173
865		222		83449		173
866		222		83449		173
867		222		83449		173
868		222		83449		173
869		222		83449		173
870		222		83449		173
871		222		83449		173
872		222		83449		173
873		222		83449		173
874		222		83449		173
875		222		83449		173
876		222		83449		173
877		222		83449		173
878		222		83449		173
879		222		83449		173
880		222		83449		173
881		222		83449		173
882		222		83449		173
883		222		83449		173
884		222		83449		173
885		222		83449		173
886		222		83449		173
887		222		83449		173
888		222		83449		173
889		222		83449		173
890		222		83449		173
891		222		83449		173
892		222		83449		173
893		222		83449		173
894		222		83449		173
895		222		83449		173
896		222		83449		173
897		222		83449		173
898		222		83449		173
899		222		83449		173
900		222		83449		173
901		222		83449		173
902		222		83449		173
903		222		83449		173
904		222		83449		173
905		222		83449		173
906		222		83449		173
907		222		83449		173
908		222		83449		173
909		222		83449		173
910		222		83449		173
911		222		83449		173
912		222		83449		173
913		222		83449		173
914		222		83449		173
915		222		83449		173
916		222		83449		173
917		222		83449		173
918		222		83449		173
919		222		83449		173
920		222		83449		173
921		222		83449		173
922		222		83449		173
923		222		83449		173
924		222		83449		173
925		222		83449		173
926		222		83449		173
927		222		83449		173
928		222		83449		173
929		222		83449		173
930		222		83449		173
931		222		83449		173
932		222		83449		173
933		222		83449		173
934		222		83449		173
935		222		83449		173
936		222		83449		173
937		222		83449		173
938		222		83449		173
939		222		83449		173
940		222		83449		173
941		222		83449		173
942		222		83449		173
943		222		83449		173
944		222		83449		173
945		222		83449		173
946		222		83449		173
947		222		83449		173
948		222		83449		173
949		222		83449		173
950		222		83449		173
951		222		83449		173
952		222		83449		173
953		222		83449		173
954		222		83449		173
955		222		83449		173
956		222		83449		173
957		222		83449		173
958		222		83449		173
959		222		83449		173
960		222		83449		173
961		222		83449		173
962		222		83449		173
963		222		83449		173
964		222		83449		173
965		222		83449		173
966		222		83449		173
967		222		83449		173
968		222		83449		173
969		222		83449		173
970		222		83449		173
971		222		83449		173
972		222		83449		173
973		222		83449		173
974		222		83449		173
975		222		83449		173
976		222		83449		173
977		222		83449		173
978		222		83449		173
979		222		83449		173
980		222		83449		173
981		222		83449		173
982		222		83449		173
983		222		83449		173
984		222		83449		173
985		222		83449		173
986		222		83449		173
987		222		83449		173
988		222		83449		173
989		222		83449		173
990		222		83449		173
991		222		83449		173
992		222		83449		173
993		222		83449		173
994		222		83449		173
995		222		83449		173
996		222		83449		173
997		222		83449		173
998		222		83449		173
999		222		83449		173
