Running the full pipeline
0 [3150179630, 2180477170, 2057530064, 1215420429, 435387710, 1764598628, 3663772568, 3672639856, 2039130756, 2909602180, 301844247, 723184064]
1 [1753339157, 1225159212, 587764710, 1743815391, 4283899236, 4035541320, 3123152044, 132099303, 2208977462, 2281386712, 2355165298, 4200560050]
2 [949547667, 1191466976, 2035527108, 1769208227, 3168018568, 3038435937, 2132408612, 894368512, 3567618887, 2786084664, 2090206104, 1215599612]
3 [2574415436, 4176974480, 987490558, 370627834, 580552150, 137033083, 2311916319, 4221617391, 1021960693, 3372579813, 1815878125, 1373339738]
4 [1691023255, 3958672105, 1741883776, 4227801911, 3210951386, 531290987, 4187818011, 1204015611, 3017529399, 1125220749, 3575497015, 268234019]
5 [274127577, 3928303094, 2239285412, 3238519657, 1878943813, 4174939519, 1218892387, 2499876652, 3309964622, 623148690, 3949522850, 422251949]
6 [1526729201, 282255354, 1046656398, 3871744331, 312844397, 706277177, 1993071915, 2076120073, 3060100112, 2865487906, 733706060, 3496346287]
7 [797791576, 341406584, 2641094122, 854537303, 3029477046, 1286865297, 2094344351, 361550260, 1182059880, 1471356934, 728361034, 3214316472]
8 [1219757194, 3168867502, 2145085384, 654855189, 2965700192, 496901215, 2359421603, 2105357220, 4156931188, 3231435161, 1129216638, 606248356]
9 [4031310143, 1640751368, 1518227834, 1340074118, 1362851851, 502728665, 2193804833, 131738871, 3000095223, 4134756870, 4142004444, 4075435174]
10 [2971608012, 2030004869, 1686817853, 1786455344, 4046938665, 2355073792, 502547499, 2778234046, 1726793053, 884264217, 1859550579, 532882791]
11 [392232458, 1522409424, 2580404528, 2296926343, 2916323049, 2626199936, 263458676, 3368376176, 495206210, 3034058214, 1715805489, 2549301754]
12 [894571985, 2503484847, 4137269136, 2813676152, 1013566568, 1199777390, 1677393094, 2476718203, 4179414219, 4101988952, 3476820945, 982823131]
13 [3616818586, 897431374, 1435386374, 340563406, 2277445866, 616074725, 1741720092, 1908920906, 3303118815, 336712851, 2262502596, 2667768548]
14 [389252350, 3172753873, 1312008863, 1879659048, 965580860, 2562468835, 2375455723, 1240591701, 1767022369, 2126831030, 3659044152, 2243962941]
15 [4011254576, 918281376, 2120536210, 2940747119, 2272979697, 2083278252, 3872537081, 1930054478, 3405498389, 2747627774, 1122539487, 2539223162]
16 [1595447557, 3374979975, 2119513362, 3421027299, 3615832462, 1400119681, 2029744243, 641608924, 2922125522, 3472770396, 1843469914, 708259128]
17 [3872272723, 1834303738, 1691913635, 1875611772, 3986910806, 208265459, 1184626296, 591251250, 97379994, 1405308949, 696495675, 1871567473]
18 [138995591, 2570959909, 3971840709, 4279191471, 3729681866, 1108135867, 2626582076, 2314125737, 1245170554, 2665830227, 1683965492, 3039008641]
19 [193219215, 1357126116, 2568438579, 1644171453, 270572256, 1300636767, 3857140346, 2531358810, 2197952457, 2788174140, 2015708918, 830804262]
[]
