# Migration is number of nodes that have changed color.

Round		Edge-Cut		Swaps		Migrations		Skipped
0		8888		4718		3046
1		8011		9437		2975
2		7481		14157		3057
3		7150		18874		3037
4		6773		23593		3060
5		6495		28310		3047
6		6295		33025		3081
7		6184		37738		3073
8		5966		42453		3075
9		5860		47164		3084
10		5817		51877		3115
11		5627		56592		3112
12		5528		61308		3102
13		5447		66026		3122
14		5411		70741		3132
15		5292		75451		3099
16		5290		80162		3108
17		5268		84875		3143
18		5244		89589		3139
19		5171		94305		3153
20		5123		99015		3145
21		5048		103731		3158
22		5004		108444		3152
23		5013		113161		3155
24		4912		117874		3152
25		4934		122585		3139
26		4905		127298		3135
27		4867		132012		3143
28		4819		136722		3174
29		4822		141433		3178
30		4792		146144		3178
31		4761		150856		3164
32		4753		155573		3178
33		4744		160283		3178
34		4732		164997		3196
35		4686		169712		3205
36		4703		174425		3187
37		4620		179139		3204
38		4607		183852		3196
39		4628		188565		3198
40		4635		193281		3228
41		4609		197993		3206
42		4551		202711		3190
43		4495		207428		3195
44		4485		212144		3205
45		4466		216859		3190
46		4454		221576		3223
47		4416		226287		3221
48		4406		231000		3215
49		4396		235716		3189
50		4359		240430		3184
51		4348		245137		3199
52		4325		249853		3197
53		4288		254560		3205
54		4277		259271		3228
55		4306		263986		3197
56		4329		268697		3203
57		4269		273410		3190
58		4241		278126		3223
59		4236		282840		3239
60		4235		287556		3206
61		4237		292272		3206
62		4221		296988		3202
63		4200		301696		3225
64		4159		306407		3232
65		4155		311121		3237
66		4164		315834		3230
67		4111		320549		3219
68		4110		325261		3228
69		4152		329973		3239
70		4109		334686		3226
71		4118		339398		3227
72		4118		344111		3239
73		4118		348823		3234
74		4112		353534		3260
75		4104		358243		3247
76		4086		362951		3222
77		4069		367668		3210
78		4057		372376		3207
79		4049		377089		3203
80		4040		381803		3224
81		4056		386518		3216
82		4008		391237		3207
83		4021		395945		3204
84		4005		400662		3204
85		3975		405373		3220
86		3980		410086		3209
87		3974		414800		3213
88		3960		419514		3229
89		3956		424226		3228
90		3950		428938		3218
91		3914		433653		3218
92		3921		438369		3225
93		3885		443085		3227
94		3868		447798		3229
95		3861		452507		3214
96		3884		457221		3235
97		3886		461935		3218
98		3901		466649		3218
99		3910		471363		3225
100		3898		476079		3250
101		3905		480794		3246
102		3900		485506		3234
103		3885		490221		3231
104		3901		494937		3223
105		3894		499651		3205
106		3870		504364		3222
107		3838		509082		3218
108		3815		513799		3220
109		3842		518513		3226
110		3845		523227		3220
111		3837		527942		3245
112		3850		532655		3244
113		3842		537364		3237
114		3842		542082		3237
115		3839		546796		3234
116		3828		551509		3244
117		3834		556225		3244
118		3846		560941		3243
119		3866		565655		3238
120		3876		570371		3246
121		3841		575090		3239
122		3814		579804		3241
123		3807		584517		3237
124		3790		589232		3242
125		3814		593946		3235
126		3784		598658		3233
127		3774		603371		3248
128		3764		608079		3253
129		3775		612792		3255
130		3749		617506		3243
131		3751		622221		3236
132		3745		626934		3247
133		3734		631642		3240
134		3741		636358		3244
135		3738		641068		3240
136		3756		645783		3265
137		3777		650493		3245
138		3765		655204		3266
139		3761		659918		3265
140		3740		664628		3251
141		3754		669343		3263
142		3751		674052		3283
143		3761		678765		3277
144		3732		683480		3271
145		3734		688189		3263
146		3728		692901		3266
147		3711		697612		3271
148		3721		702324		3269
149		3730		707036		3282
150		3726		711750		3266
151		3722		716460		3265
152		3736		721172		3277
153		3701		725888		3279
154		3696		730604		3279
155		3675		735316		3282
156		3696		740030		3269
157		3712		744746		3270
158		3662		749460		3271
159		3631		754174		3274
160		3642		758886		3270
161		3669		763601		3272
162		3639		768314		3261
163		3645		773030		3256
164		3621		777740		3247
165		3609		782452		3248
166		3620		787158		3249
167		3612		791871		3256
168		3618		796581		3274
169		3612		801297		3263
170		3635		806006		3261
171		3631		810722		3254
172		3591		815434		3249
173		3589		820144		3268
174		3573		824861		3250
175		3615		829574		3263
176		3603		834289		3261
177		3601		839007		3267
178		3600		843726		3260
179		3602		848444		3254
180		3601		853160		3285
181		3597		857871		3285
182		3598		862585		3278
183		3592		867299		3285
184		3622		872011		3268
185		3597		876726		3284
186		3599		881441		3281
187		3592		886156		3255
188		3620		890875		3256
189		3571		895592		3269
190		3593		900307		3267
191		3586		905018		3263
192		3564		909732		3263
193		3566		914448		3268
194		3549		919158		3255
195		3536		923876		3262
196		3554		928585		3258
197		3552		933301		3265
198		3500		938015		3259
199		3497		942727		3271
200		3510		947440		3269
201		3528		952156		3271
202		3491		956872		3271
203		3486		961585		3281
204		3482		966297		3274
205		3469		971011		3255
206		3468		975722		3258
207		3463		980438		3272
208		3452		985150		3266
209		3438		989862		3265
210		3435		994575		3258
211		3416		999290		3274
212		3419		1004006		3274
213		3423		1008721		3270
214		3447		1013436		3257
215		3439		1018152		3259
216		3490		1022868		3256
217		3468		1027583		3246
218		3468		1032299		3244
219		3448		1037015		3251
220		3426		1041731		3251
221		3420		1046447		3244
222		3412		1051157		3260
223		3431		1055870		3237
224		3438		1060587		3249
225		3435		1065301		3260
226		3437		1070014		3237
227		3434		1074729		3262
228		3423		1079443		3260
229		3418		1084157		3262
230		3445		1088874		3259
231		3416		1093588		3253
232		3407		1098303		3259
233		3385		1103018		3267
234		3390		1107733		3277
235		3388		1112447		3275
236		3385		1117160		3283
237		3379		1121873		3270
238		3396		1126591		3273
239		3383		1131306		3271
240		3382		1136023		3277
241		3389		1140741		3268
242		3410		1145453		3269
243		3374		1150168		3279
244		3370		1154881		3277
245		3378		1159598		3297
246		3343		1164313		3292
247		3351		1169029		3280
248		3343		1173744		3283
249		3344		1178460		3295
250		3344		1183170		3282
251		3330		1187886		3283
252		3341		1192602		3308
253		3317		1197317		3305
254		3344		1202034		3304
255		3348		1206751		3304
256		3321		1211470		3306
257		3333		1216183		3311
258		3329		1220898		3314
259		3354		1225611		3285
260		3341		1230326		3297
261		3349		1235043		3304
262		3329		1239759		3280
263		3317		1244476		3281
264		3329		1249193		3296
265		3311		1253908		3304
266		3296		1258616		3309
267		3291		1263326		3303
268		3293		1268035		3319
269		3281		1272750		3296
270		3277		1277464		3292
271		3291		1282177		3299
272		3279		1286893		3307
273		3272		1291605		3283
274		3266		1296321		3309
275		3254		1301028		3307
276		3248		1305741		3308
277		3250		1310455		3300
278		3255		1315166		3285
279		3227		1319883		3290
280		3224		1324594		3287
281		3227		1329309		3279
282		3205		1334021		3277
283		3196		1338734		3290
284		3211		1343445		3298
285		3204		1348161		3294
286		3202		1352876		3285
287		3187		1357588		3298
288		3210		1362301		3284
289		3193		1367014		3290
290		3196		1371725		3291
291		3207		1376439		3276
292		3190		1381153		3295
293		3190		1385868		3299
294		3196		1390582		3283
295		3187		1395300		3293
296		3179		1400018		3302
297		3186		1404732		3283
298		3178		1409445		3276
299		3193		1414158		3270
300		3210		1418873		3304
301		3214		1423585		3305
302		3225		1428298		3305
303		3204		1433009		3307
304		3189		1437724		3302
305		3208		1442440		3303
306		3208		1447153		3313
307		3185		1451868		3304
308		3190		1456582		3298
309		3192		1461298		3296
310		3170		1466011		3283
311		3156		1470724		3288
312		3154		1475438		3300
313		3178		1480153		3302
314		3174		1484867		3301
315		3158		1489583		3309
316		3149		1494298		3306
317		3146		1499014		3310
318		3147		1503731		3289
319		3150		1508448		3300
320		3127		1513160		3291
321		3121		1517874		3304
322		3115		1522586		3305
323		3132		1527301		3295
324		3135		1532017		3304
325		3139		1536735		3306
326		3157		1541448		3308
327		3156		1546160		3309
328		3162		1550873		3304
329		3142		1555582		3305
330		3124		1560295		3305
331		3138		1565012		3302
332		3126		1569727		3304
333		3116		1574441		3325
334		3121		1579158		3309
335		3133		1583877		3315
336		3135		1588592		3331
337		3145		1593308		3318
338		3151		1598025		3327
339		3135		1602740		3302
340		3118		1607456		3315
341		3147		1612169		3293
342		3139		1616886		3290
343		3140		1621598		3300
344		3134		1626314		3307
345		3138		1631030		3286
346		3133		1635742		3299
347		3138		1640456		3312
348		3129		1645169		3296
349		3117		1649887		3295
350		3130		1654600		3295
351		3104		1659320		3304
352		3124		1664035		3312
353		3101		1668746		3316
354		3094		1673457		3307
355		3074		1678175		3300
356		3074		1682889		3298
357		3084		1687601		3294
358		3091		1692316		3301
359		3100		1697028		3307
360		3106		1701740		3300
361		3085		1706452		3290
362		3098		1711164		3294
363		3087		1715880		3302
364		3079		1720594		3295
365		3080		1725309		3292
366		3070		1730022		3284
367		3065		1734737		3303
368		3059		1739453		3298
369		3057		1744166		3301
370		3047		1748877		3311
371		3070		1753587		3308
372		3079		1758303		3315
373		3067		1763017		3310
374		3078		1767734		3292
375		3077		1772449		3309
376		3072		1777164		3298
377		3078		1781880		3293
378		3079		1786598		3308
379		3055		1791315		3307
380		3068		1796025		3317
381		3069		1800739		3314
382		3065		1805456		3320
383		3081		1810174		3319
384		3042		1814887		3311
385		3046		1819598		3310
386		3062		1824313		3321
387		3048		1829031		3322
388		3061		1833747		3323
389		3075		1838465		3320
390		3077		1843174		3316
391		3092		1847888		3319
392		3059		1852602		3331
393		3061		1857318		3307
394		3037		1862034		3317
395		3048		1866745		3311
396		3043		1871461		3317
397		3036		1876176		3331
398		3029		1880891		3325
399		3047		1885606		3340
400		3024		1890323		3336
401		3032		1895040		3330
402		3024		1899759		3325
403		3016		1904476		3321
404		3003		1909191		3324
405		3005		1913905		3320
406		2985		1918616		3327
407		3010		1923326		3322
408		2999		1928039		3328
409		3022		1932753		3322
410		3032		1937468		3310
411		3033		1942179		3322
412		3017		1946895		3320
413		3002		1951612		3315
414		2987		1956326		3307
415		2995		1961041		3310
416		2969		1965753		3306
417		2987		1970470		3318
418		2977		1975183		3319
419		2989		1979899		3311
420		2977		1984617		3312
421		2982		1989332		3312
422		2968		1994051		3315
423		2982		1998768		3329
424		2990		2003484		3320
425		2984		2008198		3308
426		2945		2012910		3322
427		2947		2017627		3315
428		2961		2022342		3311
429		2946		2027058		3324
430		2938		2031771		3317
431		2944		2036485		3305
432		2918		2041199		3301
433		2937		2045911		3311
434		2941		2050630		3305
435		2955		2055345		3313
436		2971		2060061		3307
437		2926		2064775		3317
438		2918		2069487		3317
439		2949		2074205		3325
440		2929		2078922		3311
441		2911		2083639		3324
442		2913		2088354		3320
443		2894		2093072		3325
444		2902		2097789		3334
445		2916		2102505		3330
446		2907		2107219		3325
447		2919		2111933		3331
448		2908		2116647		3320
449		2897		2121358		3325
450		2903		2126069		3330
451		2914		2130783		3307
452		2897		2135496		3315
453		2904		2140210		3329
454		2887		2144929		3315
455		2875		2149645		3324
456		2893		2154362		3323
457		2891		2159080		3320
458		2883		2163794		3319
459		2908		2168510		3323
460		2902		2173223		3315
461		2900		2177940		3306
462		2912		2182655		3330
463		2917		2187370		3319
464		2896		2192086		3307
465		2896		2196801		3309
466		2895		2201512		3309
467		2900		2206227		3314
468		2864		2210942		3321
469		2851		2215659		3321
470		2883		2220374		3322
471		2896		2225088		3310
472		2884		2229804		3320
473		2848		2234522		3311
474		2859		2239236		3322
475		2872		2243955		3336
476		2875		2248670		3329
477		2871		2253386		3312
478		2883		2258102		3318
479		2888		2262821		3320
480		2885		2267537		3325
481		2869		2272252		3318
482		2872		2276967		3319
483		2883		2281685		3316
484		2879		2286397		3329
485		2886		2291115		3335
486		2913		2295831		3319
487		2889		2300547		3334
488		2884		2305263		3320
489		2872		2309980		3327
490		2882		2314698		3311
491		2898		2319413		3322
492		2894		2324127		3310
493		2900		2328844		3316
494		2925		2333562		3325
495		2894		2338278		3334
496		2876		2342997		3311
497		2880		2347714		3323
498		2860		2352425		3317
499		2895		2357142		3320
500		2884		2361857		3319
501		2910		2366573		3317
502		2893		2371292		3332
503		2893		2376008		3316
504		2906		2380726		3323
505		2891		2385439		3303
506		2907		2390157		3306
507		2929		2394874		3310
508		2911		2399589		3315
509		2909		2404307		3308
510		2916		2409021		3310
511		2903		2413736		3308
512		2883		2418450		3318
513		2881		2423166		3308
514		2857		2427880		3307
515		2833		2432596		3320
516		2817		2437310		3318
517		2814		2442024		3310
518		2809		2446737		3313
519		2821		2451451		3320
520		2818		2456169		3314
521		2824		2460881		3317
522		2822		2465595		3309
523		2833		2470309		3315
524		2830		2475020		3312
525		2819		2479737		3307
526		2809		2484451		3313
527		2793		2489166		3306
528		2798		2493885		3294
529		2795		2498603		3302
530		2791		2503319		3297
531		2809		2508032		3310
532		2814		2512748		3315
533		2806		2517465		3318
534		2826		2522184		3307
535		2818		2526896		3304
536		2818		2531610		3302
537		2799		2536329		3318
538		2816		2541046		3299
539		2810		2545764		3300
540		2806		2550475		3298
541		2789		2555192		3307
542		2782		2559908		3296
543		2753		2564624		3304
544		2779		2569335		3299
545		2785		2574052		3297
546		2790		2578769		3298
547		2779		2583484		3298
548		2766		2588202		3302
549		2762		2592917		3308
550		2756		2597635		3299
551		2784		2602353		3306
552		2781		2607067		3307
553		2784		2611785		3309
554		2787		2616503		3294
555		2815		2621220		3298
556		2798		2625934		3302
557		2785		2630650		3300
558		2788		2635368		3293
559		2768		2640085		3294
560		2779		2644799		3290
561		2776		2649517		3286
562		2761		2654233		3292
563		2734		2658945		3292
564		2750		2663663		3296
565		2748		2668379		3317
566		2751		2673090		3303
567		2744		2677807		3295
568		2741		2682524		3311
569		2733		2687241		3307
570		2731		2691957		3301
571		2755		2696673		3302
572		2723		2701388		3304
573		2725		2706100		3296
574		2719		2710815		3315
575		2735		2715531		3307
576		2741		2720247		3308
577		2704		2724963		3294
578		2712		2729676		3301
579		2723		2734392		3304
580		2727		2739105		3312
581		2709		2743819		3310
582		2728		2748535		3302
583		2721		2753255		3307
584		2726		2757967		3311
585		2730		2762685		3300
586		2731		2767402		3309
587		2738		2772117		3303
588		2749		2776833		3300
589		2742		2781551		3302
590		2731		2786266		3299
591		2736		2790981		3301
592		2728		2795694		3300
593		2728		2800412		3301
594		2740		2805126		3302
595		2750		2809845		3309
596		2739		2814562		3304
597		2725		2819279		3313
598		2709		2823995		3314
599		2690		2828709		3320
600		2705		2833429		3309
601		2725		2838144		3321
602		2705		2842861		3323
603		2715		2847579		3332
604		2730		2852293		3332
605		2733		2857007		3318
606		2717		2861720		3338
607		2691		2866437		3327
608		2682		2871152		3339
609		2690		2875869		3340
610		2694		2880587		3333
611		2700		2885304		3336
612		2708		2890020		3345
613		2723		2894735		3339
614		2721		2899446		3344
615		2711		2904165		3348
616		2728		2908881		3343
617		2725		2913599		3354
618		2703		2918312		3341
619		2711		2923029		3345
620		2707		2927745		3332
621		2694		2932464		3330
622		2726		2937181		3325
623		2702		2941898		3316
624		2713		2946613		3331
625		2701		2951327		3325
626		2701		2956038		3308
627		2685		2960754		3322
628		2690		2965469		3313
629		2692		2970187		3323
630		2687		2974902		3327
631		2693		2979618		3318
632		2678		2984335		3323
633		2678		2989051		3317
634		2665		2993764		3327
635		2667		2998477		3323
636		2684		3003190		3332
637		2691		3007903		3338
638		2691		3012618		3335
639		2667		3017331		3335
640		2680		3022049		3324
641		2675		3026762		3333
642		2672		3031480		3334
643		2662		3036193		3317
644		2677		3040909		3324
645		2680		3045624		3329
646		2662		3050339		3334
647		2656		3055058		3337
648		2647		3059772		3332
649		2648		3064491		3325
650		2665		3069205		3322
651		2679		3073920		3329
652		2676		3078636		3320
653		2669		3083351		3331
654		2661		3088065		3319
655		2655		3092782		3321
656		2662		3097499		3332
657		2656		3102218		3318
658		2682		3106936		3318
659		2693		3111651		3331
660		2707		3116363		3323
661		2706		3121078		3314
662		2701		3125791		3316
663		2698		3130510		3318
664		2678		3135226		3300
665		2673		3139943		3312
666		2673		3144662		3306
667		2677		3149381		3313
668		2682		3154097		3326
669		2686		3158811		3303
670		2677		3163525		3313
671		2663		3168239		3309
672		2666		3172955		3325
673		2683		3177673		3311
674		2658		3182387		3306
675		2662		3187104		3311
676		2671		3191822		3322
677		2700		3196536		3308
678		2678		3201250		3318
679		2703		3205969		3316
680		2688		3210683		3326
681		2676		3215397		3328
682		2689		3220112		3323
683		2674		3224825		3322
684		2675		3229540		3312
685		2672		3234252		3307
686		2669		3238970		3302
687		2666		3243683		3308
688		2671		3248398		3324
689		2663		3253115		3322
690		2673		3257831		3319
691		2671		3262547		3314
692		2662		3267260		3320
693		2652		3271975		3321
694		2632		3276689		3312
695		2646		3281407		3315
696		2647		3286122		3317
697		2650		3290836		3312
698		2645		3295554		3301
699		2655		3300267		3309
700		2653		3304981		3303
701		2666		3309697		3310
702		2659		3314413		3319
703		2647		3319133		3310
704		2670		3323852		3300
705		2655		3328567		3315
706		2655		3333284		3320
707		2660		3337998		3319
708		2653		3342713		3315
709		2645		3347427		3307
710		2656		3352146		3306
711		2644		3356862		3312
712		2643		3361579		3322
713		2657		3366295		3315
714		2655		3371011		3308
715		2649		3375727		3314
716		2645		3380440		3302
717		2638		3385154		3297
718		2662		3389868		3306
719		2654		3394582		3305
720		2644		3399299		3318
721		2627		3404017		3302
722		2631		3408733		3303
723		2641		3413449		3310
724		2635		3418161		3305
725		2638		3422876		3313
726		2631		3427591		3317
727		2648		3432307		3327
728		2664		3437019		3330
729		2640		3441734		3318
730		2647		3446451		3319
731		2647		3451163		3321
732		2641		3455875		3325
733		2635		3460587		3334
734		2640		3465305		3322
735		2635		3470022		3310
736		2644		3474740		3305
737		2653		3479457		3308
738		2638		3484172		3320
739		2643		3488891		3308
740		2643		3493606		3306
741		2647		3498325		3317
742		2655		3503041		3314
743		2670		3507754		3306
744		2668		3512470		3313
745		2654		3517185		3306
746		2658		3521899		3313
747		2641		3526611		3309
748		2653		3531326		3316
749		2644		3536041		3315
750		2665		3540757		3312
751		2658		3545475		3319
752		2663		3550192		3316
753		2670		3554909		3314
754		2644		3559626		3305
755		2643		3564340		3308
756		2660		3569056		3300
757		2644		3573772		3304
758		2654		3578486		3303
759		2629		3583200		3297
760		2643		3587913		3299
761		2650		3592629		3290
762		2651		3597345		3297
763		2646		3602063		3303
764		2667		3606779		3305
765		2653		3611495		3296
766		2631		3616206		3306
767		2637		3620923		3299
768		2630		3625637		3299
769		2626		3630354		3300
770		2643		3635072		3296
771		2635		3639789		3295
772		2621		3644507		3307
773		2624		3649224		3309
774		2625		3653942		3317
775		2628		3658659		3309
776		2624		3663375		3305
777		2622		3668091		3309
778		2626		3672806		3296
779		2607		3677522		3285
780		2615		3682237		3304
781		2630		3686952		3288
782		2625		3691669		3297
783		2629		3696386		3290
784		2655		3701101		3291
785		2641		3705815		3294
786		2635		3710527		3299
787		2641		3715240		3298
788		2650		3719957		3292
789		2651		3724673		3306
790		2650		3729389		3301
791		2644		3734103		3306
792		2629		3738819		3293
793		2634		3743535		3286
794		2629		3748249		3302
795		2619		3752963		3304
796		2632		3757678		3305
797		2607		3762389		3305
798		2625		3767106		3311
799		2619		3771824		3304
800		2634		3776539		3321
801		2626		3781256		3313
802		2617		3785964		3307
803		2624		3790680		3307
804		2630		3795397		3313
805		2616		3800113		3315
806		2619		3804830		3316
807		2622		3809543		3312
808		2628		3814255		3316
809		2628		3818969		3315
810		2619		3823679		3310
811		2627		3828397		3300
812		2620		3833108		3298
813		2611		3837821		3305
814		2599		3842538		3296
815		2607		3847255		3306
816		2612		3851972		3305
817		2603		3856687		3306
818		2600		3861403		3304
819		2578		3866120		3309
820		2583		3870833		3307
821		2581		3875548		3313
822		2578		3880263		3308
823		2575		3884977		3313
824		2597		3889691		3306
825		2588		3894401		3308
826		2581		3899116		3301
827		2583		3903833		3303
828		2593		3908550		3302
829		2580		3913262		3302
830		2604		3917977		3301
831		2583		3922692		3296
832		2575		3927405		3300
833		2570		3932124		3307
834		2590		3936840		3292
835		2606		3941554		3312
836		2605		3946267		3301
837		2601		3950981		3300
838		2590		3955695		3296
839		2596		3960414		3299
840		2597		3965129		3305
841		2578		3969844		3295
842		2597		3974557		3301
843		2603		3979271		3291
844		2580		3983985		3288
845		2578		3988704		3291
846		2575		3993417		3295
847		2594		3998130		3295
848		2587		4002850		3304
849		2572		4007563		3298
850		2568		4012279		3302
851		2584		4016993		3296
852		2581		4021706		3292
853		2596		4026425		3291
854		2575		4031142		3278
855		2581		4035857		3298
856		2579		4040569		3279
857		2573		4045288		3293
858		2581		4050005		3290
859		2589		4054720		3294
860		2596		4059436		3301
861		2603		4064148		3294
862		2592		4068865		3298
863		2583		4073583		3301
864		2587		4078300		3306
865		2581		4083014		3292
866		2593		4087731		3288
867		2599		4092446		3307
868		2597		4097164		3301
869		2587		4101880		3296
870		2588		4106597		3300
871		2605		4111312		3303
872		2592		4116028		3295
873		2588		4120741		3307
874		2586		4125457		3306
875		2572		4130173		3308
876		2583		4134886		3298
877		2583		4139601		3302
878		2557		4144313		3300
879		2569		4149027		3303
880		2572		4153746		3311
881		2582		4158460		3300
882		2568		4163173		3315
883		2566		4167890		3318
884		2557		4172608		3308
885		2557		4177323		3295
886		2562		4182040		3304
887		2556		4186752		3318
888		2574		4191466		3306
889		2581		4196182		3320
890		2586		4200898		3305
891		2562		4205610		3310
892		2563		4210329		3306
893		2566		4215048		3314
894		2576		4219766		3308
895		2575		4224485		3315
896		2557		4229204		3316
897		2573		4233923		3316
898		2559		4238640		3311
899		2588		4243355		3321
900		2607		4248069		3313
901		2591		4252786		3329
902		2605		4257504		3312
903		2619		4262218		3304
904		2600		4266935		3317
905		2613		4271649		3319
906		2608		4276364		3303
907		2585		4281077		3312
908		2601		4285794		3317
909		2586		4290510		3318
910		2605		4295227		3316
911		2581		4299945		3318
912		2573		4304661		3320
913		2567		4309377		3301
914		2590		4314094		3309
915		2610		4318807		3315
916		2612		4323526		3308
917		2606		4328243		3316
918		2593		4332961		3319
919		2588		4337678		3310
920		2602		4342395		3319
921		2590		4347113		3309
922		2582		4351824		3312
923		2576		4356540		3306
924		2576		4361256		3316
925		2561		4365973		3316
926		2570		4370690		3313
927		2560		4375402		3295
928		2559		4380117		3302
929		2560		4384834		3297
930		2562		4389551		3299
931		2572		4394268		3300
932		2566		4398983		3302
933		2574		4403697		3302
934		2565		4408412		3320
935		2574		4413125		3311
936		2550		4417837		3328
937		2565		4422555		3328
938		2566		4427270		3322
939		2544		4431986		3315
940		2549		4436703		3313
941		2534		4441418		3315
942		2540		4446133		3315
943		2542		4450849		3317
944		2560		4455565		3322
945		2542		4460282		3319
946		2560		4464999		3324
947		2544		4469717		3319
948		2555		4474430		3323
949		2540		4479146		3314
950		2560		4483857		3317
951		2559		4488570		3311
952		2541		4493282		3316
953		2531		4497999		3313
954		2539		4502714		3326
955		2543		4507432		3309
956		2539		4512147		3306
957		2535		4516860		3307
958		2544		4521571		3301
959		2554		4526288		3305
960		2541		4531004		3319
961		2563		4535721		3316
962		2569		4540437		3311
963		2585		4545152		3322
964		2572		4549870		3312
965		2555		4554584		3326
966		2536		4559296		3315
967		2554		4564014		3317
968		2563		4568732		3304
969		2571		4573447		3319
970		2541		4578163		3318
971		2526		4582877		3320
972		2539		4587593		3320
973		2556		4592311		3324
974		2542		4597028		3324
975		2569		4601742		3327
976		2553		4606460		3326
977		2553		4611178		3311
978		2536		4615891		3310
979		2540		4620607		3329
980		2538		4625325		3333
981		2544		4630041		3326
982		2549		4634759		3320
983		2546		4639475		3319
984		2539		4644186		3310
985		2519		4648905		3319
986		2519		4653622		3315
987		2506		4658338		3317
988		2527		4663052		3305
989		2518		4667767		3309
990		2536		4672481		3316
991		2538		4677198		3310
992		2540		4681914		3304
993		2530		4686629		3305
994		2516		4691347		3310
995		2518		4696064		3302
996		2522		4700782		3319
997		2530		4705496		3304
998		2534		4710213		3300
999		2539		4714930		3307
1000		2520		4719644		3313
1001		2500		4724361		3311
1002		2513		4729074		3312
1003		2521		4733788		3309
1004		2539		4738505		3323
1005		2534		4743219		3326
1006		2531		4747936		3324
1007		2521		4752655		3312
1008		2507		4757374		3326
1009		2502		4762093		3316
1010		2508		4766809		3307
1011		2494		4771520		3311
1012		2497		4776237		3312
1013		2519		4780953		3317
1014		2529		4785670		3330
1015		2515		4790385		3339
1016		2490		4795100		3327
1017		2511		4799817		3326
1018		2522		4804532		3315
1019		2511		4809251		3317
1020		2522		4813969		3321
1021		2522		4818687		3304
1022		2505		4823397		3310
1023		2494		4828114		3311
1024		2486		4832831		3311
1025		2486		4837544		3312
1026		2476		4842257		3312
1027		2491		4846974		3324
1028		2490		4851690		3306
1029		2504		4856404		3320
1030		2486		4861120		3330
1031		2485		4865836		3339
1032		2477		4870554		3317
1033		2467		4875274		3330
1034		2475		4879988		3320
1035		2463		4884707		3326
1036		2465		4889424		3326
1037		2467		4894140		3321
1038		2464		4898851		3319
1039		2474		4903565		3328
1040		2464		4908282		3326
1041		2450		4912995		3328
1042		2469		4917711		3320
1043		2468		4922427		3316
1044		2458		4927145		3314
1045		2476		4931863		3315
1046		2449		4936583		3326
1047		2451		4941297		3312
1048		2455		4946010		3319
1049		2464		4950727		3324
1050		2480		4955439		3320
1051		2495		4960155		3313
1052		2466		4964868		3314
1053		2459		4969586		3328
1054		2449		4974303		3326
1055		2434		4979023		3305
1056		2439		4983739		3315
1057		2428		4988451		3311
1058		2449		4993168		3318
1059		2454		4997886		3311
1060		2456		5002603		3312
1061		2454		5007314		3320
1062		2464		5012031		3310
1063		2455		5016747		3315
1064		2448		5021461		3324
1065		2466		5026177		3322
1066		2467		5030891		3311
1067		2451		5035606		3303
1068		2455		5040324		3304
1069		2446		5045040		3309
1070		2440		5049756		3309
1071		2440		5054471		3312
1072		2445		5059187		3311
1073		2450		5063899		3311
1074		2453		5068613		3315
1075		2449		5073332		3311
1076		2462		5078041		3306
1077		2475		5082757		3319
1078		2459		5087474		3306
1079		2482		5092191		3304
1080		2473		5096907		3304
1081		2482		5101622		3309
1082		2482		5106340		3303
1083		2479		5111059		3306
1084		2495		5115776		3320
1085		2479		5120489		3314
1086		2487		5125205		3333
1087		2503		5129921		3316
1088		2492		5134636		3319
1089		2494		5139355		3319
1090		2479		5144072		3321
1091		2483		5148786		3313
1092		2499		5153504		3309
1093		2506		5158219		3322
1094		2493		5162938		3312
1095		2490		5167654		3331
1096		2502		5172373		3312
1097		2498		5177089		3322
1098		2508		5181805		3315
1099		2504		5186521		3312
1100		2488		5191240		3306
1101		2495		5195957		3312
1102		2486		5200669		3326
1103		2485		5205388		3313
1104		2494		5210108		3310
1105		2480		5214826		3300
1106		2475		5219541		3306
1107		2460		5224260		3299
1108		2461		5228973		3308
1109		2481		5233686		3315
1110		2473		5238401		3313
1111		2464		5243115		3315
1112		2434		5247831		3310
1113		2425		5252546		3313
1114		2428		5257263		3303
1115		2437		5261979		3301
1116		2460		5266692		3301
1117		2452		5271411		3319
1118		2454		5276127		3310
1119		2453		5280846		3313
1120		2438		5285563		3304
1121		2428		5290280		3309
1122		2432		5294998		3307
1123		2449		5299714		3308
1124		2437		5304427		3300
1125		2431		5309143		3308
1126		2434		5313860		3306
1127		2453		5318573		3313
1128		2451		5323291		3305
1129		2450		5328006		3305
1130		2446		5332724		3308
1131		2438		5337439		3302
1132		2443		5342156		3310
1133		2452		5346872		3307
1134		2463		5351589		3313
1135		2461		5356304		3307
1136		2460		5361020		3312
1137		2468		5365733		3296
1138		2469		5370450		3316
1139		2467		5375166		3315
1140		2456		5379882		3314
1141		2436		5384598		3307
1142		2438		5389311		3300
1143		2446		5394030		3312
1144		2436		5398748		3312
1145		2446		5403466		3312
1146		2438		5408180		3312
1147		2449		5412892		3301
1148		2457		5417607		3291
1149		2439		5422320		3298
1150		2448		5427038		3307
1151		2446		5431756		3308
1152		2443		5436473		3313
1153		2448		5441192		3308
1154		2464		5445907		3300
1155		2467		5450624		3317
1156		2435		5455343		3318
1157		2416		5460059		3311
1158		2412		5464774		3315
1159		2414		5469487		3308
1160		2435		5474204		3326
1161		2459		5478921		3320
1162		2438		5483636		3311
1163		2423		5488353		3303
1164		2428		5493066		3304
1165		2426		5497784		3320
1166		2426		5502499		3295
1167		2450		5507215		3301
1168		2438		5511929		3309
1169		2462		5516646		3300
1170		2459		5521362		3300
1171		2444		5526077		3299
1172		2450		5530793		3307
1173		2452		5535509		3304
1174		2479		5540227		3315
1175		2488		5544942		3312
1176		2474		5549660		3316
1177		2465		5554377		3322
1178		2462		5559093		3319
1179		2451		5563811		3313
1180		2452		5568528		3313
1181		2444		5573245		3328
1182		2446		5577959		3325
1183		2457		5582674		3318
1184		2463		5587389		3319
1185		2480		5592108		3313
1186		2476		5596824		3317
1187		2460		5601539		3323
1188		2439		5606253		3319
1189		2446		5610969		3321
1190		2438		5615686		3309
1191		2447		5620400		3310
1192		2439		5625118		3312
1193		2451		5629835		3314
1194		2441		5634550		3294
1195		2436		5639265		3302
1196		2443		5643982		3304
1197		2416		5648696		3313
1198		2436		5653413		3308
1199		2444		5658126		3310
1200		2448		5662844		3311
1201		2429		5667562		3305
1202		2433		5672282		3312
1203		2435		5676997		3321
1204		2426		5681711		3325
1205		2421		5686427		3319
1206		2442		5691144		3312
1207		2421		5695857		3315
1208		2425		5700576		3302
1209		2424		5705295		3316
1210		2431		5710013		3321
1211		2436		5714733		3315
1212		2449		5719449		3313
1213		2457		5724167		3314
1214		2434		5728881		3312
1215		2411		5733595		3307
1216		2411		5738314		3316
1217		2428		5743029		3309
1218		2432		5747748		3313
1219		2439		5752465		3316
1220		2435		5757185		3319
1221		2424		5761904		3324
1222		2396		5766622		3314
1223		2408		5771338		3315
1224		2412		5776054		3307
1225		2407		5780770		3305
1226		2420		5785490		3318
1227		2429		5790209		3323
1228		2412		5794929		3320
1229		2404		5799646		3309
1230		2419		5804361		3323
1231		2424		5809077		3329
1232		2422		5813789		3321
1233		2417		5818505		3316
1234		2400		5823220		3314
1235		2399		5827936		3310
1236		2399		5832651		3321
1237		2388		5837368		3328
1238		2397		5842083		3334
1239		2391		5846802		3331
1240		2395		5851521		3335
1241		2399		5856239		3335
1242		2409		5860956		3324
1243		2400		5865675		3338
1244		2400		5870393		3332
1245		2398		5875108		3329
1246		2380		5879825		3323
1247		2379		5884542		3322
1248		2372		5889255		3321
1249		2383		5893972		3337
1250		2367		5898689		3329
1251		2376		5903404		3326
1252		2384		5908120		3329
1253		2382		5912839		3322
1254		2392		5917556		3321
1255		2385		5922269		3329
1256		2373		5926987		3320
1257		2375		5931704		3323
1258		2379		5936421		3318
1259		2400		5941138		3317
1260		2382		5945849		3320
1261		2400		5950566		3325
1262		2410		5955284		3325
1263		2392		5960004		3316
1264		2390		5964722		3327
1265		2404		5969435		3344
1266		2378		5974151		3338
1267		2382		5978868		3335
1268		2382		5983587		3315
1269		2374		5988302		3336
1270		2375		5993017		3330
1271		2383		5997734		3333
1272		2384		6002451		3339
1273		2371		6007167		3339
1274		2383		6011883		3319
1275		2388		6016596		3329
1276		2389		6021312		3333
1277		2392		6026030		3334
1278		2392		6030747		3324
1279		2400		6035464		3325
1280		2395		6040182		3332
1281		2387		6044897		3340
1282		2363		6049613		3339
1283		2377		6054327		3336
1284		2369		6059041		3343
1285		2369		6063758		3337
1286		2349		6068471		3335
1287		2363		6073187		3337
1288		2383		6077905		3342
1289		2369		6082621		3341
1290		2375		6087335		3338
1291		2375		6092051		3332
1292		2389		6096768		3340
1293		2383		6101486		3334
1294		2380		6106206		3332
1295		2375		6110923		3316
1296		2365		6115642		3323
1297		2383		6120360		3331
1298		2366		6125077		3327
1299		2366		6129793		3324
1300		2372		6134510		3328
1301		2367		6139229		3331
1302		2365		6143943		3325
1303		2338		6148662		3332
1304		2340		6153378		3330
1305		2342		6158098		3333
1306		2335		6162814		3335
1307		2356		6167531		3326
1308		2346		6172247		3330
1309		2341		6176966		3335
1310		2352		6181682		3323
1311		2351		6186396		3328
1312		2371		6191113		3335
1313		2370		6195832		3329
1314		2376		6200548		3343
1315		2384		6205264		3326
1316		2388		6209983		3328
1317		2405		6214697		3345
1318		2390		6219413		3334
1319		2387		6224130		3338
1320		2382		6228847		3340
1321		2390		6233564		3328
1322		2396		6238278		3337
1323		2412		6242998		3343
1324		2383		6247717		3349
1325		2393		6252432		3333
1326		2394		6257149		3341
1327		2373		6261865		3355
1328		2375		6266580		3351
1329		2378		6271297		3336
1330		2363		6276014		3337
1331		2365		6280733		3330
1332		2371		6285448		3340
1333		2364		6290160		3338
1334		2348		6294875		3353
1335		2366		6299594		3344
1336		2365		6304313		3345
1337		2349		6309029		3350
1338		2355		6313747		3349
1339		2371		6318467		3342
1340		2361		6323181		3332
1341		2357		6327896		3342
1342		2382		6332612		3342
1343		2364		6337327		3337
1344		2362		6342046		3335
1345		2359		6346762		3347
1346		2350		6351475		3343
1347		2351		6356192		3344
1348		2350		6360911		3353
1349		2334		6365627		3345
1350		2351		6370342		3339
1351		2353		6375057		3348
1352		2352		6379773		3340
1353		2347		6384492		3334
1354		2370		6389207		3348
1355		2365		6393924		3327
1356		2352		6398639		3346
1357		2353		6403357		3340
1358		2348		6408073		3341
1359		2357		6412787		3339
1360		2348		6417500		3340
1361		2335		6422217		3333
1362		2325		6426931		3331
1363		2325		6431645		3339
1364		2339		6436364		3340
1365		2335		6441079		3340
1366		2333		6445792		3342
1367		2331		6450507		3343
1368		2355		6455224		3344
1369		2330		6459940		3336
1370		2343		6464655		3336
1371		2359		6469373		3336
1372		2344		6474090		3339
1373		2344		6478802		3332
1374		2355		6483519		3329
1375		2339		6488236		3333
1376		2345		6492947		3342
1377		2339		6497664		3340
1378		2348		6502381		3332
1379		2343		6507096		3342
1380		2338		6511813		3342
1381		2324		6516530		3341
1382		2338		6521242		3337
1383		2326		6525959		3335
1384		2330		6530676		3338
1385		2334		6535394		3333
1386		2345		6540110		3341
1387		2367		6544828		3326
1388		2372		6549546		3333
1389		2374		6554259		3318
1390		2372		6558978		3333
1391		2361		6563695		3328
1392		2359		6568413		3333
1393		2360		6573129		3325
1394		2374		6577844		3318
1395		2378		6582560		3330
1396		2367		6587279		3330
1397		2357		6591996		3324
1398		2349		6596711		3325
1399		2351		6601427		3333
1400		2349		6606145		3333
1401		2347		6610864		3326
1402		2312		6615582		3324
1403		2309		6620299		3324
1404		2321		6625015		3319
1405		2314		6629734		3319
1406		2331		6634451		3325
1407		2349		6639164		3332
1408		2326		6643883		3321
1409		2326		6648601		3322
1410		2314		6653317		3317
1411		2336		6658033		3321
1412		2322		6662747		3316
1413		2324		6667465		3310
1414		2306		6672182		3319
1415		2312		6676900		3319
1416		2314		6681615		3325
1417		2334		6686334		3328
1418		2326		6691052		3319
1419		2294		6695766		3318
1420		2309		6700483		3328
1421		2293		6705201		3329
1422		2309		6709921		3315
1423		2301		6714637		3323
1424		2291		6719355		3323
1425		2299		6724071		3331
1426		2313		6728786		3322
1427		2309		6733500		3332
1428		2301		6738216		3333
1429		2302		6742932		3324
1430		2309		6747645		3324
1431		2310		6752361		3325
1432		2322		6757079		3332
1433		2325		6761797		3323
1434		2330		6766513		3324
1435		2325		6771228		3333
1436		2343		6775946		3320
1437		2337		6780662		3333
1438		2318		6785377		3323
1439		2332		6790095		3324
1440		2317		6794812		3324
1441		2328		6799527		3318
1442		2324		6804244		3307
1443		2317		6808959		3323
1444		2335		6813675		3321
1445		2333		6818390		3316
1446		2319		6823104		3316
1447		2322		6827818		3320
1448		2305		6832534		3323
1449		2292		6837251		3322
1450		2306		6841967		3325
1451		2318		6846683		3307
1452		2314		6851399		3313
1453		2321		6856109		3318
1454		2320		6860828		3318
1455		2326		6865545		3322
1456		2322		6870262		3324
1457		2315		6874980		3323
1458		2306		6879695		3309
1459		2308		6884410		3317
1460		2304		6889126		3324
1461		2298		6893842		3314
1462		2298		6898557		3320
1463		2324		6903274		3318
1464		2324		6907988		3323
1465		2323		6912699		3322
1466		2322		6917414		3328
1467		2326		6922128		3318
1468		2321		6926845		3315
1469		2321		6931560		3316
1470		2323		6936276		3315
1471		2304		6940990		3320
1472		2310		6945704		3317
1473		2327		6950418		3336
1474		2320		6955136		3318
1475		2319		6959854		3322
1476		2300		6964566		3323
1477		2300		6969282		3315
1478		2294		6973999		3325
1479		2315		6978717		3334
1480		2319		6983432		3325
1481		2309		6988149		3323
1482		2309		6992868		3330
1483		2305		6997584		3338
1484		2312		7002300		3345
1485		2308		7007013		3333
1486		2293		7011730		3341
1487		2313		7016447		3334
1488		2320		7021165		3335
1489		2296		7025881		3332
1490		2292		7030596		3331
1491		2296		7035311		3325
1492		2290		7040029		3333
1493		2272		7044747		3340
1494		2291		7049465		3332
1495		2284		7054180		3340
1496		2261		7058895		3329
1497		2279		7063612		3329
1498		2282		7068327		3325
1499		2284		7073044		3315
1500		2279		7077759		3312
1501		2298		7082474		3331
1502		2286		7087189		3332
1503		2284		7091908		3329
1504		2277		7096624		3321
1505		2272		7101342		3323
1506		2274		7106059		3328
1507		2275		7110774		3334
1508		2270		7115492		3335
1509		2263		7120210		3332
1510		2282		7124923		3342
1511		2273		7129642		3340
1512		2265		7134362		3346
1513		2280		7139079		3338
1514		2292		7143794		3336
1515		2307		7148508		3338
1516		2297		7153225		3335
1517		2295		7157945		3335
1518		2302		7162665		3334
1519		2301		7167380		3336
1520		2287		7172096		3338
1521		2288		7176814		3336
1522		2283		7181530		3341
1523		2274		7186245		3335
1524		2281		7190964		3334
1525		2280		7195681		3327
1526		2277		7200395		3340
1527		2265		7205110		3335
1528		2273		7209823		3331
1529		2267		7214539		3349
1530		2271		7219254		3342
1531		2276		7223968		3346
1532		2265		7228685		3329
1533		2284		7233405		3335
1534		2272		7238120		3337
1535		2275		7242837		3346
1536		2264		7247551		3344
1537		2273		7252267		3348
1538		2283		7256986		3344
1539		2279		7261702		3336
1540		2279		7266418		3343
1541		2283		7271135		3341
1542		2285		7275854		3339
1543		2294		7280572		3346
1544		2285		7285289		3342
1545		2277		7290008		3339
1546		2272		7294725		3336
1547		2261		7299443		3344
1548		2276		7304157		3349
1549		2274		7308870		3340
1550		2266		7313586		3339
1551		2270		7318304		3337
1552		2267		7323022		3335
1553		2262		7327740		3334
1554		2282		7332455		3341
1555		2264		7337174		3340
1556		2275		7341890		3336
1557		2269		7346608		3341
1558		2272		7351324		3330
1559		2267		7356039		3339
1560		2263		7360757		3328
1561		2257		7365475		3341
1562		2266		7370192		3342
1563		2260		7374908		3336
1564		2267		7379623		3335
1565		2258		7384337		3335
1566		2275		7389052		3333
1567		2263		7393770		3342
1568		2250		7398485		3330
1569		2245		7403200		3339
1570		2240		7407917		3346
1571		2241		7412634		3346
1572		2243		7417351		3339
1573		2255		7422068		3330
1574		2248		7426784		3340
1575		2250		7431495		3337
1576		2244		7436210		3330
1577		2261		7440928		3334
1578		2263		7445645		3330
1579		2279		7450360		3332
1580		2275		7455076		3339
1581		2277		7459791		3332
1582		2273		7464509		3335
1583		2262		7469229		3335
1584		2253		7473948		3337
1585		2246		7478666		3330
1586		2250		7483382		3331
1587		2242		7488098		3341
1588		2244		7492814		3338
1589		2264		7497531		3344
1590		2266		7502247		3330
1591		2248		7506963		3330
1592		2258		7511679		3329
1593		2246		7516398		3331
1594		2249		7521115		3337
1595		2261		7525833		3339
1596		2239		7530550		3331
1597		2233		7535266		3325
1598		2251		7539985		3328
1599		2276		7544704		3332
1600		2283		7549422		3336
1601		2271		7554138		3337
1602		2270		7558851		3335
1603		2257		7563566		3327
1604		2250		7568284		3342
1605		2256		7573000		3333
1606		2265		7577715		3339
1607		2254		7582431		3339
1608		2262		7587149		3349
1609		2279		7591866		3336
1610		2261		7596583		3341
1611		2269		7601298		3340
1612		2266		7606013		3335
1613		2260		7610731		3330
1614		2255		7615449		3331
1615		2274		7620163		3337
1616		2260		7624878		3340
1617		2256		7629596		3337
1618		2258		7634311		3349
1619		2274		7639030		3335
1620		2281		7643745		3335
1621		2257		7648463		3333
1622		2265		7653179		3328
1623		2267		7657894		3331
1624		2263		7662611		3329
1625		2263		7667329		3339
1626		2253		7672045		3338
1627		2269		7676762		3342
1628		2274		7681477		3334
1629		2276		7686192		3344
1630		2274		7690911		3333
1631		2280		7695630		3337
1632		2250		7700346		3346
1633		2238		7705063		3337
1634		2242		7709779		3349
1635		2240		7714495		3344
1636		2266		7719210		3331
1637		2259		7723928		3338
1638		2255		7728645		3339
1639		2258		7733363		3341
1640		2262		7738081		3345
1641		2287		7742796		3350
1642		2271		7747512		3347
1643		2267		7752228		3345
1644		2274		7756945		3339
1645		2266		7761661		3333
1646		2277		7766380		3333
1647		2257		7771096		3332
1648		2265		7775811		3336
1649		2275		7780528		3327
1650		2269		7785245		3330
1651		2281		7789961		3333
1652		2267		7794679		3330
1653		2270		7799394		3332
1654		2270		7804109		3342
1655		2285		7808824		3323
1656		2268		7813539		3325
1657		2256		7818252		3331
1658		2262		7822968		3340
1659		2258		7827682		3340
1660		2251		7832399		3336
1661		2254		7837119		3339
1662		2265		7841834		3333
1663		2263		7846550		3343
1664		2272		7851268		3344
1665		2246		7855983		3340
1666		2249		7860697		3329
1667		2265		7865412		3329
1668		2255		7870128		3336
1669		2253		7874843		3333
1670		2243		7879562		3340
1671		2259		7884280		3332
1672		2254		7888996		3325
1673		2247		7893710		3322
1674		2260		7898425		3329
1675		2247		7903143		3328
1676		2282		7907857		3326
1677		2269		7912574		3320
1678		2267		7917289		3317
1679		2264		7922007		3322
1680		2256		7926726		3318
1681		2241		7931443		3310
1682		2231		7936160		3308
1683		2233		7940875		3315
1684		2244		7945588		3323
1685		2225		7950306		3329
1686		2230		7955021		3323
1687		2230		7959739		3323
1688		2246		7964456		3324
1689		2238		7969172		3332
1690		2226		7973890		3323
1691		2223		7978605		3325
1692		2231		7983320		3324
1693		2245		7988038		3323
1694		2235		7992755		3326
1695		2239		7997473		3319
1696		2250		8002188		3329
1697		2254		8006902		3324
1698		2260		8011617		3324
1699		2234		8016331		3327
1700		2230		8021045		3338
1701		2240		8025761		3321
1702		2238		8030480		3326
1703		2241		8035198		3338
1704		2238		8039916		3328
1705		2235		8044629		3324
1706		2237		8049346		3330
1707		2235		8054064		3324
1708		2224		8058781		3328
1709		2236		8063499		3330
1710		2237		8068217		3324
1711		2221		8072935		3330
1712		2224		8077653		3326
1713		2230		8082372		3328
1714		2223		8087088		3328
1715		2229		8091803		3313
1716		2223		8096521		3317
1717		2234		8101236		3325
1718		2214		8105954		3324
1719		2240		8110671		3325
1720		2241		8115388		3324
1721		2227		8120106		3315
1722		2228		8124823		3318
1723		2231		8129540		3321
1724		2219		8134258		3321
1725		2232		8138972		3321
1726		2236		8143688		3318
1727		2216		8148404		3325
1728		2218		8153120		3332
1729		2233		8157839		3352
1730		2220		8162557		3337
1731		2208		8167274		3339
1732		2211		8171990		3327
1733		2232		8176705		3323
1734		2233		8181420		3324
1735		2232		8186136		3310
1736		2233		8190855		3322
1737		2231		8195572		3315
1738		2219		8200290		3316
1739		2221		8205003		3327
1740		2221		8209718		3319
1741		2217		8214437		3323
1742		2221		8219155		3331
1743		2232		8223870		3323
1744		2230		8228589		3320
1745		2236		8233308		3316
1746		2227		8238024		3318
1747		2216		8242737		3319
1748		2227		8247456		3309
1749		2228		8252174		3319
1750		2236		8256892		3318
1751		2229		8261608		3321
1752		2233		8266324		3321
1753		2238		8271040		3322
1754		2238		8275757		3322
1755		2240		8280474		3313
1756		2224		8285193		3325
1757		2234		8289910		3325
1758		2244		8294630		3329
1759		2243		8299349		3324
1760		2220		8304069		3324
1761		2218		8308785		3330
1762		2229		8313503		3327
1763		2209		8318217		3322
1764		2216		8322931		3328
1765		2217		8327648		3327
1766		2225		8332367		3317
1767		2224		8337083		3328
1768		2222		8341800		3330
1769		2217		8346516		3330
1770		2216		8351232		3331
1771		2206		8355951		3331
1772		2208		8360669		3331
1773		2203		8365386		3316
1774		2204		8370105		3321
1775		2219		8374823		3321
1776		2215		8379539		3323
1777		2216		8384254		3321
1778		2217		8388970		3323
1779		2230		8393686		3327
1780		2223		8398405		3337
1781		2213		8403121		3335
1782		2210		8407838		3325
1783		2229		8412556		3322
1784		2228		8417272		3306
1785		2217		8421988		3315
1786		2219		8426702		3314
1787		2217		8431417		3313
1788		2211		8436135		3328
1789		2197		8440850		3317
1790		2206		8445565		3316
1791		2222		8450283		3318
1792		2219		8455001		3318
1793		2223		8459720		3317
1794		2207		8464432		3320
1795		2210		8469148		3328
1796		2210		8473860		3332
1797		2194		8478578		3336
1798		2216		8483294		3326
1799		2214		8488008		3334
1800		2213		8492723		3333
1801		2221		8497441		3330
1802		2203		8502158		3338
1803		2195		8506875		3336
1804		2203		8511591		3332
1805		2199		8516309		3324
1806		2213		8521026		3314
1807		2226		8525740		3313
1808		2223		8530457		3328
1809		2210		8535175		3320
1810		2217		8539892		3329
1811		2213		8544604		3324
1812		2205		8549323		3324
1813		2192		8554037		3329
1814		2189		8558748		3331
1815		2197		8563464		3324
1816		2197		8568180		3324
1817		2206		8572899		3326
1818		2195		8577614		3328
1819		2202		8582332		3320
1820		2201		8587047		3319
1821		2207		8591764		3318
1822		2210		8596481		3338
1823		2209		8601200		3336
1824		2198		8605919		3337
1825		2202		8610636		3350
1826		2216		8615354		3342
1827		2230		8620066		3327
1828		2220		8624785		3336
1829		2215		8629502		3338
1830		2203		8634219		3327
1831		2219		8638935		3330
1832		2207		8643653		3331
1833		2208		8648371		3333
1834		2216		8653088		3336
1835		2204		8657807		3326
1836		2195		8662525		3329
1837		2211		8667240		3333
1838		2216		8671959		3333
1839		2210		8676677		3328
1840		2213		8681394		3323
1841		2208		8686111		3320
1842		2204		8690828		3329
1843		2220		8695544		3325
1844		2194		8700260		3321
1845		2203		8704974		3326
1846		2192		8709693		3324
1847		2199		8714410		3324
1848		2204		8719128		3321
1849		2208		8723845		3318
1850		2214		8728561		3328
1851		2195		8733278		3329
1852		2194		8737996		3324
1853		2190		8742712		3319
1854		2185		8747429		3322
1855		2180		8752149		3317
1856		2190		8756864		3321
1857		2209		8761580		3318
1858		2205		8766297		3317
1859		2197		8771014		3321
1860		2197		8775733		3322
1861		2211		8780451		3326
1862		2212		8785170		3336
1863		2203		8789884		3333
1864		2203		8794602		3326
1865		2218		8799321		3326
1866		2201		8804040		3324
1867		2200		8808756		3321
1868		2206		8813473		3326
1869		2213		8818192		3327
1870		2216		8822908		3324
1871		2208		8827625		3336
1872		2205		8832342		3326
1873		2216		8837058		3325
1874		2180		8841771		3317
1875		2192		8846489		3319
1876		2187		8851208		3327
1877		2187		8855927		3327
1878		2191		8860644		3330
1879		2185		8865363		3327
1880		2188		8870082		3322
1881		2188		8874800		3324
1882		2195		8879518		3310
1883		2197		8884234		3322
1884		2184		8888951		3329
1885		2192		8893667		3341
1886		2193		8898385		3333
1887		2205		8903100		3334
1888		2198		8907816		3332
1889		2182		8912533		3338
1890		2182		8917250		3335
1891		2178		8921968		3322
1892		2168		8926685		3322
1893		2191		8931402		3331
1894		2184		8936118		3322
1895		2192		8940833		3334
1896		2194		8945550		3334
1897		2165		8950265		3327
1898		2186		8954982		3337
1899		2192		8959695		3337
1900		2189		8964414		3336
1901		2189		8969131		3336
1902		2193		8973849		3324
1903		2177		8978566		3329
1904		2193		8983282		3333
1905		2179		8987999		3331
1906		2174		8992718		3333
1907		2169		8997437		3337
1908		2153		9002152		3330
1909		2141		9006870		3331
1910		2157		9011590		3319
1911		2166		9016307		3330
1912		2176		9021025		3335
1913		2161		9025740		3332
1914		2170		9030460		3328
1915		2178		9035176		3335
1916		2175		9039893		3328
1917		2174		9044611		3339
1918		2185		9049328		3330
1919		2179		9054043		3332
1920		2180		9058759		3327
1921		2208		9063475		3340
1922		2196		9068192		3342
1923		2200		9072904		3332
1924		2201		9077622		3325
1925		2206		9082342		3335
1926		2191		9087057		3334
1927		2201		9091776		3323
1928		2211		9096491		3335
1929		2207		9101207		3330
1930		2206		9105926		3330
1931		2194		9110642		3331
1932		2196		9115357		3329
1933		2199		9120076		3339
1934		2208		9124794		3344
1935		2221		9129511		3334
1936		2224		9134227		3346
1937		2216		9138945		3341
1938		2226		9143664		3341
1939		2217		9148382		3337
1940		2218		9153099		3338
1941		2222		9157818		3332
1942		2228		9162534		3340
1943		2217		9167251		3321
1944		2216		9171968		3330
1945		2215		9176684		3322
1946		2206		9181399		3315
1947		2200		9186117		3311
1948		2217		9190835		3309
1949		2222		9195550		3307
1950		2206		9200268		3311
1951		2196		9204981		3313
1952		2178		9209696		3305
1953		2169		9214410		3310
1954		2169		9219126		3316
1955		2172		9223840		3300
1956		2173		9228558		3311
1957		2162		9233276		3312
1958		2173		9237992		3314
1959		2169		9242710		3325
1960		2165		9247426		3326
1961		2157		9252143		3319
1962		2155		9256862		3320
1963		2170		9261577		3334
1964		2160		9266293		3334
1965		2154		9271009		3323
1966		2181		9275725		3340
1967		2169		9280443		3334
1968		2173		9285162		3336
1969		2176		9289876		3323
1970		2174		9294593		3325
1971		2173		9299309		3331
1972		2175		9304022		3327
1973		2171		9308738		3323
1974		2183		9313453		3319
1975		2183		9318171		3321
1976		2178		9322887		3324
1977		2184		9327604		3328
1978		2193		9332323		3324
1979		2192		9337042		3333
1980		2179		9341758		3336
1981		2166		9346477		3330
1982		2160		9351192		3322
1983		2167		9355908		3319
1984		2172		9360624		3317
1985		2161		9365342		3328
1986		2171		9370060		3320
1987		2177		9374776		3317
1988		2165		9379495		3329
1989		2162		9384212		3314
1990		2160		9388931		3322
1991		2177		9393648		3327
1992		2165		9398365		3321
1993		2183		9403085		3328
1994		2183		9407801		3329
1995		2183		9412517		3324
1996		2190		9417233		3326
1997		2213		9421953		3326
1998		2201		9426669		3332
1999		2199		9431386		3329
